3,1,672.94,174.42,75.72,66.80,1.00,-1,-1,-1
3,2,736.87,175.71,244.87,176.37,1.00,-1,-1,-1
3,3,686.70,172.85,130.71,99.19,1.00,-1,-1,-1
3,4,644.65,167.15,41.37,40.22,1.00,-1,-1,-1
3,6,661.48,177.58,55.16,46.22,1.00,-1,-1,-1
4,1,674.13,174.66,77.83,67.07,1.00,-1,-1,-1
4,2,745.07,168.71,275.19,201.72,1.00,-1,-1,-1
4,3,690.33,173.22,138.71,104.00,1.00,-1,-1,-1
4,4,644.71,166.66,43.55,40.76,1.00,-1,-1,-1
4,6,663.96,177.24,55.98,47.51,0.99,-1,-1,-1
6,1,677.99,173.69,85.07,70.88,1.00,-1,-1,-1
6,3,700.15,171.50,164.31,114.62,1.00,-1,-1,-1
6,4,646.17,164.55,43.89,42.69,1.00,-1,-1,-1
6,6,665.70,175.65,62.43,52.47,1.00,-1,-1,-1
8,1,681.72,173.55,94.78,77.68,1.00,-1,-1,-1
8,3,706.41,170.63,196.67,134.04,1.00,-1,-1,-1
8,4,646.98,164.02,45.88,45.91,1.00,-1,-1,-1
8,6,669.32,175.89,67.37,56.26,1.00,-1,-1,-1
8,7,629.78,175.04,26.67,24.59,0.94,-1,-1,-1
9,1,684.97,174.57,101.43,82.07,1.00,-1,-1,-1
9,3,711.40,171.37,225.43,149.36,1.00,-1,-1,-1
9,4,647.76,163.13,48.02,49.31,1.00,-1,-1,-1
9,6,671.67,175.40,70.59,60.55,1.00,-1,-1,-1
15,1,687.01,178.99,101.67,80.59,1.00,-1,-1,-1
15,3,713.51,175.78,197.18,134.86,1.00,-1,-1,-1
15,4,651.62,164.17,55.05,55.42,1.00,-1,-1,-1
15,6,644.26,178.12,42.60,38.44,1.00,-1,-1,-1
22,3,717.39,181.40,178.38,128.81,1.00,-1,-1,-1
22,4,658.95,162.44,70.74,69.01,1.00,-1,-1,-1
22,5,70.92,193.60,239.53,158.38,1.00,-1,-1,-1
22,6,633.43,179.71,33.29,31.41,1.00,-1,-1,-1
24,3,725.92,183.74,197.86,143.05,1.00,-1,-1,-1
24,4,654.35,168.59,67.40,62.55,0.99,-1,-1,-1
24,5,151.57,192.33,156.37,102.23,1.00,-1,-1,-1
24,6,631.21,179.77,34.57,30.59,1.00,-1,-1,-1
24,1,671.93,163.89,90.29,82.50,1.00,-1,-1,-1
25,3,733.58,183.25,226.24,155.93,1.00,-1,-1,-1
25,4,652.87,172.13,64.69,57.25,0.73,-1,-1,-1
25,6,630.05,178.68,37.00,31.10,1.00,-1,-1,-1
25,1,670.46,159.48,89.76,84.45,1.00,-1,-1,-1
27,3,751.40,182.83,278.24,180.47,1.00,-1,-1,-1
27,4,653.50,170.32,67.06,58.26,1.00,-1,-1,-1
27,6,629.95,175.38,39.29,33.10,1.00,-1,-1,-1
27,1,673.68,154.84,94.21,90.33,1.00,-1,-1,-1
28,4,654.88,171.33,70.23,59.98,1.00,-1,-1,-1
28,6,630.94,175.57,40.49,33.44,1.00,-1,-1,-1
28,1,676.32,153.72,101.00,95.87,1.00,-1,-1,-1
29,4,656.12,173.12,74.97,60.03,1.00,-1,-1,-1
29,6,630.34,176.63,44.04,34.54,1.00,-1,-1,-1
29,1,678.07,153.06,108.68,99.19,1.00,-1,-1,-1
30,4,657.57,173.71,76.06,61.47,1.00,-1,-1,-1
30,6,630.94,176.63,45.62,35.82,1.00,-1,-1,-1
30,1,680.72,152.08,113.72,103.31,1.00,-1,-1,-1
32,4,660.82,172.29,80.46,63.97,1.00,-1,-1,-1
32,6,633.33,174.30,46.07,36.59,1.00,-1,-1,-1
32,1,685.51,148.27,124.80,110.79,1.00,-1,-1,-1
33,4,663.69,170.60,83.94,66.98,1.00,-1,-1,-1
33,6,635.19,171.95,47.11,38.44,1.00,-1,-1,-1
33,9,139.12,187.67,212.48,134.08,1.00,-1,-1,-1
33,1,691.17,145.10,134.57,117.72,1.00,-1,-1,-1
34,4,665.52,170.24,89.11,69.19,1.00,-1,-1,-1
34,6,636.37,171.21,49.01,39.82,1.00,-1,-1,-1
34,9,106.82,188.81,226.26,144.42,1.00,-1,-1,-1
34,1,694.57,143.37,146.79,124.31,1.00,-1,-1,-1
35,4,668.36,171.74,92.67,71.65,1.00,-1,-1,-1
35,6,637.09,172.88,50.77,40.85,1.00,-1,-1,-1
35,9,72.26,191.30,236.03,157.43,1.00,-1,-1,-1
35,1,698.35,143.19,160.63,131.47,1.00,-1,-1,-1
36,4,671.76,172.17,98.15,76.07,1.00,-1,-1,-1
36,5,32.26,145.26,84.72,89.96,0.73,-1,-1,-1
36,6,637.81,174.56,53.16,42.19,1.00,-1,-1,-1
36,9,24.98,191.99,257.85,174.98,1.00,-1,-1,-1
36,1,701.09,142.87,176.20,140.63,1.00,-1,-1,-1
37,4,675.03,174.93,102.14,77.19,1.00,-1,-1,-1
37,6,639.19,176.38,54.28,42.91,1.00,-1,-1,-1
37,9,0.08,194.74,253.06,180.14,1.00,-1,-1,-1
37,1,706.79,144.07,191.50,149.71,1.00,-1,-1,-1
37,13,260.79,82.48,57.77,118.13,0.72,-1,-1,-1
38,4,678.26,176.27,108.03,81.36,1.00,-1,-1,-1
38,6,640.64,178.29,56.70,44.15,1.00,-1,-1,-1
38,9,-10.14,198.40,226.00,181.38,1.00,-1,-1,-1
38,1,713.87,144.47,207.51,161.68,1.00,-1,-1,-1
38,13,249.36,81.85,58.74,115.61,0.75,-1,-1,-1
39,4,681.49,177.38,114.47,85.42,1.00,-1,-1,-1
39,6,641.77,180.33,59.16,44.32,1.00,-1,-1,-1
39,9,-9.74,201.02,173.41,180.34,1.00,-1,-1,-1
39,1,718.33,140.52,231.14,179.99,1.00,-1,-1,-1
39,13,236.27,74.81,64.63,124.99,0.72,-1,-1,-1
40,4,684.69,178.96,119.11,90.22,1.00,-1,-1,-1
40,6,643.50,180.64,60.25,46.51,1.00,-1,-1,-1
40,1,725.54,137.13,258.84,197.97,1.00,-1,-1,-1
40,13,224.83,73.82,64.06,129.31,0.44,-1,-1,-1
41,4,687.87,180.43,124.25,94.63,1.00,-1,-1,-1
41,6,645.70,181.75,60.45,47.22,1.00,-1,-1,-1
41,1,740.22,137.84,286.24,211.39,1.00,-1,-1,-1
41,5,-6.27,203.87,127.96,92.91,1.00,-1,-1,-1
42,4,692.06,180.21,131.88,101.10,1.00,-1,-1,-1
42,6,647.68,182.04,60.97,48.92,1.00,-1,-1,-1
42,1,750.02,131.92,326.92,234.23,1.00,-1,-1,-1
42,5,-5.99,204.62,106.07,93.93,0.94,-1,-1,-1
43,4,697.52,181.00,140.31,106.23,1.00,-1,-1,-1
43,6,648.64,182.10,64.00,50.83,1.00,-1,-1,-1
43,1,764.10,122.21,386.55,252.47,0.99,-1,-1,-1
44,4,703.90,180.63,147.17,113.17,1.00,-1,-1,-1
44,6,651.21,181.28,66.64,52.96,1.00,-1,-1,-1
45,4,710.26,179.94,164.50,120.31,1.00,-1,-1,-1
45,6,654.23,180.17,69.31,54.93,1.00,-1,-1,-1
46,4,717.51,179.22,184.55,129.71,1.00,-1,-1,-1
46,6,658.36,179.54,70.39,55.98,1.00,-1,-1,-1
47,4,723.97,179.24,211.82,139.98,1.00,-1,-1,-1
47,6,661.66,178.69,73.17,58.75,1.00,-1,-1,-1
48,4,734.45,179.60,232.16,151.40,1.00,-1,-1,-1
48,6,666.11,179.17,75.27,61.18,1.00,-1,-1,-1
49,4,744.92,180.56,264.32,167.20,1.00,-1,-1,-1
49,6,670.17,179.77,78.02,64.13,1.00,-1,-1,-1
49,14,648.23,175.73,33.46,28.01,0.99,-1,-1,-1
50,6,674.44,180.14,81.93,66.98,1.00,-1,-1,-1
50,14,649.23,175.56,34.25,27.95,0.98,-1,-1,-1
51,6,679.19,179.93,85.09,69.20,1.00,-1,-1,-1
51,14,652.00,175.34,33.80,27.53,0.99,-1,-1,-1
51,15,1047.52,197.18,194.74,176.60,0.99,-1,-1,-1
52,6,684.73,180.55,88.36,71.83,1.00,-1,-1,-1
52,14,654.97,175.17,32.21,28.11,1.00,-1,-1,-1
53,6,689.50,181.84,93.90,74.82,1.00,-1,-1,-1
53,8,1.79,193.64,282.32,183.81,1.00,-1,-1,-1
53,14,658.47,176.06,31.66,28.07,1.00,-1,-1,-1
54,6,694.76,183.11,99.37,78.87,1.00,-1,-1,-1
54,8,-0.22,196.49,235.93,179.68,0.99,-1,-1,-1
54,14,661.77,176.95,32.14,28.54,1.00,-1,-1,-1
55,6,698.65,183.29,108.06,83.99,1.00,-1,-1,-1
55,8,-1.67,200.82,168.66,176.06,0.75,-1,-1,-1
55,14,664.82,177.46,33.08,29.02,0.94,-1,-1,-1
56,6,701.83,182.38,118.54,89.32,1.00,-1,-1,-1
56,14,667.14,176.56,33.47,29.52,1.00,-1,-1,-1
57,6,708.87,182.00,125.17,94.09,1.00,-1,-1,-1
57,14,669.72,176.09,34.26,29.73,1.00,-1,-1,-1
58,4,1003.53,192.74,246.76,184.69,0.86,-1,-1,-1
58,6,711.98,182.03,136.23,98.53,1.00,-1,-1,-1
58,14,671.62,176.31,35.00,30.22,1.00,-1,-1,-1
59,6,722.73,183.01,141.03,105.97,1.00,-1,-1,-1
59,14,673.18,176.78,35.23,30.74,1.00,-1,-1,-1
59,20,692.46,181.10,61.33,45.75,0.98,-1,-1,-1
59,21,662.99,173.28,23.42,25.09,0.74,-1,-1,-1
60,6,727.58,183.37,153.05,112.69,1.00,-1,-1,-1
60,14,675.46,176.90,35.94,31.44,1.00,-1,-1,-1
60,20,693.90,180.79,64.18,48.92,0.94,-1,-1,-1
60,21,664.26,173.67,24.91,25.27,0.94,-1,-1,-1
60,17,4.26,197.07,169.07,108.30,1.00,-1,-1,-1
61,6,731.31,183.95,169.73,118.68,1.00,-1,-1,-1
61,14,677.47,177.03,36.27,32.13,1.00,-1,-1,-1
61,20,696.10,181.52,68.09,49.66,0.99,-1,-1,-1
61,21,664.85,173.37,24.86,25.90,0.96,-1,-1,-1
61,17,0.90,199.47,154.64,112.52,1.00,-1,-1,-1
62,6,738.38,184.75,185.93,128.48,1.00,-1,-1,-1
62,14,679.11,177.68,36.85,32.97,1.00,-1,-1,-1
62,20,698.18,180.95,71.65,53.93,1.00,-1,-1,-1
62,21,666.11,173.31,24.48,26.27,0.91,-1,-1,-1
62,17,-0.42,202.77,134.62,113.91,1.00,-1,-1,-1
63,6,743.62,184.33,207.54,138.75,1.00,-1,-1,-1
63,14,680.88,176.90,37.27,33.66,1.00,-1,-1,-1
63,20,701.15,179.92,76.25,56.66,1.00,-1,-1,-1
63,21,667.98,172.56,24.75,27.27,0.49,-1,-1,-1
63,17,-1.21,205.17,116.53,117.28,1.00,-1,-1,-1
64,6,752.09,183.06,229.71,151.95,1.00,-1,-1,-1
64,14,682.20,175.41,40.43,34.81,1.00,-1,-1,-1
64,20,703.95,178.16,76.70,58.13,1.00,-1,-1,-1
64,21,667.91,171.56,25.65,26.94,0.54,-1,-1,-1
64,17,-0.70,204.30,92.95,118.96,0.97,-1,-1,-1
65,6,758.82,181.38,262.21,170.57,1.00,-1,-1,-1
65,14,683.43,173.38,41.71,35.68,1.00,-1,-1,-1
65,20,708.07,177.14,76.01,59.44,1.00,-1,-1,-1
65,21,669.15,169.17,25.44,27.22,0.93,-1,-1,-1
65,17,-0.39,205.22,60.25,108.24,0.56,-1,-1,-1
66,6,768.99,177.03,298.75,190.07,1.00,-1,-1,-1
66,14,684.43,171.12,42.66,36.64,1.00,-1,-1,-1
66,20,711.15,175.82,78.96,61.39,1.00,-1,-1,-1
66,21,668.65,167.21,26.82,27.99,0.42,-1,-1,-1
67,14,684.92,170.50,43.52,37.48,1.00,-1,-1,-1
67,16,193.22,194.23,263.18,165.22,1.00,-1,-1,-1
67,20,713.61,175.32,82.07,63.92,1.00,-1,-1,-1
67,21,668.33,167.43,27.86,28.02,0.47,-1,-1,-1
68,14,684.59,171.13,43.91,38.51,1.00,-1,-1,-1
68,20,716.43,175.32,84.68,66.61,1.00,-1,-1,-1
68,21,668.60,167.94,28.24,28.69,0.47,-1,-1,-1
69,14,684.11,173.40,44.97,39.17,1.00,-1,-1,-1
69,20,718.96,177.83,87.42,67.62,1.00,-1,-1,-1
70,14,683.79,174.95,45.67,39.69,1.00,-1,-1,-1
70,20,720.55,182.61,93.07,67.75,1.00,-1,-1,-1
71,14,683.96,175.18,47.15,40.81,1.00,-1,-1,-1
71,20,723.69,186.14,97.49,67.99,1.00,-1,-1,-1
72,14,684.21,175.07,49.28,41.64,1.00,-1,-1,-1
72,20,726.55,186.80,103.66,70.40,1.00,-1,-1,-1
78,14,678.19,174.69,56.37,46.94,1.00,-1,-1,-1
78,20,733.99,185.05,143.75,94.78,1.00,-1,-1,-1
80,14,673.05,173.71,61.33,51.02,1.00,-1,-1,-1
80,20,739.19,183.39,178.62,116.50,1.00,-1,-1,-1
81,14,668.71,174.10,64.86,53.48,1.00,-1,-1,-1
81,16,-3.06,219.78,223.89,158.80,0.85,-1,-1,-1
81,20,744.25,184.23,207.52,132.37,1.00,-1,-1,-1
83,14,665.37,172.98,70.10,58.02,1.00,-1,-1,-1
84,14,663.32,171.58,73.67,61.46,1.00,-1,-1,-1
86,14,660.86,169.44,80.11,67.52,1.00,-1,-1,-1
86,27,629.47,166.49,41.23,40.79,0.97,-1,-1,-1
88,14,660.89,169.20,87.01,72.65,1.00,-1,-1,-1
94,14,673.09,169.41,117.53,91.50,1.00,-1,-1,-1
100,14,660.16,165.47,89.90,75.89,0.98,-1,-1,-1
102,20,750.94,165.45,322.75,203.03,1.00,-1,-1,-1
102,29,620.59,174.52,36.77,25.54,0.98,-1,-1,-1
103,29,622.13,175.76,36.48,26.43,1.00,-1,-1,-1
104,29,622.98,176.05,37.13,27.15,1.00,-1,-1,-1
104,31,659.71,162.76,84.67,75.73,0.98,-1,-1,-1
105,24,-8.20,214.97,247.60,162.61,0.87,-1,-1,-1
105,29,624.95,176.32,37.31,27.66,1.00,-1,-1,-1
105,31,662.16,161.69,86.36,79.75,0.99,-1,-1,-1
107,29,628.10,178.02,38.26,29.34,1.00,-1,-1,-1
107,31,670.82,162.76,91.22,86.21,1.00,-1,-1,-1
111,29,632.84,175.25,40.54,31.62,1.00,-1,-1,-1
111,31,684.76,156.05,114.95,106.09,1.00,-1,-1,-1
112,29,635.14,174.87,41.85,32.61,1.00,-1,-1,-1
112,31,691.64,152.79,130.16,119.57,1.00,-1,-1,-1
115,29,638.23,175.60,45.46,33.31,1.00,-1,-1,-1
115,31,703.60,148.16,162.18,142.20,1.00,-1,-1,-1
115,33,624.82,176.43,26.15,21.21,0.82,-1,-1,-1
116,29,639.97,174.66,46.34,34.58,1.00,-1,-1,-1
116,31,713.18,144.76,182.96,159.36,1.00,-1,-1,-1
116,33,626.23,175.78,25.30,21.05,0.78,-1,-1,-1
118,29,641.19,175.27,48.42,35.58,1.00,-1,-1,-1
118,30,283.70,185.88,74.98,46.93,0.95,-1,-1,-1
118,31,725.49,140.31,218.99,186.99,1.00,-1,-1,-1
118,33,626.27,175.97,26.27,21.63,0.92,-1,-1,-1
119,29,642.36,175.51,49.00,36.86,1.00,-1,-1,-1
119,30,276.52,184.81,73.89,52.98,0.29,-1,-1,-1
119,31,734.42,135.53,252.95,209.06,1.00,-1,-1,-1
119,33,626.28,175.95,27.81,22.18,0.45,-1,-1,-1
123,29,645.73,175.43,52.75,40.26,1.00,-1,-1,-1
123,30,250.61,185.14,85.19,54.96,1.00,-1,-1,-1
123,31,763.46,120.61,385.23,242.22,0.93,-1,-1,-1
123,33,629.31,176.77,26.58,22.05,0.39,-1,-1,-1
124,29,647.89,175.28,54.90,41.93,1.00,-1,-1,-1
124,33,629.94,175.68,27.65,23.30,0.87,-1,-1,-1
125,29,650.23,174.96,56.40,42.89,1.00,-1,-1,-1
125,33,630.67,175.09,27.47,23.92,0.72,-1,-1,-1
129,29,651.71,174.57,61.87,46.79,1.00,-1,-1,-1
129,33,631.56,174.69,28.10,24.19,0.93,-1,-1,-1
129,31,956.07,140.88,293.64,235.75,0.99,-1,-1,-1
134,29,646.63,178.49,67.41,50.85,1.00,-1,-1,-1
134,33,623.60,177.37,30.35,26.32,0.79,-1,-1,-1
134,31,834.25,135.83,103.69,136.89,0.70,-1,-1,-1
143,30,69.96,186.02,121.80,76.78,1.00,-1,-1,-1
143,34,521.74,190.03,83.62,65.53,1.00,-1,-1,-1
143,35,515.80,189.42,55.83,47.23,0.99,-1,-1,-1
143,36,499.47,187.86,35.01,28.97,0.93,-1,-1,-1
144,34,505.20,192.79,85.79,67.76,1.00,-1,-1,-1
144,36,497.29,191.96,52.94,44.40,0.90,-1,-1,-1
144,37,474.54,190.84,36.77,29.35,0.91,-1,-1,-1
145,34,480.84,197.26,86.74,68.52,1.00,-1,-1,-1
145,36,480.64,195.30,56.56,47.83,0.96,-1,-1,-1
145,37,456.07,194.20,36.60,29.74,0.90,-1,-1,-1
146,34,444.89,199.72,89.38,70.58,1.00,-1,-1,-1
146,37,428.60,195.44,38.74,32.36,0.92,-1,-1,-1
147,34,408.41,199.98,92.32,72.50,1.00,-1,-1,-1
148,34,368.63,200.78,96.23,75.49,1.00,-1,-1,-1
149,34,325.41,202.14,100.08,78.57,1.00,-1,-1,-1
151,34,240.47,204.53,110.16,85.22,1.00,-1,-1,-1
152,34,167.53,206.23,121.94,90.93,1.00,-1,-1,-1
154,34,53.98,210.92,129.13,105.39,1.00,-1,-1,-1
155,41,403.01,1.25,15.30,23.11,0.74,-1,-1,-1
159,38,1095.45,181.86,128.08,86.55,1.00,-1,-1,-1
160,38,1072.54,181.09,161.73,101.54,1.00,-1,-1,-1
160,40,1008.94,174.50,86.98,55.28,1.00,-1,-1,-1
161,40,966.45,173.23,76.47,55.79,1.00,-1,-1,-1
161,43,944.79,173.45,59.54,43.27,0.81,-1,-1,-1
165,38,1043.75,186.35,185.25,159.25,0.93,-1,-1,-1
165,42,782.89,173.33,59.80,45.53,0.99,-1,-1,-1
165,46,783.22,176.28,82.45,52.76,1.00,-1,-1,-1
165,52,758.07,173.59,31.23,24.41,0.99,-1,-1,-1
168,38,1045.75,186.28,192.46,187.34,0.96,-1,-1,-1
168,42,734.24,175.56,74.29,54.00,1.00,-1,-1,-1
168,50,670.25,176.05,40.88,26.71,1.00,-1,-1,-1
168,54,706.55,176.99,60.12,47.26,1.00,-1,-1,-1
169,38,1055.31,189.63,183.70,194.99,0.97,-1,-1,-1
169,42,712.82,176.37,76.47,58.55,1.00,-1,-1,-1
169,50,689.06,176.88,60.09,44.05,1.00,-1,-1,-1
169,55,660.98,176.66,35.54,25.81,1.00,-1,-1,-1
170,38,1083.25,195.10,156.80,192.02,0.98,-1,-1,-1
170,42,696.21,176.13,78.73,61.81,1.00,-1,-1,-1
170,50,684.49,176.87,65.00,50.08,1.00,-1,-1,-1
170,55,652.86,176.48,34.35,26.30,1.00,-1,-1,-1
171,42,665.77,175.96,68.24,56.03,1.00,-1,-1,-1
171,50,686.66,177.46,80.84,60.60,1.00,-1,-1,-1
171,55,642.00,176.43,33.44,26.17,1.00,-1,-1,-1
172,42,648.53,176.12,65.63,52.68,1.00,-1,-1,-1
172,50,680.19,177.30,88.68,66.11,1.00,-1,-1,-1
172,55,627.21,176.20,33.51,26.24,1.00,-1,-1,-1
173,42,637.51,175.65,66.23,52.40,1.00,-1,-1,-1
173,50,671.88,176.74,94.06,69.83,1.00,-1,-1,-1
173,55,616.60,175.83,33.45,26.42,1.00,-1,-1,-1
174,42,630.28,175.22,67.15,52.41,1.00,-1,-1,-1
174,50,665.13,176.22,97.69,71.79,1.00,-1,-1,-1
174,55,608.88,175.72,33.85,26.47,1.00,-1,-1,-1
175,42,625.33,175.77,69.05,53.50,1.00,-1,-1,-1
175,50,660.01,177.19,99.63,73.37,1.00,-1,-1,-1
175,55,602.97,176.45,34.79,26.77,1.00,-1,-1,-1
176,42,622.79,176.66,72.45,54.60,1.00,-1,-1,-1
176,50,657.56,178.24,101.78,74.09,1.00,-1,-1,-1
176,55,599.38,177.11,35.39,27.15,1.00,-1,-1,-1
177,42,621.74,176.70,74.14,55.90,1.00,-1,-1,-1
177,50,656.80,178.40,104.25,76.59,1.00,-1,-1,-1
177,55,597.12,177.39,36.48,28.09,1.00,-1,-1,-1
178,42,622.73,176.89,76.32,57.89,1.00,-1,-1,-1
178,50,657.76,179.20,107.97,79.84,1.00,-1,-1,-1
178,55,596.37,177.75,37.42,28.56,1.00,-1,-1,-1
179,42,624.77,177.28,79.61,60.26,1.00,-1,-1,-1
179,50,659.70,179.47,114.28,82.79,1.00,-1,-1,-1
179,55,597.61,177.79,37.81,29.14,1.00,-1,-1,-1
180,42,627.47,176.50,81.87,62.40,1.00,-1,-1,-1
180,50,664.32,178.79,121.25,86.61,1.00,-1,-1,-1
180,55,599.80,177.33,38.51,29.84,1.00,-1,-1,-1
181,42,630.95,177.05,85.74,64.65,1.00,-1,-1,-1
181,50,669.67,179.12,128.26,90.90,1.00,-1,-1,-1
181,55,602.57,177.57,38.60,30.00,1.00,-1,-1,-1
184,42,640.95,177.56,95.78,70.24,1.00,-1,-1,-1
184,50,686.37,179.57,149.22,104.49,1.00,-1,-1,-1
184,55,609.53,177.47,39.98,31.37,1.00,-1,-1,-1
189,50,683.00,177.93,146.68,103.00,1.00,-1,-1,-1
189,53,-11.01,198.90,275.28,176.11,1.00,-1,-1,-1
189,55,622.91,176.35,43.42,33.72,1.00,-1,-1,-1
190,50,685.55,176.90,153.24,105.61,1.00,-1,-1,-1
190,53,-11.60,198.90,253.71,178.75,1.00,-1,-1,-1
190,55,630.12,175.54,45.38,35.19,1.00,-1,-1,-1
191,50,693.91,176.19,162.16,112.22,1.00,-1,-1,-1
191,53,-8.50,202.39,200.15,176.75,0.93,-1,-1,-1
191,55,635.42,175.34,47.41,36.86,1.00,-1,-1,-1
192,50,698.97,176.94,180.76,121.00,1.00,-1,-1,-1
192,55,639.63,175.57,48.76,38.05,1.00,-1,-1,-1
192,58,632.05,176.56,31.22,25.79,0.90,-1,-1,-1
193,50,707.83,178.06,203.77,132.35,1.00,-1,-1,-1
193,55,643.72,176.65,50.20,38.62,1.00,-1,-1,-1
193,58,633.50,176.67,33.42,27.02,0.98,-1,-1,-1
194,55,647.32,176.36,51.46,40.22,1.00,-1,-1,-1
194,58,636.16,176.33,34.00,27.77,1.00,-1,-1,-1
195,55,650.65,176.21,53.32,40.97,1.00,-1,-1,-1
195,58,639.00,175.90,34.33,28.05,1.00,-1,-1,-1
196,40,963.30,203.15,276.01,173.30,1.00,-1,-1,-1
196,55,653.56,175.88,55.62,43.07,1.00,-1,-1,-1
196,58,641.36,176.16,35.34,28.25,1.00,-1,-1,-1
197,49,-9.89,192.42,289.32,184.80,0.94,-1,-1,-1
197,55,656.54,176.33,57.59,44.64,1.00,-1,-1,-1
197,58,643.58,176.87,35.62,28.68,1.00,-1,-1,-1
198,49,-6.40,184.02,245.16,195.15,0.14,-1,-1,-1
198,55,659.23,176.56,59.65,46.42,1.00,-1,-1,-1
198,58,645.55,177.25,37.02,29.00,1.00,-1,-1,-1
199,55,662.03,176.04,62.62,48.62,1.00,-1,-1,-1
199,58,647.15,176.85,38.29,29.96,1.00,-1,-1,-1
200,55,664.63,175.47,65.97,50.72,1.00,-1,-1,-1
200,58,648.74,176.29,39.98,30.68,1.00,-1,-1,-1
201,55,666.94,176.24,68.97,52.26,1.00,-1,-1,-1
201,58,650.46,176.22,41.00,31.59,1.00,-1,-1,-1
202,55,669.35,176.37,73.50,54.91,1.00,-1,-1,-1
202,58,652.77,176.51,42.52,32.87,1.00,-1,-1,-1
203,55,672.67,176.25,76.50,57.62,1.00,-1,-1,-1
203,58,654.61,176.85,43.23,33.78,1.00,-1,-1,-1
203,61,640.41,177.51,30.39,25.91,0.76,-1,-1,-1
204,55,676.06,175.72,80.11,60.42,1.00,-1,-1,-1
204,58,656.30,176.72,44.96,34.71,1.00,-1,-1,-1
204,61,641.21,177.23,33.28,27.36,0.95,-1,-1,-1
205,55,678.38,175.26,85.41,64.45,1.00,-1,-1,-1
205,58,657.80,176.50,46.27,35.85,1.00,-1,-1,-1
205,61,641.74,177.07,33.70,27.78,0.95,-1,-1,-1
214,55,673.74,179.96,71.70,55.04,1.00,-1,-1,-1
214,58,653.55,181.12,43.65,34.33,1.00,-1,-1,-1
214,61,699.02,185.09,133.47,91.17,1.00,-1,-1,-1
214,49,-1.69,182.51,259.05,193.76,1.00,-1,-1,-1
215,55,672.68,182.90,67.68,52.24,1.00,-1,-1,-1
215,58,653.01,183.90,43.11,34.14,1.00,-1,-1,-1
215,61,721.76,188.56,176.05,119.77,1.00,-1,-1,-1
215,49,0.17,185.33,227.83,190.62,0.95,-1,-1,-1
247,55,672.55,177.25,67.08,53.22,1.00,-1,-1,-1
247,58,649.57,180.35,39.45,30.09,1.00,-1,-1,-1
247,61,729.54,183.47,194.30,129.53,1.00,-1,-1,-1
248,55,674.01,175.52,70.02,55.54,1.00,-1,-1,-1
248,58,648.66,179.37,38.16,28.46,1.00,-1,-1,-1
248,61,735.39,181.24,213.26,136.16,1.00,-1,-1,-1
250,55,677.60,175.30,76.78,60.10,1.00,-1,-1,-1
250,58,649.46,179.99,40.17,28.82,1.00,-1,-1,-1
250,49,5.33,176.30,277.52,194.17,0.49,-1,-1,-1
265,55,673.34,183.73,74.68,53.05,1.00,-1,-1,-1
265,58,632.99,178.41,29.29,22.41,1.00,-1,-1,-1
265,61,769.66,184.49,295.73,185.55,1.00,-1,-1,-1
273,55,688.67,187.19,99.36,66.01,1.00,-1,-1,-1
273,58,627.91,175.13,26.32,20.40,1.00,-1,-1,-1
273,49,3.73,176.52,256.13,174.27,1.00,-1,-1,-1
277,55,704.10,190.42,132.66,86.33,1.00,-1,-1,-1
277,58,626.73,173.94,26.39,20.58,1.00,-1,-1,-1
287,58,627.48,174.84,29.14,23.13,1.00,-1,-1,-1
288,51,-0.84,179.43,95.26,61.53,1.00,-1,-1,-1
288,58,628.24,175.53,30.13,24.21,1.00,-1,-1,-1
297,58,629.25,178.47,34.21,27.00,1.00,-1,-1,-1
299,58,630.37,175.22,36.88,29.02,1.00,-1,-1,-1
309,58,638.65,179.35,43.06,33.51,1.00,-1,-1,-1
310,58,643.36,180.95,45.83,35.70,1.00,-1,-1,-1
319,58,650.82,179.22,54.45,41.74,1.00,-1,-1,-1
320,58,655.51,176.00,58.53,44.73,1.00,-1,-1,-1
320,66,1123.90,164.80,113.69,81.95,0.87,-1,-1,-1
321,58,657.48,178.07,61.59,46.93,1.00,-1,-1,-1
321,66,1156.08,171.22,87.84,78.59,0.20,-1,-1,-1
322,58,658.54,181.95,63.47,48.42,1.00,-1,-1,-1
322,69,646.35,181.85,43.27,35.09,0.84,-1,-1,-1
323,58,660.12,186.63,65.68,49.88,1.00,-1,-1,-1
323,69,646.37,185.66,44.08,35.90,0.96,-1,-1,-1
324,58,660.53,189.09,68.66,51.62,1.00,-1,-1,-1
324,69,647.56,187.94,45.33,36.51,0.81,-1,-1,-1
325,58,661.76,189.41,71.13,53.11,1.00,-1,-1,-1
325,69,648.37,188.28,46.90,37.39,1.00,-1,-1,-1
326,58,663.56,188.06,73.93,54.83,1.00,-1,-1,-1
326,69,650.34,187.32,48.36,38.53,1.00,-1,-1,-1
326,71,1146.81,18.92,95.00,149.41,0.76,-1,-1,-1
327,58,664.85,184.79,77.91,57.36,1.00,-1,-1,-1
327,69,650.20,183.74,49.94,39.53,1.00,-1,-1,-1
329,58,667.31,179.37,84.31,62.24,1.00,-1,-1,-1
329,69,651.68,178.47,52.48,41.11,1.00,-1,-1,-1
330,58,669.46,179.47,89.52,66.56,1.00,-1,-1,-1
330,69,652.85,179.25,54.28,41.81,1.00,-1,-1,-1
330,72,639.47,177.17,35.87,28.75,0.77,-1,-1,-1
331,58,670.47,182.24,96.21,69.17,1.00,-1,-1,-1
331,69,653.36,181.36,55.57,42.94,1.00,-1,-1,-1
331,72,640.25,179.98,36.15,28.85,0.64,-1,-1,-1
332,58,672.87,184.15,101.43,72.70,1.00,-1,-1,-1
332,69,654.40,183.17,57.33,44.30,1.00,-1,-1,-1
332,72,639.90,182.25,37.23,29.24,0.75,-1,-1,-1
333,58,675.41,183.84,108.14,76.73,1.00,-1,-1,-1
333,69,655.10,182.25,57.92,45.03,1.00,-1,-1,-1
333,72,640.00,181.70,38.24,29.58,0.92,-1,-1,-1
334,58,677.39,180.75,116.43,80.18,1.00,-1,-1,-1
334,69,656.39,178.78,58.75,45.45,1.00,-1,-1,-1
334,72,640.64,178.07,38.45,30.10,0.99,-1,-1,-1
335,58,679.69,175.36,125.13,84.52,1.00,-1,-1,-1
335,69,657.43,173.47,60.05,46.80,1.00,-1,-1,-1
335,72,642.20,172.74,39.18,30.58,1.00,-1,-1,-1
336,58,682.47,173.54,133.76,89.99,1.00,-1,-1,-1
336,69,658.13,171.51,63.33,48.17,1.00,-1,-1,-1
336,72,642.92,170.65,40.32,31.16,1.00,-1,-1,-1
337,58,687.01,174.44,143.32,96.53,1.00,-1,-1,-1
337,69,659.24,171.63,65.82,49.71,1.00,-1,-1,-1
337,72,643.65,171.03,41.77,31.99,1.00,-1,-1,-1
338,58,692.02,178.00,156.00,103.47,1.00,-1,-1,-1
338,69,661.18,174.67,68.62,51.16,1.00,-1,-1,-1
338,72,644.74,173.57,42.93,33.36,1.00,-1,-1,-1
339,58,700.52,182.38,168.64,111.48,1.00,-1,-1,-1
339,69,663.95,178.07,72.60,53.60,1.00,-1,-1,-1
339,72,646.97,177.18,43.64,34.04,1.00,-1,-1,-1
339,75,690.68,180.60,100.71,76.19,1.00,-1,-1,-1
340,58,709.56,184.22,184.97,122.59,1.00,-1,-1,-1
340,69,667.38,179.17,75.07,55.12,1.00,-1,-1,-1
340,72,648.72,178.58,45.13,34.78,1.00,-1,-1,-1
340,75,694.51,181.93,105.10,80.37,1.00,-1,-1,-1
341,58,714.63,186.44,207.90,133.45,1.00,-1,-1,-1
341,69,669.60,179.26,79.22,58.50,1.00,-1,-1,-1
341,72,650.72,178.90,46.25,35.60,1.00,-1,-1,-1
341,75,700.62,183.21,108.01,82.72,1.00,-1,-1,-1
342,58,726.35,185.90,235.05,149.09,1.00,-1,-1,-1
342,69,672.28,178.36,84.73,61.54,1.00,-1,-1,-1
342,72,653.12,177.61,47.67,36.26,1.00,-1,-1,-1
342,75,706.29,182.78,114.95,87.67,1.00,-1,-1,-1
343,61,-7.67,194.93,218.69,174.55,0.49,-1,-1,-1
343,69,676.42,177.07,86.92,64.01,1.00,-1,-1,-1
343,72,655.86,176.22,48.91,37.36,1.00,-1,-1,-1
343,75,713.08,182.00,122.12,92.13,1.00,-1,-1,-1
344,69,680.75,176.75,90.27,66.44,1.00,-1,-1,-1
344,72,657.82,175.90,51.10,38.33,1.00,-1,-1,-1
344,75,720.82,182.77,132.24,98.22,1.00,-1,-1,-1
345,69,684.65,178.58,94.60,68.84,1.00,-1,-1,-1
345,72,660.89,177.32,52.17,39.23,1.00,-1,-1,-1
345,75,728.82,184.28,144.77,104.03,1.00,-1,-1,-1
345,77,369.41,177.43,16.60,39.57,0.74,-1,-1,-1
346,69,688.58,182.11,99.70,71.60,1.00,-1,-1,-1
346,72,663.03,180.68,52.58,39.92,1.00,-1,-1,-1
346,73,-6.17,184.82,256.74,184.44,1.00,-1,-1,-1
346,75,740.15,188.26,154.69,110.04,1.00,-1,-1,-1
346,77,366.72,181.18,15.57,40.06,0.65,-1,-1,-1
347,69,692.79,183.82,106.65,76.40,1.00,-1,-1,-1
347,72,664.76,182.27,53.96,41.57,1.00,-1,-1,-1
347,73,-5.54,186.26,206.02,191.32,0.73,-1,-1,-1
347,75,748.23,189.59,174.40,121.55,1.00,-1,-1,-1
347,77,359.70,181.52,18.14,44.08,0.54,-1,-1,-1
348,69,696.37,182.47,116.36,81.83,1.00,-1,-1,-1
348,72,665.57,180.66,56.83,43.35,1.00,-1,-1,-1
348,73,-1.81,183.26,268.61,183.03,1.00,-1,-1,-1
348,75,755.40,189.72,198.70,133.96,1.00,-1,-1,-1
348,77,351.41,181.61,20.06,44.74,0.56,-1,-1,-1
349,69,699.37,179.99,125.52,87.06,1.00,-1,-1,-1
349,72,666.63,178.12,58.21,44.97,1.00,-1,-1,-1
349,73,-0.91,179.50,255.99,192.20,1.00,-1,-1,-1
349,75,766.86,189.42,226.78,149.04,1.00,-1,-1,-1
349,77,341.49,181.66,22.57,48.24,0.70,-1,-1,-1
350,69,703.08,178.77,134.90,93.39,1.00,-1,-1,-1
350,72,667.05,176.75,59.51,46.56,1.00,-1,-1,-1
350,75,781.00,188.55,260.36,168.59,1.00,-1,-1,-1
350,70,3.30,182.04,226.38,185.02,1.00,-1,-1,-1
351,69,707.76,177.99,144.81,101.14,1.00,-1,-1,-1
351,72,667.17,176.44,62.36,48.33,1.00,-1,-1,-1
351,78,646.90,171.80,43.41,38.04,0.75,-1,-1,-1
351,77,324.16,180.82,21.90,47.79,0.73,-1,-1,-1
352,69,712.24,178.87,157.94,107.94,1.00,-1,-1,-1
352,72,667.02,176.17,65.37,50.13,1.00,-1,-1,-1
352,78,644.73,171.24,44.45,37.55,0.98,-1,-1,-1
352,79,653.71,175.59,50.69,41.69,1.00,-1,-1,-1
353,69,717.59,179.63,173.42,117.34,1.00,-1,-1,-1
353,72,667.25,176.57,68.90,51.81,1.00,-1,-1,-1
353,78,644.15,171.36,46.55,38.25,0.75,-1,-1,-1
353,79,654.40,175.04,53.25,43.87,1.00,-1,-1,-1
354,69,721.68,179.96,195.82,128.92,1.00,-1,-1,-1
354,72,667.44,176.35,72.12,54.22,1.00,-1,-1,-1
354,78,643.38,170.78,48.62,39.85,1.00,-1,-1,-1
354,79,653.74,174.88,55.53,45.64,0.50,-1,-1,-1
355,69,728.78,181.91,222.13,141.64,1.00,-1,-1,-1
355,72,668.51,175.93,75.16,57.69,1.00,-1,-1,-1
355,78,642.07,170.91,50.19,40.44,1.00,-1,-1,-1
355,79,653.84,174.66,58.64,47.61,1.00,-1,-1,-1
356,69,738.22,181.95,251.45,161.90,1.00,-1,-1,-1
356,72,668.34,176.67,79.49,60.81,1.00,-1,-1,-1
356,78,641.32,171.79,50.86,41.50,1.00,-1,-1,-1
356,79,654.13,175.52,60.61,48.63,1.00,-1,-1,-1
357,72,669.49,178.89,83.54,64.58,1.00,-1,-1,-1
357,78,640.44,173.29,52.80,42.80,1.00,-1,-1,-1
357,79,654.22,177.10,64.73,51.65,1.00,-1,-1,-1
358,72,671.37,180.50,87.41,67.19,1.00,-1,-1,-1
358,78,639.82,174.32,54.48,44.71,1.00,-1,-1,-1
358,79,655.10,178.39,66.63,53.89,1.00,-1,-1,-1
359,72,673.80,181.00,91.53,70.69,1.00,-1,-1,-1
359,78,640.71,174.42,55.66,46.33,1.00,-1,-1,-1
359,79,656.27,178.39,70.71,56.19,1.00,-1,-1,-1
360,72,676.18,180.71,98.01,75.13,1.00,-1,-1,-1
360,78,641.24,173.76,57.58,48.00,1.00,-1,-1,-1
360,79,658.30,178.30,73.55,58.56,1.00,-1,-1,-1
361,72,679.96,181.20,103.84,79.56,1.00,-1,-1,-1
361,78,641.92,173.57,60.41,50.14,1.00,-1,-1,-1
361,79,659.97,178.34,78.09,61.13,1.00,-1,-1,-1
362,72,683.84,181.46,111.88,83.55,1.00,-1,-1,-1
362,78,643.47,173.18,62.96,52.51,1.00,-1,-1,-1
362,79,662.11,178.55,81.42,63.59,1.00,-1,-1,-1
363,72,689.21,181.97,119.99,88.08,1.00,-1,-1,-1
363,78,645.34,172.46,66.44,54.67,1.00,-1,-1,-1
363,79,664.70,179.44,86.62,65.13,1.00,-1,-1,-1
364,72,693.83,179.84,130.62,94.91,1.00,-1,-1,-1
364,78,647.49,171.19,68.53,55.36,1.00,-1,-1,-1
364,79,667.40,177.77,90.84,68.07,1.00,-1,-1,-1
365,72,699.62,177.96,141.89,102.45,1.00,-1,-1,-1
365,78,649.92,169.11,69.95,56.44,1.00,-1,-1,-1
365,79,671.12,176.40,95.44,70.22,1.00,-1,-1,-1
366,72,707.50,175.88,153.41,111.30,1.00,-1,-1,-1
366,78,652.59,166.48,72.32,59.99,1.00,-1,-1,-1
366,79,674.89,174.63,100.44,72.74,1.00,-1,-1,-1
366,81,644.68,172.49,43.88,36.53,0.97,-1,-1,-1
367,68,-5.37,159.82,273.62,191.93,1.00,-1,-1,-1
367,72,716.49,176.35,167.80,118.56,1.00,-1,-1,-1
367,78,653.96,164.04,75.80,63.15,1.00,-1,-1,-1
367,79,679.29,172.94,105.85,77.51,1.00,-1,-1,-1
367,81,645.91,170.75,44.81,37.79,1.00,-1,-1,-1
368,68,-4.27,149.11,229.39,216.91,1.00,-1,-1,-1
368,72,725.29,176.85,187.36,133.09,1.00,-1,-1,-1
368,78,656.77,164.63,77.72,65.70,1.00,-1,-1,-1
368,79,684.51,174.38,114.29,82.92,1.00,-1,-1,-1
368,81,647.72,171.75,46.82,38.40,0.99,-1,-1,-1
369,72,733.37,178.58,216.76,150.61,1.00,-1,-1,-1
369,78,659.24,166.53,82.43,68.42,1.00,-1,-1,-1
369,79,689.16,176.13,124.42,89.10,1.00,-1,-1,-1
369,81,648.93,174.32,47.20,39.19,1.00,-1,-1,-1
370,72,744.78,181.23,251.62,169.07,1.00,-1,-1,-1
370,78,662.67,169.72,85.47,71.47,1.00,-1,-1,-1
370,79,695.24,178.26,134.82,98.11,1.00,-1,-1,-1
370,81,651.03,176.63,50.27,41.15,1.00,-1,-1,-1
371,72,762.74,183.30,289.53,185.57,1.00,-1,-1,-1
371,78,665.58,170.24,89.66,75.25,1.00,-1,-1,-1
371,79,702.61,179.63,144.26,106.40,1.00,-1,-1,-1
371,81,653.31,178.54,50.71,41.52,1.00,-1,-1,-1
372,78,668.23,169.53,96.33,79.79,1.00,-1,-1,-1
372,79,709.62,180.20,157.82,116.71,1.00,-1,-1,-1
372,81,655.43,179.56,53.71,42.79,1.00,-1,-1,-1
373,78,671.99,169.20,101.86,85.31,1.00,-1,-1,-1
373,79,716.34,180.16,177.71,127.68,1.00,-1,-1,-1
373,81,657.81,180.09,54.26,43.53,1.00,-1,-1,-1
374,74,-6.55,165.79,262.84,198.66,0.49,-1,-1,-1
374,78,674.95,169.40,109.14,91.58,1.00,-1,-1,-1
374,79,724.08,181.21,204.20,142.05,1.00,-1,-1,-1
374,81,659.92,180.76,56.43,45.03,1.00,-1,-1,-1
375,78,679.56,169.03,116.37,97.99,1.00,-1,-1,-1
375,79,735.08,182.74,232.63,159.51,1.00,-1,-1,-1
375,81,662.33,181.27,57.69,47.08,1.00,-1,-1,-1
376,78,683.08,167.95,128.29,105.21,1.00,-1,-1,-1
376,79,750.03,183.58,267.43,181.36,1.00,-1,-1,-1
376,81,664.71,181.43,61.18,49.52,1.00,-1,-1,-1
377,78,688.52,168.03,140.50,112.68,1.00,-1,-1,-1
377,81,666.66,181.90,63.72,51.35,1.00,-1,-1,-1
378,78,693.07,166.23,161.39,124.42,1.00,-1,-1,-1
378,81,669.43,181.62,66.75,53.43,1.00,-1,-1,-1
379,78,697.57,166.35,180.04,135.58,1.00,-1,-1,-1
379,81,672.60,182.45,71.34,55.65,1.00,-1,-1,-1
380,78,705.22,165.54,206.95,146.73,1.00,-1,-1,-1
380,81,676.02,182.44,73.86,58.72,1.00,-1,-1,-1
381,76,-3.65,157.95,291.90,210.17,1.00,-1,-1,-1
381,78,713.04,164.44,236.18,161.69,1.00,-1,-1,-1
381,81,680.27,182.90,76.97,61.94,1.00,-1,-1,-1
382,76,-4.74,158.38,245.00,216.83,0.97,-1,-1,-1
382,78,724.30,163.32,272.28,187.85,1.00,-1,-1,-1
382,81,684.75,183.23,81.23,65.22,1.00,-1,-1,-1
383,72,990.90,188.49,256.19,188.47,0.44,-1,-1,-1
383,76,-0.53,177.86,295.31,192.65,1.00,-1,-1,-1
383,78,736.31,160.81,317.63,206.48,1.00,-1,-1,-1
383,81,689.24,183.41,88.21,68.83,1.00,-1,-1,-1
384,76,-1.09,185.58,296.65,187.87,1.00,-1,-1,-1
384,81,693.81,183.15,95.85,72.17,1.00,-1,-1,-1
385,76,-3.20,187.35,262.38,189.04,0.85,-1,-1,-1
385,81,698.56,182.08,101.72,76.80,1.00,-1,-1,-1
385,83,620.78,178.50,25.71,19.36,0.75,-1,-1,-1
386,81,702.59,179.79,110.07,82.89,1.00,-1,-1,-1
386,83,619.99,176.74,27.10,19.41,0.95,-1,-1,-1
387,81,707.08,178.87,118.17,88.17,1.00,-1,-1,-1
387,83,617.35,175.60,28.41,19.03,0.97,-1,-1,-1
388,81,712.15,179.01,127.03,95.13,1.00,-1,-1,-1
388,83,615.64,175.79,29.44,19.26,0.96,-1,-1,-1
389,78,869.28,133.54,374.75,243.76,1.00,-1,-1,-1
389,81,716.80,180.39,138.63,103.13,1.00,-1,-1,-1
389,83,615.37,176.39,27.86,20.11,1.00,-1,-1,-1
390,78,918.58,146.48,327.83,231.73,0.97,-1,-1,-1
390,81,723.11,182.58,150.57,111.83,1.00,-1,-1,-1
390,83,613.96,177.51,28.28,20.99,0.99,-1,-1,-1
391,81,729.70,184.14,166.89,122.43,1.00,-1,-1,-1
391,83,612.37,177.62,28.10,21.29,0.99,-1,-1,-1
391,85,641.21,173.09,42.03,40.31,1.00,-1,-1,-1
392,81,736.54,185.35,186.64,133.33,1.00,-1,-1,-1
392,83,610.47,177.48,28.41,21.59,0.99,-1,-1,-1
392,85,641.18,172.10,43.44,42.40,0.99,-1,-1,-1
393,81,743.98,185.99,216.01,148.85,1.00,-1,-1,-1
393,83,609.57,177.02,28.44,21.99,0.99,-1,-1,-1
393,85,641.52,171.26,43.75,43.56,0.93,-1,-1,-1
394,81,754.48,188.05,247.25,168.38,1.00,-1,-1,-1
394,83,608.67,177.19,29.11,22.25,1.00,-1,-1,-1
394,85,640.88,170.14,47.32,46.34,0.68,-1,-1,-1
395,81,770.64,187.94,291.06,183.53,1.00,-1,-1,-1
395,83,608.62,178.64,29.79,22.25,1.00,-1,-1,-1
395,85,641.19,168.83,51.80,50.37,0.49,-1,-1,-1
396,80,-5.19,164.98,280.91,196.18,0.75,-1,-1,-1
396,83,609.86,181.19,29.64,22.41,1.00,-1,-1,-1
396,85,641.59,170.89,53.78,53.69,0.49,-1,-1,-1
397,83,609.83,182.84,31.48,22.59,1.00,-1,-1,-1
397,85,643.15,171.62,57.46,55.84,0.50,-1,-1,-1
398,83,611.28,182.44,31.72,23.10,1.00,-1,-1,-1
398,85,646.54,170.93,59.26,57.78,0.50,-1,-1,-1
399,83,612.91,180.69,32.67,23.29,1.00,-1,-1,-1
399,85,648.62,167.66,61.84,60.99,0.50,-1,-1,-1
399,80,208.26,187.44,120.52,185.97,0.66,-1,-1,-1
400,83,615.16,178.22,33.23,24.31,1.00,-1,-1,-1
400,85,652.44,164.46,64.11,65.57,0.50,-1,-1,-1
401,83,617.69,177.00,33.65,24.48,1.00,-1,-1,-1
401,85,625.37,170.36,42.26,39.52,0.75,-1,-1,-1
405,83,616.83,175.27,34.19,24.44,0.77,-1,-1,-1
405,85,626.99,174.56,40.34,30.06,1.00,-1,-1,-1
405,89,660.53,178.77,50.39,32.77,0.97,-1,-1,-1
405,90,720.33,174.39,132.05,109.72,0.99,-1,-1,-1
405,91,677.38,163.30,82.96,77.13,0.81,-1,-1,-1
411,83,620.32,174.62,36.80,26.38,0.73,-1,-1,-1
411,85,631.35,175.39,43.41,30.64,1.00,-1,-1,-1
411,81,818.48,189.67,285.28,181.79,1.00,-1,-1,-1
413,83,628.79,174.40,43.33,30.84,1.00,-1,-1,-1
413,85,624.63,173.88,40.70,28.81,1.00,-1,-1,-1
413,89,674.00,177.52,68.27,43.00,1.00,-1,-1,-1
414,83,632.65,176.26,46.65,32.72,1.00,-1,-1,-1
414,85,621.75,175.08,39.91,28.89,0.99,-1,-1,-1
416,83,635.32,180.81,49.01,34.63,1.00,-1,-1,-1
416,85,620.82,179.63,39.96,29.09,0.99,-1,-1,-1
416,89,681.94,183.44,75.11,49.05,1.00,-1,-1,-1
442,83,629.84,179.48,74.69,51.39,1.00,-1,-1,-1
442,85,576.53,177.06,40.48,34.15,1.00,-1,-1,-1
442,87,13.21,169.36,273.83,189.53,0.95,-1,-1,-1
442,89,660.71,181.70,107.99,73.63,1.00,-1,-1,-1
465,89,656.72,172.87,101.23,81.23,1.00,-1,-1,-1
465,81,915.59,185.87,263.08,178.33,1.00,-1,-1,-1
