6,1,1066.18,235.73,174.66,138.41,1.00,-1,-1,-1
6,2,750.15,165.82,21.12,48.31,1.00,-1,-1,-1
6,3,771.65,168.30,18.02,46.19,1.00,-1,-1,-1
7,1,1160.97,249.80,80.07,124.12,1.00,-1,-1,-1
7,2,753.98,165.19,18.89,49.56,1.00,-1,-1,-1
7,3,773.64,167.58,12.67,47.41,1.00,-1,-1,-1
8,2,756.82,164.70,19.13,51.06,1.00,-1,-1,-1
8,3,778.78,166.98,13.89,48.88,1.00,-1,-1,-1
9,2,760.32,163.79,19.31,52.94,1.00,-1,-1,-1
9,3,784.60,165.93,15.94,50.72,1.00,-1,-1,-1
10,2,764.43,162.49,19.93,54.91,1.00,-1,-1,-1
10,3,789.41,164.46,18.09,52.64,1.00,-1,-1,-1
11,2,768.59,162.00,20.07,56.98,1.00,-1,-1,-1
11,3,794.05,163.82,19.67,54.67,1.00,-1,-1,-1
12,2,773.20,160.46,22.29,59.18,1.00,-1,-1,-1
12,3,800.40,163.28,20.63,56.81,1.00,-1,-1,-1
13,2,778.84,160.06,24.50,61.55,1.00,-1,-1,-1
13,3,807.42,162.91,20.73,59.11,1.00,-1,-1,-1
13,4,201.34,165.40,18.00,57.39,1.00,-1,-1,-1
14,2,785.18,161.18,26.61,64.10,1.00,-1,-1,-1
14,3,815.61,163.54,21.66,61.60,1.00,-1,-1,-1
14,4,189.77,166.64,19.91,58.66,1.00,-1,-1,-1
15,2,792.19,162.38,27.88,66.86,1.00,-1,-1,-1
15,3,825.00,164.66,22.33,64.28,1.00,-1,-1,-1
15,4,176.55,168.19,21.72,60.18,1.00,-1,-1,-1
16,2,799.90,164.09,30.69,69.87,1.00,-1,-1,-1
16,3,834.80,166.30,24.77,67.21,1.00,-1,-1,-1
16,4,160.47,169.89,23.04,62.05,1.00,-1,-1,-1
17,2,808.03,165.80,32.97,73.20,1.00,-1,-1,-1
17,3,845.82,168.27,27.02,70.42,1.00,-1,-1,-1
17,4,143.60,170.67,23.61,64.26,1.00,-1,-1,-1
18,2,820.40,164.85,33.67,76.84,1.00,-1,-1,-1
18,3,859.73,168.59,27.89,73.91,1.00,-1,-1,-1
18,4,126.49,167.94,25.28,66.58,1.00,-1,-1,-1
19,2,834.85,163.95,32.24,80.86,1.00,-1,-1,-1
19,3,874.20,167.04,26.99,77.77,1.00,-1,-1,-1
19,4,106.89,166.03,26.77,68.02,1.00,-1,-1,-1
20,2,848.35,161.11,34.96,85.31,1.00,-1,-1,-1
20,3,892.34,163.88,28.36,82.04,1.00,-1,-1,-1
20,4,87.20,163.80,27.89,70.25,1.00,-1,-1,-1
21,2,861.09,157.30,37.73,90.29,1.00,-1,-1,-1
21,3,911.69,159.88,29.40,86.81,1.00,-1,-1,-1
21,4,65.74,160.83,28.13,72.91,1.00,-1,-1,-1
22,2,876.96,154.13,40.07,95.88,1.00,-1,-1,-1
22,3,931.33,157.01,32.99,92.16,1.00,-1,-1,-1
22,4,40.97,159.13,30.14,75.87,1.00,-1,-1,-1
23,2,896.26,153.23,40.23,102.20,1.00,-1,-1,-1
23,3,952.67,157.72,36.05,98.37,1.00,-1,-1,-1
23,4,14.02,162.60,32.10,77.68,1.00,-1,-1,-1
24,2,912.79,155.99,47.08,109.49,1.00,-1,-1,-1
24,3,974.54,160.90,38.93,105.57,1.00,-1,-1,-1
25,2,930.03,157.54,53.88,117.90,1.00,-1,-1,-1
25,3,997.16,163.63,39.29,113.91,1.00,-1,-1,-1
26,2,953.60,157.73,64.11,127.76,1.00,-1,-1,-1
26,3,1028.67,161.86,44.29,123.74,1.00,-1,-1,-1
27,2,979.78,153.13,71.51,138.98,1.00,-1,-1,-1
27,3,1065.42,157.27,48.13,135.40,1.00,-1,-1,-1
28,2,1020.25,147.60,79.39,153.17,1.00,-1,-1,-1
28,3,1101.86,151.87,74.29,149.81,1.00,-1,-1,-1
28,5,428.62,177.81,17.81,42.99,1.00,-1,-1,-1
29,2,1068.77,140.81,80.19,170.90,1.00,-1,-1,-1
29,3,1149.47,146.97,71.83,167.30,1.00,-1,-1,-1
29,5,427.12,176.59,13.96,44.06,1.00,-1,-1,-1
30,2,1113.73,141.70,99.29,193.23,1.00,-1,-1,-1
30,5,421.99,178.03,14.57,45.30,1.00,-1,-1,-1
31,5,415.56,179.62,15.76,46.80,1.00,-1,-1,-1
31,3,1201.03,149.19,45.25,204.92,1.00,-1,-1,-1
32,5,409.19,180.60,17.37,48.37,1.00,-1,-1,-1
32,6,345.51,173.97,23.55,45.72,1.00,-1,-1,-1
33,5,402.01,178.80,18.59,50.01,1.00,-1,-1,-1
33,6,337.90,171.30,19.92,46.80,1.00,-1,-1,-1
34,5,395.53,175.09,18.30,51.77,1.00,-1,-1,-1
34,6,327.67,168.11,20.67,48.12,1.00,-1,-1,-1
35,5,388.90,173.01,16.98,53.62,1.00,-1,-1,-1
35,6,315.70,165.49,21.78,49.74,1.00,-1,-1,-1
36,5,381.11,173.34,17.98,55.55,1.00,-1,-1,-1
36,6,304.60,166.49,22.97,51.36,1.00,-1,-1,-1
37,5,372.46,174.31,19.32,57.60,1.00,-1,-1,-1
37,6,293.19,167.88,23.52,53.03,1.00,-1,-1,-1
38,5,363.17,176.02,20.63,59.79,1.00,-1,-1,-1
38,6,282.05,169.23,21.84,54.85,1.00,-1,-1,-1
39,5,353.31,177.35,21.36,62.16,1.00,-1,-1,-1
39,6,270.22,169.93,18.53,56.81,1.00,-1,-1,-1
40,5,342.39,177.25,23.25,64.74,1.00,-1,-1,-1
40,6,254.03,169.11,22.04,58.91,1.00,-1,-1,-1
41,5,329.99,176.44,24.87,67.55,1.00,-1,-1,-1
41,6,235.73,167.54,26.66,61.15,1.00,-1,-1,-1
42,5,316.25,175.98,27.32,70.62,1.00,-1,-1,-1
42,6,218.76,167.58,28.65,63.53,1.00,-1,-1,-1
42,7,449.69,164.62,22.38,51.33,1.00,-1,-1,-1
43,5,300.65,176.74,29.19,73.97,1.00,-1,-1,-1
43,6,200.83,168.03,28.68,66.06,1.00,-1,-1,-1
43,7,448.80,164.95,17.28,52.49,1.00,-1,-1,-1
44,5,285.11,178.35,30.82,77.66,1.00,-1,-1,-1
44,6,181.97,168.89,29.03,68.81,1.00,-1,-1,-1
44,7,444.14,165.52,17.44,53.90,1.00,-1,-1,-1
45,5,268.36,179.25,31.14,81.73,1.00,-1,-1,-1
45,6,161.15,169.34,28.48,71.80,1.00,-1,-1,-1
45,7,438.09,165.73,18.16,55.64,1.00,-1,-1,-1
46,5,249.93,180.08,33.03,86.23,1.00,-1,-1,-1
46,6,136.16,169.93,34.57,75.04,1.00,-1,-1,-1
46,7,432.85,165.93,17.80,57.43,1.00,-1,-1,-1
47,5,228.96,179.96,34.07,91.30,1.00,-1,-1,-1
47,6,108.54,169.96,41.60,78.57,1.00,-1,-1,-1
47,7,427.61,166.09,16.50,59.31,1.00,-1,-1,-1
48,5,205.24,179.84,36.31,97.02,1.00,-1,-1,-1
48,6,79.39,170.23,45.03,82.44,1.00,-1,-1,-1
48,7,418.61,165.98,18.51,61.26,1.00,-1,-1,-1
49,5,177.88,179.32,37.18,103.52,1.00,-1,-1,-1
49,6,47.71,168.86,44.92,86.75,1.00,-1,-1,-1
49,7,408.26,165.48,20.93,63.32,1.00,-1,-1,-1
50,5,145.89,179.89,42.09,110.73,1.00,-1,-1,-1
50,6,11.71,167.43,55.74,91.55,1.00,-1,-1,-1
50,7,400.88,165.38,21.38,65.52,1.00,-1,-1,-1
51,5,108.55,180.67,46.33,118.93,1.00,-1,-1,-1
51,7,393.95,165.51,20.52,67.85,1.00,-1,-1,-1
52,5,68.86,181.60,50.69,128.45,1.00,-1,-1,-1
52,7,384.22,165.95,22.05,70.38,1.00,-1,-1,-1
52,8,1141.65,190.59,83.23,119.08,1.00,-1,-1,-1
53,5,25.59,182.32,51.79,139.59,1.00,-1,-1,-1
53,7,373.28,165.79,23.93,73.09,1.00,-1,-1,-1
53,8,1178.94,196.64,58.47,127.75,1.00,-1,-1,-1
54,7,363.27,165.26,24.91,76.00,1.00,-1,-1,-1
55,7,352.68,164.61,24.87,79.14,1.00,-1,-1,-1
56,7,339.97,164.29,26.36,82.58,1.00,-1,-1,-1
57,7,325.14,164.68,27.70,86.31,1.00,-1,-1,-1
57,9,752.02,164.05,46.28,67.29,1.00,-1,-1,-1
58,7,309.92,164.87,30.16,90.40,1.00,-1,-1,-1
58,9,754.99,164.06,45.88,69.27,1.00,-1,-1,-1
59,7,292.48,164.30,32.07,95.02,1.00,-1,-1,-1
59,9,759.15,163.79,45.34,71.67,1.00,-1,-1,-1
60,7,272.81,164.07,35.71,100.18,1.00,-1,-1,-1
60,9,764.75,163.86,44.57,74.67,1.00,-1,-1,-1
60,10,726.68,164.04,20.99,59.08,1.00,-1,-1,-1
61,7,250.36,163.10,38.58,105.96,1.00,-1,-1,-1
61,9,770.60,163.45,43.65,77.84,1.00,-1,-1,-1
61,10,730.56,163.70,17.52,60.59,1.00,-1,-1,-1
61,11,585.54,157.85,50.30,39.45,1.00,-1,-1,-1
62,7,226.14,162.52,41.96,112.44,1.00,-1,-1,-1
62,9,775.55,163.03,44.99,81.27,1.00,-1,-1,-1
62,10,735.40,163.47,15.97,62.41,1.00,-1,-1,-1
62,11,582.05,157.97,50.93,39.93,1.00,-1,-1,-1
63,7,198.77,161.67,43.55,119.57,1.00,-1,-1,-1
63,9,780.41,162.42,47.06,84.99,1.00,-1,-1,-1
63,10,741.02,163.06,14.19,64.68,1.00,-1,-1,-1
63,11,578.33,158.06,51.68,40.50,1.00,-1,-1,-1
64,7,169.36,160.32,47.66,127.56,1.00,-1,-1,-1
64,9,785.75,161.36,49.50,89.03,1.00,-1,-1,-1
64,10,740.60,162.39,16.36,67.04,1.00,-1,-1,-1
64,11,575.41,157.33,52.54,41.19,1.00,-1,-1,-1
65,7,136.19,157.78,50.30,136.66,1.00,-1,-1,-1
65,9,791.43,160.41,52.16,93.46,1.00,-1,-1,-1
65,10,738.82,161.87,18.68,69.52,1.00,-1,-1,-1
65,11,572.57,156.60,53.38,41.91,1.00,-1,-1,-1
66,7,97.83,154.14,58.15,147.12,1.00,-1,-1,-1
66,9,797.49,159.14,55.04,98.35,1.00,-1,-1,-1
66,10,739.42,160.15,20.13,72.16,1.00,-1,-1,-1
66,11,569.60,154.55,54.23,42.65,1.00,-1,-1,-1
66,12,888.69,164.26,37.34,77.60,1.00,-1,-1,-1
67,7,52.89,150.07,64.73,159.31,1.00,-1,-1,-1
67,9,805.44,158.25,58.33,103.48,1.00,-1,-1,-1
67,10,741.21,157.97,20.78,74.97,1.00,-1,-1,-1
67,11,566.90,152.16,55.13,43.38,1.00,-1,-1,-1
67,12,903.95,162.85,28.53,80.35,1.00,-1,-1,-1
68,7,13.13,148.69,67.88,173.03,1.00,-1,-1,-1
68,9,814.19,158.17,61.92,109.06,1.00,-1,-1,-1
68,10,743.62,156.13,21.52,77.98,1.00,-1,-1,-1
68,11,563.68,152.24,56.05,44.11,1.00,-1,-1,-1
68,12,916.01,161.63,29.07,83.70,1.00,-1,-1,-1
68,13,317.73,164.89,33.20,67.49,1.00,-1,-1,-1
69,9,824.08,158.90,65.79,115.25,1.00,-1,-1,-1
69,10,746.94,157.31,21.70,81.30,1.00,-1,-1,-1
69,11,560.37,153.64,57.01,44.86,1.00,-1,-1,-1
69,12,928.66,162.92,30.41,88.06,1.00,-1,-1,-1
69,13,313.99,166.60,26.65,69.14,1.00,-1,-1,-1
69,14,1022.27,203.51,62.62,90.72,1.00,-1,-1,-1
69,15,1075.08,204.98,67.05,85.53,1.00,-1,-1,-1
69,16,1107.55,150.12,50.67,131.66,1.00,-1,-1,-1
70,9,835.28,158.78,69.99,122.18,1.00,-1,-1,-1
70,10,749.90,158.63,24.03,84.90,1.00,-1,-1,-1
70,11,557.12,153.92,57.99,45.66,1.00,-1,-1,-1
70,12,940.92,164.23,33.23,92.80,1.00,-1,-1,-1
70,13,302.16,168.24,28.69,71.14,1.00,-1,-1,-1
70,15,1055.51,206.64,69.25,95.95,1.00,-1,-1,-1
70,16,1108.58,199.74,68.20,98.50,1.00,-1,-1,-1
70,17,1140.13,150.25,56.81,141.20,1.00,-1,-1,-1
70,18,915.64,165.00,28.49,83.01,1.00,-1,-1,-1
70,19,371.50,167.07,30.77,70.90,1.00,-1,-1,-1
71,9,847.91,158.66,74.54,130.00,1.00,-1,-1,-1
71,10,752.43,160.44,26.45,88.82,1.00,-1,-1,-1
71,11,553.82,154.09,59.01,46.49,1.00,-1,-1,-1
71,12,952.77,164.16,35.13,97.78,1.00,-1,-1,-1
71,13,287.49,170.13,31.49,73.63,1.00,-1,-1,-1
71,15,1077.71,210.02,76.43,104.86,1.00,-1,-1,-1
71,16,1133.71,213.88,78.02,99.30,1.00,-1,-1,-1
71,17,1165.77,151.77,58.03,149.49,1.00,-1,-1,-1
71,18,926.29,166.21,28.90,86.27,1.00,-1,-1,-1
71,19,365.73,168.34,25.36,73.21,1.00,-1,-1,-1
72,9,867.86,156.25,79.12,139.56,1.00,-1,-1,-1
72,10,756.77,159.55,27.55,92.96,1.00,-1,-1,-1
72,11,550.43,153.44,60.09,47.34,1.00,-1,-1,-1
72,12,968.09,162.75,38.35,103.17,1.00,-1,-1,-1
72,13,273.89,171.61,31.90,76.23,1.00,-1,-1,-1
72,15,1115.79,212.90,87.16,116.36,1.00,-1,-1,-1
72,16,1174.69,221.33,60.72,108.64,1.00,-1,-1,-1
72,17,1203.33,149.99,32.94,156.53,1.00,-1,-1,-1
72,18,939.52,165.47,32.07,90.32,1.00,-1,-1,-1
72,19,355.39,168.50,24.53,76.03,1.00,-1,-1,-1
73,9,885.28,153.21,83.91,149.27,1.00,-1,-1,-1
73,10,761.87,157.76,27.17,97.45,1.00,-1,-1,-1
73,11,546.86,152.70,61.20,48.24,1.00,-1,-1,-1
73,12,984.99,161.06,40.50,109.13,1.00,-1,-1,-1
73,13,259.89,171.06,30.24,78.95,1.00,-1,-1,-1
73,16,1179.28,220.16,63.62,127.72,1.00,-1,-1,-1
73,18,956.04,164.20,34.36,95.54,1.00,-1,-1,-1
73,19,341.98,167.50,23.47,79.61,1.00,-1,-1,-1
73,20,496.45,167.38,33.27,48.95,1.00,-1,-1,-1
74,9,906.87,150.41,89.06,160.81,1.00,-1,-1,-1
74,10,766.70,156.41,29.18,102.36,1.00,-1,-1,-1
74,11,542.88,152.83,62.38,49.15,1.00,-1,-1,-1
74,12,1005.37,159.98,43.55,115.76,1.00,-1,-1,-1
74,13,245.73,170.63,31.08,81.80,1.00,-1,-1,-1
74,18,972.81,163.41,36.19,101.23,1.00,-1,-1,-1
74,19,325.37,167.41,25.11,83.42,1.00,-1,-1,-1
74,20,490.95,167.02,33.65,50.26,1.00,-1,-1,-1
74,17,1236.96,213.61,4.21,137.69,1.00,-1,-1,-1
75,9,933.38,146.12,94.72,174.42,1.00,-1,-1,-1
75,10,771.93,154.29,31.17,107.86,1.00,-1,-1,-1
75,11,539.28,152.29,63.64,50.08,1.00,-1,-1,-1
75,12,1028.65,157.83,45.07,123.22,1.00,-1,-1,-1
75,13,231.25,169.70,31.74,85.02,1.00,-1,-1,-1
75,18,991.45,162.19,35.76,107.60,1.00,-1,-1,-1
75,19,309.74,166.70,26.29,87.50,1.00,-1,-1,-1
75,20,485.05,166.22,34.14,51.83,1.00,-1,-1,-1
76,9,965.08,144.64,102.81,190.44,1.00,-1,-1,-1
76,10,779.19,153.36,34.31,114.04,1.00,-1,-1,-1
76,11,535.32,152.79,64.91,51.11,1.00,-1,-1,-1
76,12,1050.12,158.59,48.40,131.88,1.00,-1,-1,-1
76,13,215.43,169.64,32.94,88.61,1.00,-1,-1,-1
76,18,1016.99,162.45,37.60,114.79,1.00,-1,-1,-1
76,19,293.12,166.23,30.65,91.94,1.00,-1,-1,-1
76,20,477.98,166.11,34.73,53.82,1.00,-1,-1,-1
77,9,1002.79,142.39,112.84,209.53,1.00,-1,-1,-1
77,10,787.64,151.74,36.65,120.93,1.00,-1,-1,-1
77,11,531.20,152.40,66.27,52.14,1.00,-1,-1,-1
77,12,1071.83,158.81,49.97,141.87,1.00,-1,-1,-1
77,13,197.62,168.92,33.01,92.46,1.00,-1,-1,-1
77,18,1046.51,161.60,37.89,122.93,1.00,-1,-1,-1
77,19,274.58,164.59,34.72,96.79,1.00,-1,-1,-1
77,20,470.54,165.21,35.38,55.90,1.00,-1,-1,-1
77,21,582.43,168.77,41.59,39.93,1.00,-1,-1,-1
78,9,1048.20,140.80,124.74,227.35,1.00,-1,-1,-1
78,10,797.63,150.95,38.96,128.68,1.00,-1,-1,-1
78,11,527.26,153.33,67.68,53.18,1.00,-1,-1,-1
78,12,1091.65,160.23,46.71,139.39,1.00,-1,-1,-1
78,13,178.62,168.52,35.23,96.60,1.00,-1,-1,-1
78,19,254.96,163.67,37.68,101.93,1.00,-1,-1,-1
78,20,462.85,166.17,36.09,58.08,1.00,-1,-1,-1
78,21,584.09,169.90,41.72,40.41,1.00,-1,-1,-1
78,22,130.22,196.60,47.23,48.03,1.00,-1,-1,-1
78,23,803.75,153.85,49.84,107.62,1.00,-1,-1,-1
79,9,1104.28,138.27,118.81,235.97,1.00,-1,-1,-1
79,10,808.41,149.67,39.25,137.45,1.00,-1,-1,-1
79,11,523.69,154.23,69.18,54.22,1.00,-1,-1,-1
79,12,1127.59,160.08,46.48,145.36,1.00,-1,-1,-1
79,13,157.36,170.26,36.76,101.14,1.00,-1,-1,-1
79,19,233.20,165.29,38.45,107.50,1.00,-1,-1,-1
79,20,455.05,167.37,36.90,60.38,1.00,-1,-1,-1
79,21,586.70,171.12,41.85,40.97,1.00,-1,-1,-1
79,22,113.14,200.58,49.41,49.80,1.00,-1,-1,-1
79,23,811.94,153.71,41.77,113.08,1.00,-1,-1,-1
80,9,1176.93,137.91,65.49,239.17,1.00,-1,-1,-1
80,10,819.70,148.43,43.67,147.60,1.00,-1,-1,-1
80,11,519.15,155.09,70.67,55.40,1.00,-1,-1,-1
80,12,1152.44,160.23,66.62,156.03,1.00,-1,-1,-1
80,13,133.54,171.17,43.31,106.05,1.00,-1,-1,-1
80,19,210.55,166.61,40.89,113.76,1.00,-1,-1,-1
80,20,445.97,167.35,37.73,62.98,1.00,-1,-1,-1
80,21,589.60,172.49,41.91,41.70,1.00,-1,-1,-1
80,22,90.01,202.79,52.14,51.93,1.00,-1,-1,-1
80,23,827.28,153.66,42.97,120.08,1.00,-1,-1,-1
81,10,831.55,146.86,47.28,159.35,1.00,-1,-1,-1
81,11,514.95,155.89,72.24,56.64,1.00,-1,-1,-1
81,12,1187.55,160.75,53.34,168.11,1.00,-1,-1,-1
81,13,107.47,171.87,49.78,111.39,1.00,-1,-1,-1
81,19,185.61,166.64,41.98,120.77,1.00,-1,-1,-1
81,20,436.70,166.80,38.69,65.85,1.00,-1,-1,-1
81,21,592.90,173.14,41.91,42.40,1.00,-1,-1,-1
81,22,61.34,204.99,55.66,54.63,1.00,-1,-1,-1
81,23,846.72,153.35,43.09,129.28,1.00,-1,-1,-1
81,24,860.29,192.58,84.43,84.70,1.00,-1,-1,-1
82,10,847.20,143.70,54.68,173.11,1.00,-1,-1,-1
82,11,511.32,154.27,74.02,57.83,1.00,-1,-1,-1
82,13,80.13,172.00,54.01,117.26,1.00,-1,-1,-1
82,19,157.43,163.61,48.15,128.65,1.00,-1,-1,-1
82,20,426.88,165.20,39.85,68.96,1.00,-1,-1,-1
82,21,596.47,171.69,41.90,43.03,1.00,-1,-1,-1
82,22,31.40,205.33,59.57,57.44,1.00,-1,-1,-1
82,23,865.04,152.06,52.66,139.28,1.00,-1,-1,-1
82,24,870.98,192.19,89.34,89.05,1.00,-1,-1,-1
83,10,865.24,140.36,59.88,189.58,1.00,-1,-1,-1
83,11,507.67,152.30,75.89,59.16,1.00,-1,-1,-1
83,13,50.20,169.46,54.38,123.34,1.00,-1,-1,-1
83,19,120.01,162.26,53.52,138.57,1.00,-1,-1,-1
83,20,415.77,164.18,41.14,72.39,1.00,-1,-1,-1
83,21,598.98,170.24,42.10,43.68,1.00,-1,-1,-1
83,22,3.27,205.60,59.58,60.45,1.00,-1,-1,-1
83,23,878.12,150.61,61.47,150.45,1.00,-1,-1,-1
83,24,884.66,192.16,95.59,94.58,1.00,-1,-1,-1
83,25,163.03,185.58,49.88,56.82,1.00,-1,-1,-1
83,26,209.43,171.84,24.00,70.19,1.00,-1,-1,-1
83,27,826.24,196.16,31.67,86.50,1.00,-1,-1,-1
84,10,888.12,136.28,71.76,209.56,1.00,-1,-1,-1
84,11,503.64,151.61,77.95,60.47,1.00,-1,-1,-1
84,13,11.85,169.23,75.23,129.85,1.00,-1,-1,-1
84,19,81.97,161.16,61.19,148.75,1.00,-1,-1,-1
84,20,403.55,163.53,42.70,76.16,1.00,-1,-1,-1
84,21,601.25,169.29,42.40,44.31,1.00,-1,-1,-1
84,23,900.18,148.19,66.67,164.21,1.00,-1,-1,-1
84,24,903.00,192.24,103.96,101.80,1.00,-1,-1,-1
84,25,147.55,186.40,51.86,58.53,1.00,-1,-1,-1
84,26,194.56,171.91,23.62,72.60,1.00,-1,-1,-1
84,27,839.11,197.63,39.21,92.23,1.00,-1,-1,-1
84,28,171.25,185.51,59.92,55.43,1.00,-1,-1,-1
84,29,862.04,197.36,46.53,93.90,1.00,-1,-1,-1
85,10,912.25,133.42,80.76,232.30,1.00,-1,-1,-1
85,11,499.47,151.75,80.11,61.89,1.00,-1,-1,-1
85,13,-3.23,170.04,66.64,135.69,1.00,-1,-1,-1
85,19,35.49,161.22,66.17,161.34,1.00,-1,-1,-1
85,20,390.07,163.64,45.36,80.25,1.00,-1,-1,-1
85,21,603.67,169.59,42.70,45.00,1.00,-1,-1,-1
85,23,929.84,145.73,67.35,180.84,1.00,-1,-1,-1
85,24,923.71,192.86,113.54,110.03,1.00,-1,-1,-1
85,25,129.17,187.78,54.25,60.63,1.00,-1,-1,-1
85,26,160.91,182.94,53.89,61.28,1.00,-1,-1,-1
85,27,854.35,200.14,45.04,99.70,1.00,-1,-1,-1
85,28,170.86,175.15,29.32,72.30,1.00,-1,-1,-1
85,29,881.41,199.54,40.51,100.50,1.00,-1,-1,-1
85,31,409.46,167.16,39.86,67.45,1.00,-1,-1,-1
86,10,946.55,129.98,100.88,244.01,1.00,-1,-1,-1
86,11,494.81,151.79,82.40,63.37,1.00,-1,-1,-1
86,20,390.75,165.96,44.16,75.18,1.00,-1,-1,-1
86,21,605.96,171.15,43.02,45.69,1.00,-1,-1,-1
86,23,965.94,142.49,91.41,200.47,1.00,-1,-1,-1
86,24,920.07,200.22,66.97,113.06,1.00,-1,-1,-1
86,25,103.59,189.45,57.59,63.60,1.00,-1,-1,-1
86,26,137.37,187.28,66.92,59.54,1.00,-1,-1,-1
86,28,151.41,173.80,26.14,77.82,1.00,-1,-1,-1
86,29,881.62,202.89,50.61,109.36,1.00,-1,-1,-1
86,31,378.52,164.10,48.06,82.18,1.00,-1,-1,-1
87,10,986.13,124.68,116.36,251.91,1.00,-1,-1,-1
87,11,489.99,151.03,84.82,64.92,1.00,-1,-1,-1
87,20,382.10,166.00,45.84,75.29,1.00,-1,-1,-1
87,21,608.22,171.07,43.01,46.39,1.00,-1,-1,-1
87,23,1015.83,137.33,93.07,226.77,1.00,-1,-1,-1
87,24,938.78,204.92,41.86,121.94,1.00,-1,-1,-1
87,25,75.37,190.63,61.28,66.93,1.00,-1,-1,-1
87,26,112.66,188.49,74.32,61.34,1.00,-1,-1,-1
87,28,127.08,172.89,28.20,82.94,1.00,-1,-1,-1
87,29,898.20,206.18,53.79,121.63,1.00,-1,-1,-1
87,31,359.87,162.95,52.72,88.61,1.00,-1,-1,-1
87,32,264.64,185.94,40.39,48.52,1.00,-1,-1,-1
87,27,901.55,170.83,26.08,62.57,1.00,-1,-1,-1
88,10,1021.77,117.91,168.90,259.50,1.00,-1,-1,-1
88,11,484.85,150.18,87.36,66.53,1.00,-1,-1,-1
88,20,368.69,165.62,48.96,77.92,1.00,-1,-1,-1
88,21,610.56,170.88,42.85,47.09,1.00,-1,-1,-1
88,23,1055.24,132.26,140.69,241.82,1.00,-1,-1,-1
88,24,979.47,208.62,57.67,134.67,1.00,-1,-1,-1
88,25,46.30,191.03,65.23,70.36,1.00,-1,-1,-1
88,26,87.05,189.35,78.91,64.14,1.00,-1,-1,-1
88,28,101.33,172.84,31.65,87.75,1.00,-1,-1,-1
88,29,926.69,210.21,65.65,136.51,1.00,-1,-1,-1
88,31,338.52,162.14,58.22,95.41,1.00,-1,-1,-1
88,32,252.81,185.54,41.81,49.89,1.00,-1,-1,-1
88,27,915.21,164.53,23.21,58.84,1.00,-1,-1,-1
89,10,1032.69,176.92,120.27,198.63,1.00,-1,-1,-1
89,11,479.47,149.30,90.02,68.21,1.00,-1,-1,-1
89,20,352.38,165.05,53.00,81.76,1.00,-1,-1,-1
89,21,613.01,170.68,42.59,47.82,1.00,-1,-1,-1
89,23,1098.76,115.78,136.28,262.26,1.00,-1,-1,-1
89,24,984.79,213.62,69.60,152.19,1.00,-1,-1,-1
89,25,15.18,191.13,69.56,74.04,1.00,-1,-1,-1
89,26,59.66,189.89,82.75,67.51,1.00,-1,-1,-1
89,28,72.96,171.65,34.05,92.45,1.00,-1,-1,-1
89,31,315.54,161.48,64.32,102.43,1.00,-1,-1,-1
89,32,238.84,185.09,43.56,51.56,1.00,-1,-1,-1
89,27,923.36,162.82,22.61,59.47,1.00,-1,-1,-1
90,10,1067.42,208.29,121.98,167.93,1.00,-1,-1,-1
90,11,473.68,148.43,92.84,69.97,1.00,-1,-1,-1
90,20,333.47,164.44,57.85,86.41,1.00,-1,-1,-1
90,21,615.45,170.52,42.27,48.56,1.00,-1,-1,-1
90,23,1187.51,110.37,63.51,269.13,1.00,-1,-1,-1
90,24,1013.90,218.60,99.78,156.29,1.00,-1,-1,-1
90,25,-2.73,191.22,58.20,78.06,1.00,-1,-1,-1
90,26,29.69,190.46,86.75,71.28,1.00,-1,-1,-1
90,28,42.10,169.99,36.63,97.39,1.00,-1,-1,-1
90,31,291.14,160.99,71.31,110.01,1.00,-1,-1,-1
90,32,222.19,184.80,45.70,53.57,1.00,-1,-1,-1
90,27,932.43,162.52,22.80,61.10,1.00,-1,-1,-1
90,33,802.83,175.99,40.36,40.50,1.00,-1,-1,-1
90,34,794.42,177.99,41.54,36.16,1.00,-1,-1,-1
91,10,1086.04,224.19,137.56,152.83,1.00,-1,-1,-1
91,11,467.76,148.66,95.81,71.87,1.00,-1,-1,-1
91,20,313.11,165.10,63.44,91.86,1.00,-1,-1,-1
91,21,618.02,171.01,41.87,49.34,1.00,-1,-1,-1
91,23,1168.63,185.13,80.10,195.73,1.00,-1,-1,-1
91,26,3.40,191.52,84.48,75.46,1.00,-1,-1,-1
91,28,9.47,170.00,37.52,102.76,1.00,-1,-1,-1
91,31,263.94,161.02,79.50,118.56,1.00,-1,-1,-1
91,32,204.74,184.92,47.96,55.69,1.00,-1,-1,-1
91,27,941.76,163.33,22.55,63.13,1.00,-1,-1,-1
91,33,805.08,176.85,41.29,41.39,1.00,-1,-1,-1
91,34,796.22,179.04,42.44,36.90,1.00,-1,-1,-1
91,29,896.53,174.49,29.19,70.84,1.00,-1,-1,-1
92,11,461.60,148.39,99.06,73.74,1.00,-1,-1,-1
92,20,290.47,165.60,70.15,98.03,1.00,-1,-1,-1
92,21,620.67,171.03,42.07,50.01,1.00,-1,-1,-1
92,23,1185.36,223.52,69.26,154.77,1.00,-1,-1,-1
92,28,-5.92,184.13,42.01,90.67,1.00,-1,-1,-1
92,31,232.80,160.61,89.55,128.32,1.00,-1,-1,-1
92,32,187.31,187.19,50.32,57.83,1.00,-1,-1,-1
92,27,949.94,162.94,23.95,65.35,1.00,-1,-1,-1
92,33,808.17,177.16,42.46,42.42,1.00,-1,-1,-1
92,34,798.78,179.60,43.55,37.75,1.00,-1,-1,-1
92,29,890.76,165.74,23.58,61.83,1.00,-1,-1,-1
93,11,455.37,148.27,102.49,75.78,1.00,-1,-1,-1
93,20,264.97,166.32,78.07,105.14,1.00,-1,-1,-1
93,21,623.60,171.38,42.46,50.71,1.00,-1,-1,-1
93,31,196.56,160.13,101.85,139.82,1.00,-1,-1,-1
93,32,169.29,190.42,52.80,60.12,1.00,-1,-1,-1
93,27,958.38,163.02,25.14,67.72,1.00,-1,-1,-1
93,33,812.58,177.78,43.88,43.71,1.00,-1,-1,-1
93,34,802.52,180.50,44.90,38.83,1.00,-1,-1,-1
93,29,894.64,163.53,22.92,61.57,1.00,-1,-1,-1
94,11,448.78,147.94,105.75,78.02,1.00,-1,-1,-1
94,20,234.87,167.04,87.51,113.44,1.00,-1,-1,-1
94,21,626.06,172.00,42.88,51.46,1.00,-1,-1,-1
94,31,152.57,159.34,117.17,153.67,1.00,-1,-1,-1
94,32,147.16,191.50,55.76,62.83,1.00,-1,-1,-1
94,27,968.10,163.63,27.60,70.27,1.00,-1,-1,-1
94,33,816.63,178.72,45.33,45.08,1.00,-1,-1,-1
94,34,805.87,181.71,46.27,39.99,1.00,-1,-1,-1
94,29,899.38,164.40,24.11,62.78,1.00,-1,-1,-1
95,11,442.43,146.77,109.11,80.41,1.00,-1,-1,-1
95,20,200.18,167.07,99.04,123.17,1.00,-1,-1,-1
95,21,628.99,171.98,43.33,52.24,1.00,-1,-1,-1
95,31,99.53,157.52,136.88,170.57,1.00,-1,-1,-1
95,32,122.66,191.10,59.15,65.85,1.00,-1,-1,-1
95,27,979.14,163.61,29.72,72.99,1.00,-1,-1,-1
95,33,821.15,179.12,46.84,46.50,1.00,-1,-1,-1
95,34,809.63,182.39,47.68,41.18,1.00,-1,-1,-1
95,29,906.02,165.61,25.14,64.58,1.00,-1,-1,-1
96,11,435.82,146.28,112.73,82.84,1.00,-1,-1,-1
96,20,161.47,167.26,112.87,134.25,1.00,-1,-1,-1
96,21,632.06,172.54,43.84,53.01,1.00,-1,-1,-1
96,31,33.67,156.51,163.15,191.52,1.00,-1,-1,-1
96,27,990.84,163.81,32.34,75.89,1.00,-1,-1,-1
96,33,825.73,179.38,48.44,47.93,1.00,-1,-1,-1
96,34,813.83,182.80,49.19,42.36,1.00,-1,-1,-1
96,29,913.50,165.90,25.89,66.50,1.00,-1,-1,-1
97,11,428.73,145.69,116.56,85.48,1.00,-1,-1,-1
97,20,115.91,166.90,129.96,147.41,1.00,-1,-1,-1
97,21,635.12,173.18,44.35,53.81,1.00,-1,-1,-1
97,31,2.76,155.53,145.56,211.66,1.00,-1,-1,-1
97,27,1002.99,164.22,34.12,79.03,1.00,-1,-1,-1
97,33,830.39,179.60,50.09,49.46,1.00,-1,-1,-1
97,34,818.22,183.13,50.75,43.62,1.00,-1,-1,-1
97,29,921.18,165.86,25.80,68.51,1.00,-1,-1,-1
98,11,421.09,144.67,120.68,88.26,1.00,-1,-1,-1
98,20,60.87,165.95,151.83,163.32,1.00,-1,-1,-1
98,21,638.16,172.70,44.49,54.59,1.00,-1,-1,-1
98,27,1016.59,163.55,34.95,82.26,1.00,-1,-1,-1
98,33,835.18,179.30,51.86,51.06,1.00,-1,-1,-1
98,34,822.76,182.93,52.42,44.93,1.00,-1,-1,-1
98,29,927.86,165.14,28.39,70.60,1.00,-1,-1,-1
99,11,413.02,143.93,125.13,91.22,1.00,-1,-1,-1
99,20,16.93,165.14,156.57,182.83,1.00,-1,-1,-1
99,21,641.37,172.24,44.48,55.36,1.00,-1,-1,-1
99,27,1031.21,162.89,34.27,85.69,1.00,-1,-1,-1
99,33,840.34,179.27,53.75,52.76,1.00,-1,-1,-1
99,34,827.65,183.00,54.19,46.32,1.00,-1,-1,-1
99,29,935.14,164.42,31.14,72.85,1.00,-1,-1,-1
100,11,404.33,142.76,129.99,94.30,1.00,-1,-1,-1
100,20,-1.39,164.96,126.27,194.72,1.00,-1,-1,-1
100,21,644.62,171.15,44.44,56.13,1.00,-1,-1,-1
100,27,1047.51,161.31,37.10,89.37,1.00,-1,-1,-1
100,33,845.78,178.59,55.81,54.54,1.00,-1,-1,-1
100,34,832.78,182.44,56.11,47.76,1.00,-1,-1,-1
100,29,945.34,162.87,33.24,75.21,1.00,-1,-1,-1
101,11,395.06,142.28,135.15,97.78,1.00,-1,-1,-1
101,21,648.01,171.04,44.28,56.97,1.00,-1,-1,-1
101,27,1065.04,161.14,39.91,93.41,1.00,-1,-1,-1
101,33,852.08,179.20,57.94,56.50,1.00,-1,-1,-1
101,34,838.05,182.68,58.08,49.34,1.00,-1,-1,-1
101,29,956.90,162.58,34.07,77.77,1.00,-1,-1,-1
102,11,385.13,139.53,140.36,101.49,1.00,-1,-1,-1
102,21,651.24,170.16,44.05,57.88,1.00,-1,-1,-1
102,27,1084.45,160.44,42.13,97.85,1.00,-1,-1,-1
102,33,858.73,179.22,60.19,58.63,1.00,-1,-1,-1
102,34,843.30,182.14,60.14,51.06,1.00,-1,-1,-1
102,29,967.46,161.71,35.01,80.51,1.00,-1,-1,-1
103,11,375.11,136.74,146.03,105.22,1.00,-1,-1,-1
103,21,655.08,169.54,43.87,58.74,1.00,-1,-1,-1
103,27,1106.52,158.93,42.64,102.94,1.00,-1,-1,-1
103,33,866.44,179.25,62.68,60.82,1.00,-1,-1,-1
103,34,849.40,181.51,62.41,52.82,1.00,-1,-1,-1
103,29,978.25,160.63,35.08,83.39,1.00,-1,-1,-1
104,11,364.35,134.71,152.46,109.20,1.00,-1,-1,-1
104,21,658.72,167.95,43.20,59.55,1.00,-1,-1,-1
104,27,1132.08,156.07,46.39,108.62,1.00,-1,-1,-1
104,33,874.68,178.57,65.47,63.11,1.00,-1,-1,-1
104,34,855.84,180.14,64.93,54.61,1.00,-1,-1,-1
104,29,990.66,158.64,36.62,86.43,1.00,-1,-1,-1
105,11,352.73,133.09,159.26,113.55,1.00,-1,-1,-1
105,21,662.26,166.50,42.20,60.41,1.00,-1,-1,-1
105,27,1159.37,153.51,49.22,114.93,1.00,-1,-1,-1
105,33,883.43,178.51,68.44,65.65,1.00,-1,-1,-1
105,34,862.59,179.29,67.60,56.61,1.00,-1,-1,-1
105,29,1002.24,156.74,37.46,89.54,1.00,-1,-1,-1
105,35,215.02,155.00,28.33,69.62,1.00,-1,-1,-1
106,11,339.87,132.39,166.62,118.23,1.00,-1,-1,-1
106,21,665.69,167.59,41.40,61.28,1.00,-1,-1,-1
106,27,1183.28,154.20,51.55,121.86,1.00,-1,-1,-1
106,33,892.03,180.14,71.57,68.33,1.00,-1,-1,-1
106,34,869.62,181.08,70.43,58.77,1.00,-1,-1,-1
106,29,1014.81,157.75,40.34,92.95,1.00,-1,-1,-1
106,35,203.38,156.37,30.50,71.51,1.00,-1,-1,-1
106,36,212.62,167.47,37.52,59.87,1.00,-1,-1,-1
107,11,326.36,130.76,174.58,123.55,1.00,-1,-1,-1
107,21,668.38,169.46,41.23,62.30,1.00,-1,-1,-1
107,27,1214.82,156.55,30.18,127.25,1.00,-1,-1,-1
107,33,901.63,182.03,74.88,71.34,1.00,-1,-1,-1
107,34,877.72,183.49,73.43,61.22,1.00,-1,-1,-1
107,29,1028.26,159.61,42.58,96.69,1.00,-1,-1,-1
107,35,189.20,157.54,31.85,73.83,1.00,-1,-1,-1
107,36,206.05,166.94,25.07,61.53,1.00,-1,-1,-1
108,11,311.61,128.59,183.49,129.18,1.00,-1,-1,-1
108,21,671.55,169.83,39.50,63.26,1.00,-1,-1,-1
108,33,911.99,183.19,78.58,74.56,1.00,-1,-1,-1
108,34,886.50,185.41,76.75,63.81,1.00,-1,-1,-1
108,29,1043.59,160.86,45.02,100.72,1.00,-1,-1,-1
108,35,172.36,156.54,31.64,76.67,1.00,-1,-1,-1
108,36,189.33,166.00,22.10,63.51,1.00,-1,-1,-1
109,11,295.29,125.74,193.41,135.28,1.00,-1,-1,-1
109,21,674.37,168.20,37.36,64.15,1.00,-1,-1,-1
109,33,923.98,182.95,82.80,78.12,1.00,-1,-1,-1
109,34,895.65,185.05,80.39,66.54,1.00,-1,-1,-1
109,29,1058.95,159.34,45.89,104.85,1.00,-1,-1,-1
109,35,156.35,154.53,29.52,79.69,1.00,-1,-1,-1
109,36,169.00,164.40,20.35,65.99,1.00,-1,-1,-1
110,11,278.04,123.24,204.61,141.73,1.00,-1,-1,-1
110,21,677.57,165.97,35.02,65.00,1.00,-1,-1,-1
110,33,937.92,182.20,87.61,82.01,1.00,-1,-1,-1
110,34,905.96,183.80,84.43,69.43,1.00,-1,-1,-1
110,29,1077.77,156.58,47.26,109.20,1.00,-1,-1,-1
110,35,139.99,152.54,32.48,82.87,1.00,-1,-1,-1
110,36,154.85,163.02,22.79,68.61,1.00,-1,-1,-1
111,11,258.69,121.00,217.02,148.93,1.00,-1,-1,-1
111,21,680.41,164.09,32.43,65.89,1.00,-1,-1,-1
111,33,951.87,182.10,92.75,86.23,1.00,-1,-1,-1
111,34,916.62,183.01,88.82,72.63,1.00,-1,-1,-1
111,29,1097.00,155.43,46.97,113.91,1.00,-1,-1,-1
111,35,120.36,150.54,35.71,86.45,1.00,-1,-1,-1
111,36,140.47,161.75,25.11,71.37,1.00,-1,-1,-1
111,37,474.39,174.39,23.33,59.74,1.00,-1,-1,-1
112,11,237.50,118.90,230.84,157.04,1.00,-1,-1,-1
112,21,683.57,164.80,28.61,66.76,1.00,-1,-1,-1
112,33,967.04,182.78,98.38,90.92,1.00,-1,-1,-1
112,34,928.82,183.78,93.66,76.24,1.00,-1,-1,-1
112,29,1117.04,155.46,51.00,119.05,1.00,-1,-1,-1
112,35,99.22,148.62,40.79,90.01,1.00,-1,-1,-1
112,36,120.83,160.54,30.80,74.31,1.00,-1,-1,-1
112,37,469.37,172.66,23.54,61.54,1.00,-1,-1,-1
113,11,214.02,117.11,246.53,165.93,1.00,-1,-1,-1
113,21,684.37,165.72,28.73,67.65,1.00,-1,-1,-1
113,33,983.77,183.63,104.74,96.07,1.00,-1,-1,-1
113,34,942.48,185.07,99.11,80.19,1.00,-1,-1,-1
113,29,1138.21,155.65,54.84,124.65,1.00,-1,-1,-1
113,35,72.48,149.01,45.27,94.10,1.00,-1,-1,-1
113,36,95.75,161.29,36.56,77.65,1.00,-1,-1,-1
113,37,464.75,174.51,23.11,63.59,1.00,-1,-1,-1
114,11,188.02,114.86,264.44,175.74,1.00,-1,-1,-1
114,21,684.63,166.18,30.13,68.57,1.00,-1,-1,-1
114,33,1002.58,183.87,112.02,101.77,1.00,-1,-1,-1
114,34,956.49,187.61,104.99,84.44,1.00,-1,-1,-1
114,29,1147.54,155.16,80.70,130.79,1.00,-1,-1,-1
114,35,45.95,149.99,46.50,98.64,1.00,-1,-1,-1
114,36,72.08,162.89,41.20,81.28,1.00,-1,-1,-1
114,37,460.17,176.52,24.13,66.21,1.00,-1,-1,-1
115,11,158.59,111.61,284.92,186.78,1.00,-1,-1,-1
115,21,685.16,167.15,30.11,69.35,1.00,-1,-1,-1
115,33,1023.40,183.37,120.33,108.19,1.00,-1,-1,-1
115,34,971.83,187.57,111.53,88.99,1.00,-1,-1,-1
115,29,1165.21,154.10,76.96,137.29,1.00,-1,-1,-1
115,35,18.54,150.65,44.19,103.79,1.00,-1,-1,-1
115,36,46.88,164.35,43.97,85.24,1.00,-1,-1,-1
115,37,455.01,178.22,24.87,69.03,1.00,-1,-1,-1
116,11,125.36,106.99,308.29,199.73,1.00,-1,-1,-1
116,21,685.66,166.40,29.46,70.23,1.00,-1,-1,-1
116,33,1046.98,183.21,129.79,115.66,1.00,-1,-1,-1
116,34,988.36,187.21,118.72,94.18,1.00,-1,-1,-1
116,29,1189.35,153.90,57.70,142.13,1.00,-1,-1,-1
116,35,-0.23,148.04,42.60,108.91,1.00,-1,-1,-1
116,36,12.81,162.96,56.41,89.70,1.00,-1,-1,-1
116,37,447.98,177.51,26.49,71.99,1.00,-1,-1,-1
117,11,87.76,100.82,333.85,213.79,1.00,-1,-1,-1
117,21,686.04,164.74,28.67,71.09,1.00,-1,-1,-1
117,33,1073.56,182.16,140.99,124.00,1.00,-1,-1,-1
117,34,1006.38,185.80,127.01,99.77,1.00,-1,-1,-1
117,36,-3.30,161.45,47.61,94.58,1.00,-1,-1,-1
117,37,439.52,176.11,27.77,75.11,1.00,-1,-1,-1
118,11,44.88,93.42,363.09,230.28,1.00,-1,-1,-1
118,21,686.65,163.76,27.69,72.01,1.00,-1,-1,-1
118,33,1104.29,182.53,132.74,133.81,1.00,-1,-1,-1
118,34,1026.55,185.58,136.37,106.22,1.00,-1,-1,-1
118,37,430.85,174.99,29.93,78.52,1.00,-1,-1,-1
119,11,9.47,84.68,383.10,249.32,1.00,-1,-1,-1
119,21,687.05,162.65,26.67,72.94,1.00,-1,-1,-1
119,33,1140.83,183.09,104.31,145.03,1.00,-1,-1,-1
119,34,1049.33,185.20,147.21,113.52,1.00,-1,-1,-1
119,37,419.91,175.39,31.59,82.29,1.00,-1,-1,-1
120,11,-4.38,78.24,382.23,271.94,1.00,-1,-1,-1
120,21,688.09,163.20,25.29,73.86,1.00,-1,-1,-1
120,37,407.12,176.73,35.67,86.46,1.00,-1,-1,-1
121,11,-9.16,72.38,371.25,295.73,1.00,-1,-1,-1
121,21,686.79,164.88,25.03,74.74,1.00,-1,-1,-1
121,37,392.54,178.93,39.52,91.08,1.00,-1,-1,-1
122,11,-10.34,64.60,355.20,310.28,1.00,-1,-1,-1
122,21,685.80,165.26,25.22,75.65,1.00,-1,-1,-1
122,37,378.54,180.26,41.87,96.21,1.00,-1,-1,-1
123,11,-9.94,59.76,335.57,317.23,1.00,-1,-1,-1
123,21,684.63,165.57,25.49,76.59,1.00,-1,-1,-1
123,37,362.99,181.84,41.98,102.05,1.00,-1,-1,-1
124,11,-8.86,56.80,312.96,320.30,1.00,-1,-1,-1
124,21,682.40,165.83,25.77,77.56,1.00,-1,-1,-1
124,37,347.47,180.67,45.16,108.41,1.00,-1,-1,-1
125,11,-7.72,55.27,287.34,321.49,1.00,-1,-1,-1
125,21,680.32,165.18,26.59,78.56,1.00,-1,-1,-1
125,37,330.33,178.55,47.90,115.51,1.00,-1,-1,-1
126,11,-6.19,55.14,258.28,321.55,1.00,-1,-1,-1
126,21,678.93,164.38,27.25,79.57,1.00,-1,-1,-1
126,37,310.75,178.04,52.92,123.62,1.00,-1,-1,-1
127,11,-5.01,55.65,225.03,320.88,1.00,-1,-1,-1
127,21,677.50,162.98,27.77,80.59,1.00,-1,-1,-1
127,37,288.12,177.87,56.70,133.07,1.00,-1,-1,-1
128,11,-4.09,56.02,185.81,320.03,1.00,-1,-1,-1
128,21,676.24,159.25,28.63,81.94,1.00,-1,-1,-1
128,37,261.02,177.63,64.27,143.89,1.00,-1,-1,-1
129,11,-2.80,57.07,138.56,319.28,1.00,-1,-1,-1
129,21,674.76,158.91,28.23,83.01,1.00,-1,-1,-1
129,30,-4.66,179.80,102.97,72.39,1.00,-1,-1,-1
129,37,229.79,178.48,70.12,156.77,1.00,-1,-1,-1
130,21,672.23,158.96,28.25,83.94,1.00,-1,-1,-1
130,30,-3.33,180.17,76.39,75.66,1.00,-1,-1,-1
130,37,194.77,179.20,78.87,172.19,1.00,-1,-1,-1
131,21,669.54,158.92,28.69,84.73,1.00,-1,-1,-1
131,30,-2.07,180.22,46.76,76.83,1.00,-1,-1,-1
131,37,152.03,179.58,84.16,188.46,1.00,-1,-1,-1
132,21,667.10,158.89,29.67,85.48,1.00,-1,-1,-1
132,37,99.82,179.98,94.74,194.76,1.00,-1,-1,-1
133,21,664.66,158.75,30.88,86.22,1.00,-1,-1,-1
133,37,38.12,180.40,100.62,196.79,1.00,-1,-1,-1
134,21,663.58,160.19,31.07,87.17,1.00,-1,-1,-1
135,21,663.07,161.91,30.91,88.22,1.00,-1,-1,-1
136,21,662.80,163.94,30.62,89.30,1.00,-1,-1,-1
137,21,662.81,165.62,30.62,90.40,1.00,-1,-1,-1
138,21,661.84,164.75,32.42,91.58,1.00,-1,-1,-1
139,21,660.47,163.13,35.18,92.80,1.00,-1,-1,-1
140,21,659.70,162.16,38.34,94.05,1.00,-1,-1,-1
141,21,658.35,163.68,46.32,94.79,1.00,-1,-1,-1
142,21,661.79,162.79,47.81,95.48,1.00,-1,-1,-1
143,21,667.06,163.09,46.28,96.27,1.00,-1,-1,-1
144,21,670.90,163.31,48.26,97.06,1.00,-1,-1,-1
145,21,674.10,163.00,51.64,97.83,1.00,-1,-1,-1
146,21,676.90,161.81,55.56,98.60,1.00,-1,-1,-1
147,21,681.94,161.48,58.71,99.32,1.00,-1,-1,-1
148,21,687.53,162.49,61.49,100.07,1.00,-1,-1,-1
149,21,693.13,162.57,64.16,100.80,1.00,-1,-1,-1
150,21,699.48,162.27,68.26,101.60,1.00,-1,-1,-1
151,21,705.93,161.16,72.96,102.37,1.00,-1,-1,-1
152,21,712.40,161.50,77.64,103.23,1.00,-1,-1,-1
153,21,721.56,160.64,79.98,104.20,1.00,-1,-1,-1
154,21,732.18,159.54,81.34,105.25,1.00,-1,-1,-1
155,21,743.59,158.89,82.50,106.24,1.00,-1,-1,-1
156,21,755.39,158.25,83.49,107.29,1.00,-1,-1,-1
157,21,768.41,158.07,85.86,108.56,1.00,-1,-1,-1
158,21,782.24,156.79,88.95,109.82,1.00,-1,-1,-1
159,21,796.36,155.27,92.28,111.16,1.00,-1,-1,-1
160,21,810.80,155.11,95.76,112.57,1.00,-1,-1,-1
161,21,828.11,156.43,97.84,114.38,1.00,-1,-1,-1
162,21,846.82,157.48,99.46,116.31,1.00,-1,-1,-1
163,21,866.57,160.44,100.80,118.48,1.00,-1,-1,-1
164,21,888.48,161.62,101.65,120.54,1.00,-1,-1,-1
165,21,911.97,160.19,102.73,122.28,1.00,-1,-1,-1
166,21,936.15,157.48,103.61,124.13,1.00,-1,-1,-1
166,38,861.89,183.36,30.93,47.83,1.00,-1,-1,-1
167,21,960.80,156.22,104.37,126.15,1.00,-1,-1,-1
167,38,865.75,179.33,31.36,48.33,1.00,-1,-1,-1
168,21,986.39,157.52,104.77,128.57,1.00,-1,-1,-1
168,38,869.29,178.32,31.83,49.16,1.00,-1,-1,-1
169,21,1012.80,158.43,105.40,130.86,1.00,-1,-1,-1
169,38,874.08,180.79,32.44,50.17,1.00,-1,-1,-1
170,21,1038.77,157.49,110.01,132.83,1.00,-1,-1,-1
170,38,878.84,181.55,33.11,51.21,1.00,-1,-1,-1
171,21,1064.51,157.69,116.17,134.86,1.00,-1,-1,-1
171,38,883.22,183.04,33.72,52.30,1.00,-1,-1,-1
172,21,1090.88,157.44,123.44,136.74,1.00,-1,-1,-1
172,38,886.50,182.98,34.37,53.28,1.00,-1,-1,-1
173,21,1117.50,157.56,120.69,138.45,1.00,-1,-1,-1
173,38,889.13,182.95,35.06,54.21,1.00,-1,-1,-1
174,21,1145.45,157.88,100.96,140.37,1.00,-1,-1,-1
174,38,890.16,182.81,35.57,55.03,1.00,-1,-1,-1
175,21,1175.20,156.41,72.65,142.35,1.00,-1,-1,-1
175,38,889.48,179.40,36.21,55.93,1.00,-1,-1,-1
176,38,888.74,179.59,36.67,56.78,1.00,-1,-1,-1
177,38,887.13,184.00,37.10,57.70,1.00,-1,-1,-1
178,38,885.41,188.11,37.66,58.61,1.00,-1,-1,-1
179,38,881.67,188.11,38.29,59.35,1.00,-1,-1,-1
180,38,877.98,187.58,38.90,60.09,1.00,-1,-1,-1
181,38,873.73,187.21,39.49,60.85,1.00,-1,-1,-1
182,38,868.78,187.13,40.07,61.63,1.00,-1,-1,-1
183,38,863.35,187.86,40.42,62.39,1.00,-1,-1,-1
184,38,857.87,187.76,40.81,63.18,1.00,-1,-1,-1
185,38,853.43,187.82,41.20,64.00,1.00,-1,-1,-1
186,38,854.09,187.59,41.54,64.91,1.00,-1,-1,-1
187,38,857.12,187.11,41.87,65.94,1.00,-1,-1,-1
188,38,863.13,188.62,42.45,67.32,1.00,-1,-1,-1
189,38,870.65,193.07,43.04,68.81,1.00,-1,-1,-1
190,38,879.60,192.76,43.95,70.18,1.00,-1,-1,-1
191,38,888.93,191.29,44.91,71.63,1.00,-1,-1,-1
192,38,900.90,191.60,45.73,73.09,1.00,-1,-1,-1
193,38,916.67,191.87,46.65,74.70,1.00,-1,-1,-1
194,38,933.06,192.63,47.88,76.81,1.00,-1,-1,-1
195,38,950.13,193.55,49.23,78.92,1.00,-1,-1,-1
196,38,968.55,194.35,50.71,81.09,1.00,-1,-1,-1
197,38,988.78,195.69,52.61,83.90,1.00,-1,-1,-1
198,38,1009.95,196.85,54.73,86.98,1.00,-1,-1,-1
199,38,1031.10,197.13,56.99,90.17,1.00,-1,-1,-1
200,38,1055.69,196.87,59.48,93.59,1.00,-1,-1,-1
200,39,1007.18,192.25,56.45,83.71,1.00,-1,-1,-1
201,38,1081.11,197.01,62.07,97.08,1.00,-1,-1,-1
201,39,1028.42,192.56,58.84,86.36,1.00,-1,-1,-1
202,38,1110.65,198.79,64.91,101.00,1.00,-1,-1,-1
202,39,1053.44,193.13,61.84,89.67,1.00,-1,-1,-1
202,40,931.09,199.43,67.28,93.50,1.00,-1,-1,-1
203,38,1139.87,200.17,67.99,105.17,1.00,-1,-1,-1
203,39,1079.99,194.93,65.48,93.70,1.00,-1,-1,-1
203,40,952.30,201.19,70.74,97.05,1.00,-1,-1,-1
204,38,1171.97,201.68,64.64,109.59,1.00,-1,-1,-1
204,39,1108.73,197.31,69.45,98.06,1.00,-1,-1,-1
204,40,973.23,203.26,74.21,100.48,1.00,-1,-1,-1
205,38,1208.14,203.28,39.52,112.05,1.00,-1,-1,-1
205,39,1138.94,198.95,72.62,102.77,1.00,-1,-1,-1
205,40,999.11,205.95,79.08,105.15,1.00,-1,-1,-1
206,39,1170.27,200.04,69.67,107.56,1.00,-1,-1,-1
206,40,1026.41,208.56,84.50,110.18,1.00,-1,-1,-1
207,39,1203.83,202.57,44.88,110.63,1.00,-1,-1,-1
207,40,1055.82,211.48,90.54,115.57,1.00,-1,-1,-1
208,41,738.98,173.38,43.21,71.95,1.00,-1,-1,-1
209,41,750.65,174.45,27.07,73.33,1.00,-1,-1,-1
210,41,758.92,175.49,27.70,75.01,1.00,-1,-1,-1
211,41,765.94,177.14,31.29,77.05,1.00,-1,-1,-1
211,42,729.34,184.75,20.00,55.72,1.00,-1,-1,-1
212,41,772.96,178.76,30.92,79.20,1.00,-1,-1,-1
212,42,730.54,184.52,21.54,57.00,1.00,-1,-1,-1
213,41,780.34,179.85,28.70,81.35,1.00,-1,-1,-1
213,42,731.69,183.70,22.92,58.54,1.00,-1,-1,-1
214,41,784.68,177.57,31.52,83.76,1.00,-1,-1,-1
214,42,731.70,182.24,25.62,60.45,1.00,-1,-1,-1
214,43,1112.91,220.54,128.09,130.20,1.00,-1,-1,-1
215,41,787.84,174.09,35.34,86.35,1.00,-1,-1,-1
215,42,731.22,180.82,28.20,62.41,1.00,-1,-1,-1
215,43,1137.27,215.69,103.64,136.97,1.00,-1,-1,-1
216,41,790.53,170.58,38.40,89.16,1.00,-1,-1,-1
216,42,732.41,179.77,30.19,64.46,1.00,-1,-1,-1
216,43,1171.42,213.24,69.45,142.58,1.00,-1,-1,-1
217,41,792.88,169.37,40.26,92.23,1.00,-1,-1,-1
217,42,733.11,180.76,31.25,66.93,1.00,-1,-1,-1
217,43,1217.69,213.89,23.17,142.20,1.00,-1,-1,-1
218,41,798.23,164.58,41.94,95.48,1.00,-1,-1,-1
218,42,735.11,178.44,32.06,69.62,1.00,-1,-1,-1
219,41,803.29,161.99,42.81,99.10,1.00,-1,-1,-1
219,42,737.67,176.95,32.13,72.53,1.00,-1,-1,-1
220,41,808.04,160.85,44.65,103.13,1.00,-1,-1,-1
220,42,739.79,176.23,33.66,75.73,1.00,-1,-1,-1
221,41,812.79,159.36,45.86,107.47,1.00,-1,-1,-1
221,42,741.91,174.94,34.98,79.19,1.00,-1,-1,-1
222,41,816.49,160.09,50.95,112.35,1.00,-1,-1,-1
222,42,745.70,175.78,36.37,82.99,1.00,-1,-1,-1
223,41,818.72,160.41,55.94,117.79,1.00,-1,-1,-1
223,42,749.36,175.97,36.54,87.24,1.00,-1,-1,-1
224,41,826.35,160.62,58.58,123.53,1.00,-1,-1,-1
224,42,755.38,177.88,37.26,91.89,1.00,-1,-1,-1
225,41,838.54,159.87,58.58,130.05,1.00,-1,-1,-1
225,42,762.05,179.22,36.84,97.15,1.00,-1,-1,-1
226,41,849.93,158.63,62.02,137.34,1.00,-1,-1,-1
226,42,766.88,178.51,43.12,102.97,1.00,-1,-1,-1
227,41,860.61,158.16,65.21,145.40,1.00,-1,-1,-1
227,42,770.64,177.99,50.45,109.53,1.00,-1,-1,-1
228,41,874.56,156.59,72.45,154.67,1.00,-1,-1,-1
228,42,778.48,176.66,56.06,117.10,1.00,-1,-1,-1
229,41,890.51,156.52,78.29,165.27,1.00,-1,-1,-1
229,42,789.74,178.56,58.74,125.95,1.00,-1,-1,-1
230,41,906.66,156.34,86.09,177.39,1.00,-1,-1,-1
230,42,802.55,181.38,64.99,136.31,1.00,-1,-1,-1
231,41,922.82,155.74,90.22,191.52,1.00,-1,-1,-1
231,42,814.74,182.46,69.17,148.38,1.00,-1,-1,-1
232,41,941.46,154.35,106.94,208.00,1.00,-1,-1,-1
232,42,829.53,182.45,78.03,162.66,1.00,-1,-1,-1
233,41,960.85,152.35,121.96,219.40,1.00,-1,-1,-1
233,42,845.25,182.80,84.05,179.97,1.00,-1,-1,-1
233,44,579.35,173.13,18.00,50.18,1.00,-1,-1,-1
234,41,990.42,149.68,142.88,225.62,1.00,-1,-1,-1
234,42,868.60,183.91,93.11,188.09,1.00,-1,-1,-1
234,44,574.92,172.68,18.37,51.30,1.00,-1,-1,-1
234,45,593.31,177.82,19.71,43.76,1.00,-1,-1,-1
235,41,1024.96,146.71,155.60,230.03,1.00,-1,-1,-1
235,42,896.40,186.12,95.33,189.80,1.00,-1,-1,-1
235,44,569.65,173.73,18.36,52.65,1.00,-1,-1,-1
235,45,590.48,178.68,16.22,44.28,1.00,-1,-1,-1
235,46,737.40,168.08,15.00,45.64,1.00,-1,-1,-1
235,47,759.15,169.56,14.67,43.53,1.00,-1,-1,-1
236,41,1054.67,144.12,168.42,233.73,1.00,-1,-1,-1
236,42,922.47,189.30,137.52,188.46,1.00,-1,-1,-1
236,44,563.37,175.15,20.26,54.35,1.00,-1,-1,-1
236,45,586.48,179.78,16.28,44.92,1.00,-1,-1,-1
236,46,736.00,169.48,16.09,46.38,1.00,-1,-1,-1
236,47,756.38,170.39,16.14,44.25,1.00,-1,-1,-1
237,41,1099.68,140.71,140.96,236.91,1.00,-1,-1,-1
237,42,959.10,189.64,177.40,188.21,1.00,-1,-1,-1
237,44,556.92,175.40,22.17,56.09,1.00,-1,-1,-1
237,45,582.36,179.44,16.86,45.72,1.00,-1,-1,-1
237,46,734.75,169.60,17.02,47.27,1.00,-1,-1,-1
237,47,753.68,170.95,17.52,45.11,1.00,-1,-1,-1
238,41,1164.44,136.20,81.73,240.28,1.00,-1,-1,-1
238,42,1012.82,188.25,189.51,188.61,1.00,-1,-1,-1
238,44,549.78,173.97,23.61,57.90,1.00,-1,-1,-1
238,45,577.48,178.43,18.05,46.53,1.00,-1,-1,-1
238,46,734.11,169.13,17.04,48.36,1.00,-1,-1,-1
238,47,752.01,169.58,17.95,46.12,1.00,-1,-1,-1
238,48,1057.33,159.93,66.43,105.77,1.00,-1,-1,-1
238,49,1032.32,166.59,55.55,92.19,1.00,-1,-1,-1
239,41,1154.51,167.49,90.84,208.16,1.00,-1,-1,-1
239,42,1054.68,168.26,104.03,139.86,1.00,-1,-1,-1
239,44,542.41,172.67,24.29,59.78,1.00,-1,-1,-1
239,45,571.15,177.42,19.38,47.33,1.00,-1,-1,-1
239,46,732.71,167.97,16.37,49.45,1.00,-1,-1,-1
239,47,750.83,168.21,17.68,47.14,1.00,-1,-1,-1
239,49,1054.45,165.01,37.82,95.30,1.00,-1,-1,-1
240,42,1085.15,158.42,62.18,122.01,1.00,-1,-1,-1
240,44,534.11,171.83,24.51,61.79,1.00,-1,-1,-1
240,45,564.63,177.07,19.29,48.18,1.00,-1,-1,-1
240,46,730.10,166.49,17.11,50.58,1.00,-1,-1,-1
240,47,748.59,166.79,17.69,48.19,1.00,-1,-1,-1
240,49,1068.56,163.38,35.53,99.16,1.00,-1,-1,-1
241,42,1104.45,154.18,53.81,120.46,1.00,-1,-1,-1
241,44,524.98,171.71,23.82,64.01,1.00,-1,-1,-1
241,45,557.64,177.11,18.37,49.06,1.00,-1,-1,-1
241,46,726.45,165.73,18.00,51.82,1.00,-1,-1,-1
241,47,745.12,166.56,17.50,49.30,1.00,-1,-1,-1
241,49,1080.67,161.94,34.87,104.04,1.00,-1,-1,-1
242,42,1122.02,153.02,55.74,124.35,1.00,-1,-1,-1
242,44,514.88,171.93,24.53,66.47,1.00,-1,-1,-1
242,45,550.62,177.70,17.76,50.03,1.00,-1,-1,-1
242,46,723.73,165.19,18.05,53.18,1.00,-1,-1,-1
242,47,741.71,166.73,18.62,50.50,1.00,-1,-1,-1
242,49,1094.87,161.99,38.43,109.29,1.00,-1,-1,-1
243,42,1139.46,152.91,57.26,130.46,1.00,-1,-1,-1
243,44,503.99,171.80,25.28,69.12,1.00,-1,-1,-1
243,45,542.96,178.46,16.83,51.03,1.00,-1,-1,-1
243,46,721.25,165.50,17.41,54.53,1.00,-1,-1,-1
243,47,738.25,167.01,19.84,51.77,1.00,-1,-1,-1
243,49,1109.06,162.62,41.16,114.88,1.00,-1,-1,-1
244,42,1153.53,152.30,78.37,137.78,1.00,-1,-1,-1
244,44,493.41,170.73,26.38,71.97,1.00,-1,-1,-1
244,45,534.81,177.41,17.50,52.03,1.00,-1,-1,-1
244,46,718.46,165.34,17.78,55.91,1.00,-1,-1,-1
244,47,735.38,166.52,21.25,53.11,1.00,-1,-1,-1
244,49,1127.24,162.58,46.23,120.94,1.00,-1,-1,-1
245,42,1173.01,152.40,72.01,146.04,1.00,-1,-1,-1
245,44,482.89,170.80,27.05,75.06,1.00,-1,-1,-1
245,45,526.95,177.40,18.31,53.14,1.00,-1,-1,-1
245,46,715.14,165.66,18.20,57.35,1.00,-1,-1,-1
245,47,732.75,166.57,22.36,54.52,1.00,-1,-1,-1
245,49,1147.62,163.13,50.06,127.64,1.00,-1,-1,-1
246,42,1197.12,153.00,51.22,151.03,1.00,-1,-1,-1
246,44,471.03,170.94,28.28,78.43,1.00,-1,-1,-1
246,45,518.59,177.39,19.94,54.32,1.00,-1,-1,-1
246,46,712.22,165.82,17.98,58.87,1.00,-1,-1,-1
246,47,730.32,166.39,22.68,56.02,1.00,-1,-1,-1
246,49,1165.10,163.31,66.15,135.01,1.00,-1,-1,-1
247,42,1227.62,156.13,19.35,154.38,1.00,-1,-1,-1
247,44,458.43,171.15,29.03,82.15,1.00,-1,-1,-1
247,45,509.90,177.40,21.82,55.50,1.00,-1,-1,-1
247,46,710.96,165.50,17.16,60.61,1.00,-1,-1,-1
247,47,728.34,166.14,22.24,57.61,1.00,-1,-1,-1
247,49,1187.78,163.48,57.20,142.77,1.00,-1,-1,-1
248,42,1223.62,161.09,18.45,149.86,1.00,-1,-1,-1
248,44,444.46,170.20,32.70,86.25,1.00,-1,-1,-1
248,45,502.61,177.29,24.14,56.77,1.00,-1,-1,-1
248,46,708.91,164.86,18.95,62.51,1.00,-1,-1,-1
248,47,726.02,165.75,22.80,59.29,1.00,-1,-1,-1
249,44,429.00,168.83,36.18,90.79,1.00,-1,-1,-1
249,45,493.97,177.25,26.61,58.09,1.00,-1,-1,-1
249,46,706.86,164.46,21.21,64.51,1.00,-1,-1,-1
249,47,723.30,165.35,23.33,61.08,1.00,-1,-1,-1
249,50,464.96,172.13,27.00,74.29,1.00,-1,-1,-1
250,44,413.59,168.11,38.34,95.84,1.00,-1,-1,-1
250,45,488.38,177.38,25.16,59.39,1.00,-1,-1,-1
250,46,704.97,164.67,22.24,66.63,1.00,-1,-1,-1
250,47,722.02,165.87,23.67,63.00,1.00,-1,-1,-1
250,50,457.63,171.89,27.77,77.06,1.00,-1,-1,-1
251,44,397.78,167.78,38.20,101.48,1.00,-1,-1,-1
251,45,481.13,177.89,23.99,60.94,1.00,-1,-1,-1
251,46,703.16,164.64,22.27,68.90,1.00,-1,-1,-1
251,47,721.21,166.28,23.40,65.07,1.00,-1,-1,-1
251,50,449.07,171.48,27.93,80.49,1.00,-1,-1,-1
252,44,380.82,167.79,40.57,107.79,1.00,-1,-1,-1
252,45,473.22,178.74,25.03,62.59,1.00,-1,-1,-1
252,46,703.94,165.08,22.75,71.25,1.00,-1,-1,-1
252,47,721.60,166.80,22.81,67.28,1.00,-1,-1,-1
252,50,439.03,172.04,30.22,84.83,1.00,-1,-1,-1
253,44,362.35,168.06,41.95,114.92,1.00,-1,-1,-1
253,45,465.23,179.86,24.58,64.27,1.00,-1,-1,-1
253,46,706.15,165.86,22.87,73.73,1.00,-1,-1,-1
253,47,723.92,167.72,21.50,69.69,1.00,-1,-1,-1
253,50,429.77,172.86,32.23,89.46,1.00,-1,-1,-1
254,44,342.21,168.11,47.79,123.04,1.00,-1,-1,-1
254,45,456.50,180.82,27.80,66.00,1.00,-1,-1,-1
254,46,708.77,166.61,24.68,76.39,1.00,-1,-1,-1
254,47,727.80,168.64,24.86,72.30,1.00,-1,-1,-1
254,50,423.68,173.55,32.67,94.47,1.00,-1,-1,-1
255,44,320.90,167.90,52.85,132.50,1.00,-1,-1,-1
255,45,450.02,180.88,31.12,67.75,1.00,-1,-1,-1
255,46,711.18,166.84,26.58,79.23,1.00,-1,-1,-1
255,47,731.75,169.07,29.11,75.12,1.00,-1,-1,-1
255,50,417.80,174.03,32.57,99.94,1.00,-1,-1,-1
256,44,297.08,167.83,62.57,143.60,1.00,-1,-1,-1
256,45,445.12,180.87,32.50,69.60,1.00,-1,-1,-1
256,46,717.83,166.66,29.20,82.54,1.00,-1,-1,-1
256,47,738.34,168.87,31.40,78.30,1.00,-1,-1,-1
256,50,406.78,173.99,34.77,106.12,1.00,-1,-1,-1
256,51,336.85,173.40,43.04,107.59,1.00,-1,-1,-1
257,44,270.78,167.73,70.39,156.69,1.00,-1,-1,-1
257,45,440.61,180.71,32.59,71.52,1.00,-1,-1,-1
257,46,726.26,166.03,31.07,86.24,1.00,-1,-1,-1
257,47,746.12,168.11,31.97,81.80,1.00,-1,-1,-1
257,50,392.36,173.60,36.41,113.10,1.00,-1,-1,-1
257,51,333.97,172.92,36.09,112.19,1.00,-1,-1,-1
258,44,243.26,168.11,78.03,172.39,1.00,-1,-1,-1
258,45,439.69,180.96,32.41,73.57,1.00,-1,-1,-1
258,46,732.84,165.81,33.09,90.33,1.00,-1,-1,-1
258,47,755.78,168.04,33.79,85.64,1.00,-1,-1,-1
258,50,377.25,173.53,41.54,121.08,1.00,-1,-1,-1
258,51,325.86,172.51,34.45,117.95,1.00,-1,-1,-1
258,52,394.54,177.92,38.78,88.01,1.00,-1,-1,-1
259,44,210.27,167.07,79.63,191.51,1.00,-1,-1,-1
259,45,440.27,181.18,31.61,75.73,1.00,-1,-1,-1
259,46,738.80,165.43,33.84,94.85,1.00,-1,-1,-1
259,47,766.48,167.94,34.95,89.85,1.00,-1,-1,-1
259,50,361.77,173.00,44.95,130.16,1.00,-1,-1,-1
259,51,314.54,171.87,32.30,125.36,1.00,-1,-1,-1
259,52,396.67,177.13,31.23,91.99,1.00,-1,-1,-1
260,44,172.40,164.48,89.82,205.65,1.00,-1,-1,-1
260,45,436.23,180.12,31.60,78.17,1.00,-1,-1,-1
260,46,749.10,162.88,35.51,99.69,1.00,-1,-1,-1
260,47,778.90,165.62,38.51,94.45,1.00,-1,-1,-1
260,50,347.54,171.53,51.05,140.67,1.00,-1,-1,-1
260,51,302.11,170.66,35.38,133.52,1.00,-1,-1,-1
260,52,392.61,175.67,34.70,96.97,1.00,-1,-1,-1
261,44,120.76,161.00,95.11,213.36,1.00,-1,-1,-1
261,45,429.82,178.79,31.52,80.84,1.00,-1,-1,-1
261,46,761.29,159.59,35.90,105.00,1.00,-1,-1,-1
261,47,791.87,162.54,41.44,99.53,1.00,-1,-1,-1
261,50,330.85,169.84,54.27,152.97,1.00,-1,-1,-1
261,51,288.19,169.41,38.09,142.55,1.00,-1,-1,-1
261,52,386.27,173.96,39.71,103.41,1.00,-1,-1,-1
262,44,42.61,156.48,137.90,219.32,1.00,-1,-1,-1
262,45,425.19,177.50,31.97,83.75,1.00,-1,-1,-1
262,46,774.36,155.46,41.11,111.17,1.00,-1,-1,-1
262,47,808.85,158.31,44.26,105.33,1.00,-1,-1,-1
262,50,313.09,168.04,62.10,167.69,1.00,-1,-1,-1
262,51,272.47,168.14,43.21,152.73,1.00,-1,-1,-1
262,52,379.29,172.19,45.27,110.55,1.00,-1,-1,-1
263,45,420.24,177.70,32.16,86.92,1.00,-1,-1,-1
263,46,787.01,155.35,46.23,118.20,1.00,-1,-1,-1
263,47,827.50,158.32,44.84,112.01,1.00,-1,-1,-1
263,50,289.70,167.86,66.28,185.40,1.00,-1,-1,-1
263,51,252.53,168.11,46.40,164.31,1.00,-1,-1,-1
263,52,368.87,173.16,48.96,118.63,1.00,-1,-1,-1
264,45,415.02,178.15,35.07,90.05,1.00,-1,-1,-1
264,46,806.53,154.63,51.46,127.08,1.00,-1,-1,-1
264,47,850.49,158.12,49.09,119.59,1.00,-1,-1,-1
264,50,260.73,166.83,76.62,202.32,1.00,-1,-1,-1
264,51,226.77,167.28,54.94,177.71,1.00,-1,-1,-1
264,52,359.06,172.98,53.89,127.72,1.00,-1,-1,-1
265,45,409.54,178.58,38.66,93.32,1.00,-1,-1,-1
265,46,828.26,153.87,53.49,136.15,1.00,-1,-1,-1
265,47,875.44,157.90,52.09,128.29,1.00,-1,-1,-1
265,50,219.57,164.97,82.31,210.46,1.00,-1,-1,-1
265,51,202.36,165.77,58.56,193.44,1.00,-1,-1,-1
265,52,348.36,172.11,57.47,138.22,1.00,-1,-1,-1
266,45,404.56,178.49,40.38,96.94,1.00,-1,-1,-1
266,46,851.33,151.67,56.55,146.47,1.00,-1,-1,-1
266,47,900.57,157.58,61.34,138.34,1.00,-1,-1,-1
266,50,136.23,163.76,142.02,213.91,1.00,-1,-1,-1
266,51,163.11,163.95,67.88,207.83,1.00,-1,-1,-1
266,52,333.91,171.29,63.89,150.83,1.00,-1,-1,-1
267,45,400.00,177.98,41.40,100.87,1.00,-1,-1,-1
267,46,875.83,148.31,56.55,158.42,1.00,-1,-1,-1
267,47,926.04,154.49,69.25,150.08,1.00,-1,-1,-1
267,50,55.47,161.26,185.98,216.81,1.00,-1,-1,-1
267,51,111.90,161.48,74.43,214.93,1.00,-1,-1,-1
267,52,314.13,170.21,69.68,166.04,1.00,-1,-1,-1
268,45,392.44,176.92,43.40,105.11,1.00,-1,-1,-1
268,46,902.68,143.45,67.61,172.92,1.00,-1,-1,-1
268,47,960.10,149.18,83.76,163.99,1.00,-1,-1,-1
268,50,16.21,157.32,168.80,220.17,1.00,-1,-1,-1
268,51,52.25,158.62,112.91,218.90,1.00,-1,-1,-1
268,52,289.62,168.55,80.02,184.68,1.00,-1,-1,-1
269,45,383.53,175.65,45.89,109.75,1.00,-1,-1,-1
269,46,930.58,139.35,77.83,190.49,1.00,-1,-1,-1
269,47,996.91,146.28,94.68,180.48,1.00,-1,-1,-1
269,51,13.09,156.43,109.74,221.67,1.00,-1,-1,-1
269,52,257.53,167.69,86.34,201.54,1.00,-1,-1,-1
270,45,376.00,175.12,46.52,114.84,1.00,-1,-1,-1
270,46,968.06,135.12,86.95,211.91,1.00,-1,-1,-1
270,47,1044.12,142.81,109.75,200.49,1.00,-1,-1,-1
270,52,215.91,166.22,108.23,209.35,1.00,-1,-1,-1
271,45,366.61,175.45,47.01,120.45,1.00,-1,-1,-1
271,46,1012.59,130.98,87.59,235.43,1.00,-1,-1,-1
271,47,1085.75,139.54,116.47,225.32,1.00,-1,-1,-1
271,52,155.37,164.87,123.16,213.49,1.00,-1,-1,-1
272,45,354.16,175.50,53.33,126.57,1.00,-1,-1,-1
272,46,1048.98,124.97,146.58,248.94,1.00,-1,-1,-1
272,47,1136.76,136.14,98.03,237.22,1.00,-1,-1,-1
272,52,60.46,162.39,184.63,216.58,1.00,-1,-1,-1
273,45,341.14,175.42,58.07,133.43,1.00,-1,-1,-1
273,47,1138.95,122.49,107.96,253.13,1.00,-1,-1,-1
273,52,17.81,162.37,175.54,215.66,1.00,-1,-1,-1
273,53,445.55,177.68,17.00,57.04,1.00,-1,-1,-1
274,45,332.14,177.87,59.79,141.06,1.00,-1,-1,-1
274,47,1197.57,119.64,54.46,257.81,1.00,-1,-1,-1
274,53,444.74,179.28,18.60,58.49,1.00,-1,-1,-1
275,45,323.42,179.82,58.26,149.72,1.00,-1,-1,-1
275,53,443.00,180.98,19.89,60.30,1.00,-1,-1,-1
275,54,420.59,176.25,23.00,64.40,1.00,-1,-1,-1
276,45,307.33,182.75,62.51,160.48,1.00,-1,-1,-1
276,53,441.22,182.64,21.36,62.55,1.00,-1,-1,-1
276,54,420.26,177.98,23.96,66.19,1.00,-1,-1,-1
277,45,285.96,182.21,66.83,171.55,1.00,-1,-1,-1
277,53,439.05,181.59,22.32,64.81,1.00,-1,-1,-1
277,54,418.48,177.42,24.50,68.40,1.00,-1,-1,-1
278,45,262.65,179.45,80.35,183.84,1.00,-1,-1,-1
278,53,436.47,179.23,24.67,67.16,1.00,-1,-1,-1
278,54,415.64,174.49,24.42,71.13,1.00,-1,-1,-1
278,55,632.94,175.42,26.40,58.91,1.00,-1,-1,-1
279,45,229.20,175.34,93.69,195.92,1.00,-1,-1,-1
279,53,432.91,177.13,26.85,69.68,1.00,-1,-1,-1
279,54,411.88,171.49,23.39,74.02,1.00,-1,-1,-1
279,55,642.46,172.36,20.22,60.21,1.00,-1,-1,-1
280,45,197.12,174.80,108.46,199.97,1.00,-1,-1,-1
280,53,429.91,176.18,27.25,72.47,1.00,-1,-1,-1
280,54,408.05,170.43,24.65,77.06,1.00,-1,-1,-1
280,55,647.99,170.77,19.73,62.01,1.00,-1,-1,-1
281,45,161.49,175.52,111.21,201.33,1.00,-1,-1,-1
281,53,427.87,176.65,25.99,75.59,1.00,-1,-1,-1
281,54,402.54,170.60,25.83,80.34,1.00,-1,-1,-1
281,55,653.94,171.59,19.89,64.35,1.00,-1,-1,-1
282,45,93.09,176.40,155.67,201.47,1.00,-1,-1,-1
282,53,424.03,178.32,27.02,79.11,1.00,-1,-1,-1
282,54,397.43,172.03,27.59,83.86,1.00,-1,-1,-1
282,55,660.30,173.05,20.50,66.77,1.00,-1,-1,-1
283,45,33.18,176.71,185.07,201.09,1.00,-1,-1,-1
283,53,418.69,179.89,28.22,83.02,1.00,-1,-1,-1
283,54,391.59,173.41,28.72,87.66,1.00,-1,-1,-1
283,55,666.42,174.25,20.92,69.29,1.00,-1,-1,-1
283,56,1145.14,172.02,62.00,129.58,1.00,-1,-1,-1
284,45,6.34,176.40,171.10,200.37,1.00,-1,-1,-1
284,53,414.03,178.93,29.70,87.21,1.00,-1,-1,-1
284,54,385.21,172.26,31.23,92.01,1.00,-1,-1,-1
284,55,672.25,172.99,22.92,72.06,1.00,-1,-1,-1
284,56,1168.59,170.69,66.60,138.41,1.00,-1,-1,-1
285,53,408.56,177.83,30.29,91.85,1.00,-1,-1,-1
285,54,377.29,170.95,33.12,96.89,1.00,-1,-1,-1
285,55,677.86,171.87,24.96,75.07,1.00,-1,-1,-1
286,53,402.14,176.67,32.01,97.02,1.00,-1,-1,-1
286,54,368.60,169.54,35.37,102.37,1.00,-1,-1,-1
286,55,683.69,171.64,25.38,78.41,1.00,-1,-1,-1
286,57,477.07,175.28,27.49,50.11,1.00,-1,-1,-1
287,53,392.26,177.84,33.17,103.03,1.00,-1,-1,-1
287,54,358.08,169.36,36.52,108.59,1.00,-1,-1,-1
287,55,690.06,172.43,24.69,82.03,1.00,-1,-1,-1
287,57,475.53,176.48,28.40,51.67,1.00,-1,-1,-1
288,53,380.73,177.80,36.51,109.92,1.00,-1,-1,-1
288,54,344.51,168.17,40.35,115.58,1.00,-1,-1,-1
288,55,696.99,170.94,26.23,86.03,1.00,-1,-1,-1
288,57,473.24,176.93,29.56,53.56,1.00,-1,-1,-1
289,53,366.65,177.41,38.99,117.81,1.00,-1,-1,-1
289,54,327.25,166.84,43.37,123.73,1.00,-1,-1,-1
289,55,704.14,169.87,27.66,90.48,1.00,-1,-1,-1
289,57,469.33,176.21,31.05,55.93,1.00,-1,-1,-1
290,53,351.62,176.82,43.94,126.95,1.00,-1,-1,-1
290,54,309.15,165.31,47.56,133.19,1.00,-1,-1,-1
290,55,711.58,168.90,29.90,95.44,1.00,-1,-1,-1
290,57,465.04,174.96,32.65,58.47,1.00,-1,-1,-1
290,58,542.79,179.55,20.40,35.13,1.00,-1,-1,-1
290,59,530.83,177.18,20.26,37.07,1.00,-1,-1,-1
291,53,333.76,176.06,47.51,137.62,1.00,-1,-1,-1
291,54,287.72,163.47,49.76,144.11,1.00,-1,-1,-1
291,55,719.14,167.90,31.39,100.96,1.00,-1,-1,-1
291,57,460.51,173.48,34.39,61.16,1.00,-1,-1,-1
291,58,546.85,178.53,15.29,35.68,1.00,-1,-1,-1
291,59,533.68,176.03,16.60,37.63,1.00,-1,-1,-1
291,60,497.68,169.93,22.61,48.32,1.00,-1,-1,-1
292,53,311.48,175.85,55.98,150.26,1.00,-1,-1,-1
292,54,264.51,161.99,53.61,156.95,1.00,-1,-1,-1
292,55,728.21,167.54,33.24,107.18,1.00,-1,-1,-1
292,57,456.01,173.05,36.26,64.08,1.00,-1,-1,-1
292,58,547.36,177.83,14.73,36.30,1.00,-1,-1,-1
292,59,535.72,175.28,15.00,38.30,1.00,-1,-1,-1
292,60,497.58,168.79,22.62,50.09,1.00,-1,-1,-1
293,53,283.17,174.84,62.88,165.43,1.00,-1,-1,-1
293,54,236.34,160.54,54.78,172.17,1.00,-1,-1,-1
293,55,737.89,166.47,33.91,114.20,1.00,-1,-1,-1
293,57,451.08,172.16,38.30,67.26,1.00,-1,-1,-1
293,58,546.70,177.33,14.90,37.01,1.00,-1,-1,-1
293,59,536.81,174.72,13.47,39.08,1.00,-1,-1,-1
293,60,496.71,168.48,22.64,52.29,1.00,-1,-1,-1
294,53,251.53,173.95,71.21,183.81,1.00,-1,-1,-1
294,54,202.41,158.71,62.96,190.61,1.00,-1,-1,-1
294,55,749.72,164.78,37.03,122.21,1.00,-1,-1,-1
294,57,445.72,170.84,40.57,70.75,1.00,-1,-1,-1
294,58,546.80,176.84,14.02,37.72,1.00,-1,-1,-1
294,59,536.17,174.19,13.65,39.87,1.00,-1,-1,-1
294,60,495.08,168.01,22.66,55.08,1.00,-1,-1,-1
295,53,179.28,162.92,72.95,206.77,1.00,-1,-1,-1
295,54,190.46,167.15,71.06,199.44,1.00,-1,-1,-1
295,55,762.48,162.56,39.61,131.40,1.00,-1,-1,-1
295,57,439.66,169.64,42.94,74.53,1.00,-1,-1,-1
295,58,547.89,176.37,12.66,38.49,1.00,-1,-1,-1
295,59,535.54,173.65,14.02,40.69,1.00,-1,-1,-1
295,60,493.47,167.56,22.71,58.09,1.00,-1,-1,-1
296,53,91.57,157.57,112.96,217.36,1.00,-1,-1,-1
296,54,136.38,170.73,114.18,203.08,1.00,-1,-1,-1
296,55,777.73,161.47,44.23,142.14,1.00,-1,-1,-1
296,57,432.98,169.03,45.48,78.75,1.00,-1,-1,-1
296,58,548.37,176.48,13.88,39.32,1.00,-1,-1,-1
296,59,534.86,173.70,15.08,41.54,1.00,-1,-1,-1
296,60,491.92,166.89,22.73,61.37,1.00,-1,-1,-1
297,53,32.47,153.67,119.82,223.06,1.00,-1,-1,-1
297,54,67.51,171.86,148.83,204.47,1.00,-1,-1,-1
297,55,793.99,160.09,47.97,154.79,1.00,-1,-1,-1
297,57,425.01,168.12,48.35,83.45,1.00,-1,-1,-1
297,58,547.51,175.58,15.51,40.15,1.00,-1,-1,-1
297,59,533.42,172.86,16.16,42.40,1.00,-1,-1,-1
297,60,489.87,165.59,22.76,64.98,1.00,-1,-1,-1
298,53,4.99,164.70,124.95,212.64,1.00,-1,-1,-1
298,55,814.52,158.86,51.86,169.92,1.00,-1,-1,-1
298,57,416.44,167.35,51.64,88.75,1.00,-1,-1,-1
298,58,547.61,174.60,16.33,41.00,1.00,-1,-1,-1
298,59,532.69,171.98,16.43,43.29,1.00,-1,-1,-1
298,60,485.44,165.07,25.00,68.90,1.00,-1,-1,-1
299,55,837.29,157.78,53.44,188.79,1.00,-1,-1,-1
299,57,405.74,167.72,55.56,94.75,1.00,-1,-1,-1
299,58,546.68,175.38,16.64,41.91,1.00,-1,-1,-1
299,59,531.10,172.64,16.20,44.30,1.00,-1,-1,-1
299,60,479.36,165.22,28.20,73.25,1.00,-1,-1,-1
300,55,864.61,156.30,61.05,210.14,1.00,-1,-1,-1
300,57,393.36,168.07,60.21,101.63,1.00,-1,-1,-1
300,58,545.74,176.40,16.86,42.87,1.00,-1,-1,-1
300,59,529.52,173.45,17.00,45.40,1.00,-1,-1,-1
300,60,472.30,165.12,32.07,78.16,1.00,-1,-1,-1
301,55,896.36,153.63,67.71,220.36,1.00,-1,-1,-1
301,57,379.11,167.82,65.80,109.58,1.00,-1,-1,-1
301,58,544.23,176.81,16.83,43.89,1.00,-1,-1,-1
301,59,527.50,173.48,17.94,46.49,1.00,-1,-1,-1
301,60,464.26,164.28,36.62,83.77,1.00,-1,-1,-1
302,55,930.50,150.16,90.59,226.38,1.00,-1,-1,-1
302,57,362.65,167.52,72.57,118.89,1.00,-1,-1,-1
302,58,541.81,177.22,18.02,44.95,1.00,-1,-1,-1
302,59,525.68,173.44,17.97,47.61,1.00,-1,-1,-1
302,60,455.20,163.31,41.91,90.23,1.00,-1,-1,-1
303,55,982.60,145.92,111.19,231.55,1.00,-1,-1,-1
303,57,343.28,167.76,80.96,129.91,1.00,-1,-1,-1
303,58,539.30,177.47,19.42,46.05,1.00,-1,-1,-1
303,59,523.77,173.82,17.44,48.76,1.00,-1,-1,-1
303,60,445.28,162.43,46.05,97.67,1.00,-1,-1,-1
304,55,1058.90,140.18,127.97,237.31,1.00,-1,-1,-1
304,57,319.75,167.92,91.50,143.20,1.00,-1,-1,-1
304,58,537.41,177.38,18.43,47.19,1.00,-1,-1,-1
304,59,521.99,173.59,17.21,49.98,1.00,-1,-1,-1
304,60,433.49,161.15,50.18,106.41,1.00,-1,-1,-1
304,61,618.69,169.45,16.02,37.85,1.00,-1,-1,-1
304,62,630.66,170.62,16.97,38.23,1.00,-1,-1,-1
305,55,1166.78,138.39,60.93,239.13,1.00,-1,-1,-1
305,57,290.78,166.58,105.35,159.25,1.00,-1,-1,-1
305,58,535.87,177.34,16.05,48.39,1.00,-1,-1,-1
305,59,520.25,173.29,16.90,51.27,1.00,-1,-1,-1
305,60,419.97,159.75,54.74,116.58,1.00,-1,-1,-1
305,61,629.72,169.07,8.53,38.50,1.00,-1,-1,-1
305,62,636.55,170.43,13.79,38.93,1.00,-1,-1,-1
306,57,254.27,164.55,123.69,179.21,1.00,-1,-1,-1
306,58,534.41,177.54,16.27,49.65,1.00,-1,-1,-1
306,59,517.01,173.19,18.09,52.62,1.00,-1,-1,-1
306,60,403.59,158.37,60.33,128.78,1.00,-1,-1,-1
306,61,629.81,168.85,10.83,39.27,1.00,-1,-1,-1
306,62,640.44,170.42,13.27,39.76,1.00,-1,-1,-1
307,57,207.58,161.12,148.71,203.34,1.00,-1,-1,-1
307,58,532.94,176.87,17.22,50.97,1.00,-1,-1,-1
307,59,513.32,172.56,19.61,54.04,1.00,-1,-1,-1
307,60,383.69,156.14,67.61,143.77,1.00,-1,-1,-1
307,61,627.77,168.16,14.55,40.21,1.00,-1,-1,-1
307,62,644.24,169.98,13.00,40.77,1.00,-1,-1,-1
308,57,144.99,158.86,184.39,213.97,1.00,-1,-1,-1
308,58,531.70,175.90,18.95,52.36,1.00,-1,-1,-1
308,59,510.22,172.07,20.74,55.53,1.00,-1,-1,-1
308,60,358.60,153.28,77.48,162.69,1.00,-1,-1,-1
308,61,628.55,167.40,15.78,41.16,1.00,-1,-1,-1
308,62,648.41,169.48,13.35,41.81,1.00,-1,-1,-1
309,57,57.09,157.02,238.02,219.37,1.00,-1,-1,-1
309,58,530.59,175.32,20.81,53.83,1.00,-1,-1,-1
309,59,507.37,172.14,21.49,57.13,1.00,-1,-1,-1
309,60,328.35,150.46,90.55,187.00,1.00,-1,-1,-1
309,61,630.68,167.11,15.56,42.15,1.00,-1,-1,-1
309,62,652.84,169.46,13.57,42.88,1.00,-1,-1,-1
310,57,16.41,155.56,233.69,222.41,1.00,-1,-1,-1
310,58,527.24,176.23,21.74,55.41,1.00,-1,-1,-1
310,59,504.57,173.11,22.01,58.79,1.00,-1,-1,-1
310,60,288.26,147.02,109.55,215.27,1.00,-1,-1,-1
310,61,633.10,167.98,16.13,43.31,1.00,-1,-1,-1
310,62,656.01,169.41,13.69,44.01,1.00,-1,-1,-1
311,57,-1.18,156.57,184.50,221.04,1.00,-1,-1,-1
311,58,522.82,176.97,22.10,57.12,1.00,-1,-1,-1
311,59,501.75,173.63,22.16,60.56,1.00,-1,-1,-1
311,60,231.43,141.03,138.96,230.92,1.00,-1,-1,-1
311,61,635.70,168.68,16.76,44.61,1.00,-1,-1,-1
311,62,658.68,168.77,13.44,45.23,1.00,-1,-1,-1
311,63,879.71,168.23,41.00,83.55,1.00,-1,-1,-1
312,58,519.07,177.77,22.21,58.88,1.00,-1,-1,-1
312,59,498.94,175.27,22.66,62.42,1.00,-1,-1,-1
312,60,146.98,132.45,187.62,244.18,1.00,-1,-1,-1
312,61,638.93,170.38,17.92,45.98,1.00,-1,-1,-1
312,62,661.04,168.87,15.59,46.51,1.00,-1,-1,-1
312,63,892.13,167.20,45.85,87.08,1.00,-1,-1,-1
313,58,515.38,176.87,22.06,60.75,1.00,-1,-1,-1
313,59,496.13,173.69,23.07,64.38,1.00,-1,-1,-1
313,60,57.27,115.62,226.63,261.61,1.00,-1,-1,-1
313,61,641.53,169.30,18.89,47.32,1.00,-1,-1,-1
313,62,663.27,167.72,18.12,47.86,1.00,-1,-1,-1
313,63,906.68,165.19,49.21,91.48,1.00,-1,-1,-1
314,58,514.61,176.83,21.46,62.69,1.00,-1,-1,-1
314,59,493.01,172.90,22.96,66.43,1.00,-1,-1,-1
314,61,644.71,169.11,19.13,48.69,1.00,-1,-1,-1
314,62,666.76,168.06,19.34,49.27,1.00,-1,-1,-1
314,63,925.55,164.04,53.47,97.15,1.00,-1,-1,-1
314,57,-8.77,110.77,158.64,266.24,1.00,-1,-1,-1
315,58,515.09,175.45,20.14,64.76,1.00,-1,-1,-1
315,59,489.15,170.70,22.86,68.66,1.00,-1,-1,-1
315,61,647.76,167.28,18.58,50.13,1.00,-1,-1,-1
315,62,670.08,166.69,19.56,50.76,1.00,-1,-1,-1
315,63,945.41,162.27,54.96,103.44,1.00,-1,-1,-1
316,58,510.09,173.49,22.43,66.91,1.00,-1,-1,-1
316,59,485.14,168.89,23.79,70.99,1.00,-1,-1,-1
316,61,651.35,164.48,18.70,51.61,1.00,-1,-1,-1
316,62,674.81,164.27,19.09,52.32,1.00,-1,-1,-1
316,63,972.37,159.46,57.55,110.32,1.00,-1,-1,-1
317,58,502.88,172.03,25.51,69.22,1.00,-1,-1,-1
317,59,480.62,168.03,24.34,73.46,1.00,-1,-1,-1
317,61,654.58,163.63,18.61,53.17,1.00,-1,-1,-1
317,62,680.17,162.18,17.75,53.94,1.00,-1,-1,-1
317,63,1002.75,156.78,57.34,118.03,1.00,-1,-1,-1
318,58,498.27,173.06,27.92,71.70,1.00,-1,-1,-1
318,59,475.08,168.83,25.08,76.14,1.00,-1,-1,-1
318,61,657.74,164.23,19.10,54.85,1.00,-1,-1,-1
318,62,684.49,162.94,17.88,55.72,1.00,-1,-1,-1
318,63,1034.56,156.18,59.99,126.73,1.00,-1,-1,-1
319,58,494.53,174.67,29.58,74.37,1.00,-1,-1,-1
319,59,469.15,169.87,26.10,79.04,1.00,-1,-1,-1
319,61,661.30,165.52,19.35,56.63,1.00,-1,-1,-1
319,62,688.53,164.33,18.12,57.62,1.00,-1,-1,-1
319,63,1067.61,155.62,60.11,136.69,1.00,-1,-1,-1
320,58,490.91,174.76,30.13,77.31,1.00,-1,-1,-1
320,59,464.41,170.42,27.33,82.17,1.00,-1,-1,-1
320,61,665.62,165.61,20.38,58.58,1.00,-1,-1,-1
320,62,693.53,164.55,19.49,59.69,1.00,-1,-1,-1
320,63,1106.28,154.10,70.30,148.62,1.00,-1,-1,-1
321,58,486.85,176.36,29.72,80.45,1.00,-1,-1,-1
321,59,458.17,171.76,29.01,85.54,1.00,-1,-1,-1
321,61,669.94,165.75,21.25,60.63,1.00,-1,-1,-1
321,62,698.81,165.28,20.82,61.89,1.00,-1,-1,-1
321,63,1143.98,153.10,79.40,162.81,1.00,-1,-1,-1
322,58,482.37,176.59,28.68,83.70,1.00,-1,-1,-1
322,59,452.00,172.14,30.22,89.19,1.00,-1,-1,-1
322,61,674.08,165.94,22.51,62.83,1.00,-1,-1,-1
322,62,704.72,164.91,23.02,64.23,1.00,-1,-1,-1
322,63,1178.79,152.12,66.58,174.72,1.00,-1,-1,-1
323,58,477.40,174.48,26.96,87.09,1.00,-1,-1,-1
323,59,447.14,170.76,31.22,92.95,1.00,-1,-1,-1
323,61,678.58,163.78,23.35,65.14,1.00,-1,-1,-1
323,62,710.92,162.31,24.94,66.62,1.00,-1,-1,-1
324,58,472.52,174.32,29.75,90.79,1.00,-1,-1,-1
324,59,441.93,170.07,32.11,96.98,1.00,-1,-1,-1
324,61,683.70,162.20,25.57,67.62,1.00,-1,-1,-1
324,62,718.03,160.37,25.86,69.14,1.00,-1,-1,-1
325,58,467.14,175.44,33.48,94.80,1.00,-1,-1,-1
325,59,435.66,170.04,32.25,101.39,1.00,-1,-1,-1
325,61,689.20,162.67,27.60,70.32,1.00,-1,-1,-1
325,62,724.62,160.81,25.57,71.93,1.00,-1,-1,-1
326,58,461.62,176.15,35.52,99.22,1.00,-1,-1,-1
326,59,428.57,170.51,33.68,106.32,1.00,-1,-1,-1
326,61,695.13,163.04,29.97,73.23,1.00,-1,-1,-1
326,62,732.33,161.25,27.41,74.93,1.00,-1,-1,-1
326,64,389.46,167.92,35.27,70.42,1.00,-1,-1,-1
327,58,455.36,176.59,36.24,104.05,1.00,-1,-1,-1
327,59,420.46,171.10,34.61,111.78,1.00,-1,-1,-1
327,61,700.81,163.12,31.67,76.39,1.00,-1,-1,-1
327,62,740.43,161.44,29.35,78.19,1.00,-1,-1,-1
327,64,385.55,168.53,30.53,72.70,1.00,-1,-1,-1
327,65,846.30,178.38,31.56,49.44,1.00,-1,-1,-1
328,58,447.13,176.50,39.00,109.41,1.00,-1,-1,-1
328,59,409.86,171.31,38.35,117.88,1.00,-1,-1,-1
328,61,706.95,162.10,33.12,79.72,1.00,-1,-1,-1
328,62,746.95,160.30,29.85,81.77,1.00,-1,-1,-1
328,64,376.64,168.77,30.92,75.50,1.00,-1,-1,-1
328,65,851.11,178.29,31.70,51.12,1.00,-1,-1,-1
329,58,437.71,177.10,41.73,115.33,1.00,-1,-1,-1
329,59,395.86,171.47,41.85,124.34,1.00,-1,-1,-1
329,61,713.09,161.44,33.50,83.31,1.00,-1,-1,-1
329,62,752.77,159.41,28.79,85.69,1.00,-1,-1,-1
329,64,365.20,169.55,31.29,79.03,1.00,-1,-1,-1
329,65,856.87,178.45,31.83,53.18,1.00,-1,-1,-1
330,58,427.04,177.50,44.62,122.02,1.00,-1,-1,-1
330,59,382.80,171.04,46.40,131.42,1.00,-1,-1,-1
330,61,718.49,160.40,35.83,87.25,1.00,-1,-1,-1
330,62,759.30,157.93,30.25,89.69,1.00,-1,-1,-1
330,64,352.68,169.21,32.24,82.80,1.00,-1,-1,-1
330,65,864.05,178.43,31.93,55.78,1.00,-1,-1,-1
331,58,414.60,177.98,46.60,129.56,1.00,-1,-1,-1
331,59,368.27,169.53,48.53,138.94,1.00,-1,-1,-1
331,61,723.28,160.02,37.82,91.59,1.00,-1,-1,-1
331,62,765.60,157.13,31.84,93.99,1.00,-1,-1,-1
331,64,338.87,168.57,32.19,86.83,1.00,-1,-1,-1
331,65,871.73,178.38,31.98,58.58,1.00,-1,-1,-1
332,58,399.79,177.80,49.77,137.45,1.00,-1,-1,-1
332,59,351.16,169.90,53.23,147.22,1.00,-1,-1,-1
332,61,729.53,159.69,39.10,96.39,1.00,-1,-1,-1
332,62,772.12,156.38,37.95,98.66,1.00,-1,-1,-1
332,64,323.46,168.12,33.03,91.24,1.00,-1,-1,-1
332,65,878.45,178.21,32.87,61.46,1.00,-1,-1,-1
332,66,907.40,169.63,54.38,63.88,1.00,-1,-1,-1
333,58,382.22,178.31,51.77,146.10,1.00,-1,-1,-1
333,59,331.40,172.17,55.83,156.49,1.00,-1,-1,-1
333,61,736.13,159.60,38.68,101.40,1.00,-1,-1,-1
333,62,778.97,156.46,44.53,103.82,1.00,-1,-1,-1
333,64,306.70,168.65,32.94,96.08,1.00,-1,-1,-1
333,65,885.55,178.68,34.10,64.53,1.00,-1,-1,-1
333,66,913.63,169.89,52.15,66.23,1.00,-1,-1,-1
334,58,363.49,178.73,54.94,155.85,1.00,-1,-1,-1
334,59,311.09,172.38,60.84,166.85,1.00,-1,-1,-1
334,61,743.93,159.49,39.64,106.88,1.00,-1,-1,-1
334,62,789.02,156.85,45.25,109.58,1.00,-1,-1,-1
334,64,290.88,169.09,33.09,101.49,1.00,-1,-1,-1
334,65,893.47,179.52,35.44,67.92,1.00,-1,-1,-1
334,66,922.23,170.61,48.93,69.15,1.00,-1,-1,-1
335,58,343.30,179.21,54.44,167.00,1.00,-1,-1,-1
335,59,287.65,170.65,63.41,178.54,1.00,-1,-1,-1
335,61,751.69,157.74,39.89,112.87,1.00,-1,-1,-1
335,62,801.23,154.17,41.71,115.88,1.00,-1,-1,-1
335,64,274.55,168.38,32.06,107.15,1.00,-1,-1,-1
335,65,901.97,178.76,36.97,71.61,1.00,-1,-1,-1
335,66,933.64,170.15,44.45,72.78,1.00,-1,-1,-1
336,58,321.15,181.10,59.80,179.96,1.00,-1,-1,-1
336,59,262.34,171.18,69.47,191.99,1.00,-1,-1,-1
336,61,759.63,156.90,43.87,119.59,1.00,-1,-1,-1
336,62,814.37,151.97,44.11,122.72,1.00,-1,-1,-1
336,64,253.31,168.22,43.66,113.38,1.00,-1,-1,-1
336,65,911.46,179.20,38.56,75.75,1.00,-1,-1,-1
336,66,946.03,170.85,39.13,76.73,1.00,-1,-1,-1
337,58,293.99,181.40,64.22,190.70,1.00,-1,-1,-1
337,59,231.54,172.90,72.18,199.99,1.00,-1,-1,-1
337,61,767.65,155.40,47.48,127.09,1.00,-1,-1,-1
337,62,826.99,149.98,47.19,130.32,1.00,-1,-1,-1
337,64,227.18,167.56,56.76,120.39,1.00,-1,-1,-1
337,65,922.97,179.39,38.37,80.50,1.00,-1,-1,-1
337,66,958.09,170.76,37.86,81.04,1.00,-1,-1,-1
338,58,260.74,179.11,71.47,196.15,1.00,-1,-1,-1
338,59,195.78,170.88,82.00,204.60,1.00,-1,-1,-1
338,61,780.30,152.01,51.80,135.58,1.00,-1,-1,-1
338,62,843.40,146.48,51.56,138.87,1.00,-1,-1,-1
338,64,197.60,164.91,64.80,128.32,1.00,-1,-1,-1
338,65,936.97,177.21,37.28,85.87,1.00,-1,-1,-1
338,66,971.11,168.32,37.52,85.76,1.00,-1,-1,-1
339,58,217.89,176.87,74.06,199.69,1.00,-1,-1,-1
339,59,150.58,168.33,88.48,208.19,1.00,-1,-1,-1
339,61,794.17,149.08,53.95,145.30,1.00,-1,-1,-1
339,62,861.16,143.64,54.07,148.60,1.00,-1,-1,-1
339,64,162.38,162.62,67.71,137.33,1.00,-1,-1,-1
339,65,953.38,176.50,38.37,92.06,1.00,-1,-1,-1
339,66,985.28,166.27,37.29,91.02,1.00,-1,-1,-1
340,58,157.38,173.97,121.58,202.47,1.00,-1,-1,-1
340,59,79.27,164.78,135.70,211.61,1.00,-1,-1,-1
340,61,796.53,145.75,75.28,156.40,1.00,-1,-1,-1
340,62,869.25,140.49,78.32,159.69,1.00,-1,-1,-1
340,65,968.82,176.06,44.69,99.20,1.00,-1,-1,-1
340,66,1001.10,163.88,38.58,96.95,1.00,-1,-1,-1
