[490.76962, 490.07825, 324.95847, 237.60406]
[0.029629903, 0.97720844, 0.036466114, -0.2070165]
[0.029466016, 0.97662455, 0.03790854, -0.2095211]
[0.026804332, 0.9772091, 0.043772563, -0.20598012]
[0.024421472, 0.97641927, 0.043455847, -0.21004896]
[0.021132741, 0.975581, 0.045240812, -0.2138887]
[0.018140553, 0.9737399, 0.0422976, -0.22296242]
[0.016727516, 0.9724753, 0.03817413, -0.22924837]
[0.016266955, 0.9720925, 0.03626182, -0.23120677]
[0.016143348, 0.97131723, 0.040813297, -0.23370165]
[0.013795771, 0.9704618, 0.0455228, -0.23651887]
[0.011003859, 0.9695412, 0.04616502, -0.24028642]
[0.00660345, 0.96552366, 0.04917618, -0.25554276]
[0.005891753, 0.96397203, 0.051315106, -0.26094046]
[0.0063305213, 0.9613783, 0.046923347, -0.2711272]
[0.009290145, 0.9594623, 0.0383801, -0.27905697]
[0.005172947, 0.9611238, 0.021333486, -0.27524397]
[0.0031487565, 0.9632073, 0.015994996, -0.2682646]
[-0.004296822, 0.962995, 0.02639231, -0.26818928]
[-9.76606E-4, 0.96506375, 0.03075885, -0.2602017]
[-0.0017312255, 0.9659568, 0.019217849, -0.25798285]
[-0.0041772523, 0.96486545, 0.0074388385, -0.26260594]
[-0.007793757, 0.9608153, -0.0016986877, -0.27707455]
[-0.014212536, 0.9581025, 0.0067498237, -0.28599304]
[-0.0066672596, 0.957577, 0.015649617, -0.28767508]
[0.0044722427, 0.9589177, 0.009242952, -0.2834986]
[0.007114376, 0.9621916, 0.012568548, -0.27199036]
[0.0065260334, 0.96373636, 0.013228595, -0.2664482]
[0.0068140505, 0.9652796, 0.010538578, -0.26091745]
[0.010905732, 0.9712625, 0.004107833, -0.23772514]
[0.014495801, 0.97451067, 0.020009927, -0.22297642]
[0.019244732, 0.97743875, 0.01755295, -0.2096068]
[0.03002459, 0.9828045, 0.010851629, -0.18186814]
[0.03146707, 0.9829745, 0.011409178, -0.18066728]
[0.02286118, 0.981891, 0.01925172, -0.18707447]
[0.015367527, 0.9802044, 0.04393553, -0.19243896]
[0.018276695, 0.9811081, 0.041452356, -0.1880813]
[0.023730947, 0.9790084, 0.03794676, -0.19884488]
[0.025238752, 0.9763663, 0.033711366, -0.21197958]
[0.026779173, 0.9742145, 0.03192439, -0.22174291]
[0.026953349, 0.97356594, 0.03031893, -0.22477418]
[0.017215462, 0.96959114, 0.031772017, -0.24204755]
[0.015593669, 0.96826106, 0.03528715, -0.24694574]
[0.018056465, 0.9683187, 0.03668259, -0.24634793]
[0.029625788, 0.975271, 0.034055278, -0.21635374]
[0.033565555, 0.9775164, 0.030102476, -0.2059826]
[0.037672047, 0.98146236, 0.022102766, -0.18661168]
[0.030318707, 0.9805949, 0.020977847, -0.19254717]
[0.025673958, 0.97853553, 0.026071578, -0.20280349]
[0.025900178, 0.9785427, 0.024713665, -0.20291069]
[0.024777781, 0.9768971, 0.031215563, -0.20996088]
[0.022926522, 0.97576463, 0.037563987, -0.21435171]
[0.026439708, 0.9763375, 0.032195985, -0.21220121]
[0.031933986, 0.9805946, 0.029028684, -0.19123751]
[0.0326772, 0.98556095, 0.026698329, -0.16397882]
[0.024426274, 0.9861166, 0.038524132, -0.15966599]
[0.02204115, 0.9870696, 0.045392096, -0.15214214]
[0.020827629, 0.98833567, 0.04401111, -0.14429693]
[0.020835169, 0.9898699, 0.037416376, -0.13536434]
[0.01813094, 0.98991185, 0.034031842, -0.13633607]
[0.009602622, 0.9895736, 0.028826889, -0.14078628]
[0.008434774, 0.98862183, 0.031721327, -0.14679757]
[0.012186614, 0.9893835, 0.020923883, -0.14329684]
[0.015082885, 0.9909885, 0.013141591, -0.13244446]
[0.012413185, 0.99210674, 0.0040532835, -0.12471484]
[0.008895121, 0.9938532, 0.0028107166, -0.1103113]
[0.005813838, 0.99448586, 0.012687478, -0.103938006]
[0.008221555, 0.9958226, 0.019216787, -0.0888845]
[0.0077004763, 0.99658227, 0.019515008, -0.07989693]
[0.015461802, 0.9981907, 0.013614591, -0.056488127]
[0.015136341, 0.9984766, 0.0055828337, -0.052764952]
[0.010236892, 0.9986938, 0.01420393, -0.048001833]
[-0.0019158928, 0.9978952, 0.020341175, -0.061545767]
[-0.0026108567, 0.9982891, 0.025150944, -0.052720457]
[-0.004549865, 0.99832934, 0.02780006, -0.05044595]
[-0.008808711, 0.9981714, 0.029905051, -0.05178618]
[-0.010809138, 0.9979767, 0.033780716, -0.052767716]
[-0.007734336, 0.99878556, 0.027058093, -0.040441874]
[-0.007003781, 0.99959326, 0.016050715, -0.022509795]
[-0.0025451346, 0.9991277, 0.031410977, -0.027397703]
[0.005064019, 0.99904627, 0.03885742, -0.019261515]
[0.0052449913, 0.99876225, 0.035400223, -0.034545813]
[0.005794767, 0.99875784, 0.025869451, -0.042191334]
[0.008346971, 0.9978522, 0.018881524, -0.06216617]
[0.010472513, 0.99570405, 0.007800162, -0.09166737]
[-0.0027265195, 0.9885053, 0.02883184, -0.14838612]
[-0.0053754565, 0.98408794, 0.041744307, -0.17262498]
[-0.008529786, 0.9745244, 0.054963037, -0.21727517]
[-0.007865931, 0.9712159, 0.05804847, -0.23088536]
[-0.0010477724, 0.96064085, 0.061318144, -0.27093923]
[0.004458812, 0.96035224, 0.06283784, -0.2715789]
[0.008377959, 0.9580455, 0.06761457, -0.27840048]
[0.0147514045, 0.9580336, 0.05265937, -0.2813911]
[0.0153812915, 0.9556793, 0.05122111, -0.28951126]
[0.014490308, 0.9554565, 0.047678657, -0.29089454]
[0.009682961, 0.95102453, 0.05861348, -0.30335292]
[0.0061907014, 0.94632304, 0.07152681, -0.31514776]
[0.0028392542, 0.9372628, 0.08700392, -0.33758056]
[0.009144126, 0.93469876, 0.08307047, -0.34547633]
[0.0154600255, 0.9351038, 0.07134576, -0.34677327]
[0.013964035, 0.93304175, 0.064961225, -0.35357916]
[0.017750852, 0.93484116, 0.06575994, -0.34847158]
[0.01869432, 0.9372352, 0.065604836, -0.3419601]
[0.01983676, 0.9382683, 0.07218708, -0.33771014]
[0.01248637, 0.94005245, 0.084363244, -0.33019418]
[0.008725216, 0.940319, 0.082309596, -0.33007443]
[0.012811534, 0.94101393, 0.074946254, -0.32971478]
[0.019309433, 0.9436716, 0.06716591, -0.3234189]
[0.022672292, 0.94623536, 0.05980888, -0.31709212]
[0.02065517, 0.9508304, 0.04942715, -0.30504388]
[0.018289791, 0.9499913, 0.05867873, -0.30616802]
[0.016667541, 0.9501431, 0.060385272, -0.30545676]
[0.01772502, 0.9520779, 0.0547973, -0.3003842]
[0.018667646, 0.9633255, 0.03927248, -0.26478857]
[0.018332165, 0.9680098, 0.03966113, -0.24707809]
[0.019300709, 0.97141975, 0.040947065, -0.23301187]
[0.011993532, 0.9756977, 0.060875036, -0.21015303]
[0.00966847, 0.9803504, 0.060310923, -0.18756945]
[0.013601644, 0.9853954, 0.050773133, -0.16196588]
[0.010953089, 0.98827183, 0.04466617, -0.14561489]
[0.007618072, 0.9883814, 0.04773264, -0.1441031]
[0.011122497, 0.98916155, 0.051240563, -0.13714963]
[0.008974095, 0.98705584, 0.06306063, -0.14718498]
[0.017033694, 0.98646975, 0.05758492, -0.15254948]
