[0.0, 0.0, -0.70710677, 0.7071067, 0.0, 0.0, 0.0]
[0.0, 0.0, -0.70710677, 0.7071067, 0.0, 0.0, 0.0]
[0.0, 0.0, -0.70710677, 0.7071067, 0.0, 0.0, 0.0]
[0.0, 0.0, -0.70710677, 0.7071067, 0.0, 0.0, 0.0]
[0.0, 0.0, -0.70710677, 0.7071067, 0.0, 0.0, 0.0]
[0.0, 0.0, -0.70710677, 0.7071067, 0.0, 0.0, 0.0]
[0.0, 0.0, -0.70710677, 0.7071067, 0.0, 0.0, 0.0]
[0.0, 0.0, -0.70710677, 0.7071067, 0.0, 0.0, 0.0]
[0.0, 0.0, -0.70710677, 0.7071067, 0.0, 0.0, 0.0]
[0.0, 0.0, -0.70710677, 0.7071067, 0.0, 0.0, 0.0]
[0.0, 0.0, -0.70710677, 0.7071067, 0.0, 0.0, 0.0]
[0.0, 0.0, -0.70710677, 0.7071067, 0.0, 0.0, 0.0]
[0.0, 0.0, -0.70710677, 0.7071067, 0.0, 0.0, 0.0]
[0.0, 0.0, -0.70710677, 0.7071067, 0.0, 0.0, 0.0]
[0.0, 0.0, -0.70710677, 0.7071067, 0.0, 0.0, 0.0]
[0.0, 0.0, -0.70710677, 0.7071067, 0.0, 0.0, 0.0]
[0.0, 0.0, -0.70710677, 0.7071067, 0.0, 0.0, 0.0]
[0.0, 0.0, -0.70710677, 0.7071067, 0.0, 0.0, 0.0]
[0.0, 0.0, -0.70710677, 0.7071067, 0.0, 0.0, 0.0]
[0.0, 0.0, -0.70710677, 0.7071067, 0.0, 0.0, 0.0]
[0.0, 0.0, -0.70710677, 0.7071067, 0.0, 0.0, 0.0]
[0.0, 0.0, -0.70710677, 0.7071067, 0.0, 0.0, 0.0]
[0.0, 0.0, -0.70710677, 0.7071067, 0.0, 0.0, 0.0]
[0.0, 0.0, -0.70710677, 0.7071067, 0.0, 0.0, 0.0]
[0.0, 0.0, -0.70710677, 0.7071067, 0.0, 0.0, 0.0]
[0.0, 0.0, -0.70710677, 0.7071067, 0.0, 0.0, 0.0]
[-0.0020884713, 0.21357164, 0.02195236, -0.9766785, 26.235218, 2.1064765, -114.08023]
[0.02159579, 0.21728167, -0.004130125, -0.97586125, 26.345776, 2.1241043, -114.27671]
[0.025952816, 0.21724181, -0.007589966, -0.9757432, 26.364092, 2.1209614, -114.30738]
[0.026398659, 0.2139194, -0.01085645, -0.9764342, 26.38266, 2.1179254, -114.33895]
[0.031164886, 0.2093093, -0.011743993, -0.97728217, 26.40442, 2.1198857, -114.37113]
[0.035074968, 0.20692942, -0.011676103, -0.9776572, 26.424484, 2.119132, -114.405556]
[0.029400911, 0.2088932, -0.01368773, -0.97740054, 26.444172, 2.1207013, -114.44049]
[0.022199074, 0.20792057, -0.016630203, -0.9777523, 26.447086, 2.1209173, -114.43778]
[0.02092971, 0.20784919, -0.017922401, -0.9777727, 26.464348, 2.1262853, -114.469864]
[0.017372938, 0.20566532, -0.020183504, -0.9782599, 26.472761, 2.1226346, -114.489784]
[0.02029669, 0.19883795, -0.021377057, -0.9795889, 26.488255, 2.128238, -114.52167]
[0.02665918, 0.1945653, -0.01931101, -0.98033696, 26.503443, 2.1339414, -114.55548]
[0.029832777, 0.19188465, -0.014480799, -0.9808571, 26.518238, 2.1399076, -114.59026]
[0.030643431, 0.18889494, -0.009913832, -0.981469, 26.532244, 2.1446304, -114.61691]
[0.03090966, 0.18624616, -0.0087555945, -0.98197776, 26.547401, 2.1480687, -114.65081]
[0.027724406, 0.18671717, -0.009532779, -0.98197603, 26.562931, 2.1495287, -114.684654]
[0.026857074, 0.18884772, -0.008319944, -0.98160374, 26.594414, 2.134425, -114.738434]
[0.025152365, 0.1930084, -0.008360803, -0.980839, 26.612057, 2.1322594, -114.77514]
[0.022453167, 0.19814146, -0.0073744655, -0.97988844, 26.629805, 2.129871, -114.812645]
[0.020201625, 0.20182022, -0.0068122447, -0.97919047, 26.647541, 2.1278408, -114.851654]
[0.019484278, 0.20494044, -0.006425202, -0.9785594, 26.664112, 2.1211257, -114.891335]
[0.018371455, 0.2054787, -0.007169485, -0.9784628, 26.681814, 2.1198223, -114.9326]
[0.020411357, 0.20731024, -0.008999199, -0.97802085, 26.709923, 2.1145654, -114.98672]
[0.025018923, 0.21317932, -0.012291104, -0.9766153, 26.728477, 2.1151094, -115.0306]
[0.023412796, 0.21450797, -0.013535947, -0.97634774, 26.746332, 2.1173577, -115.073425]
[0.017617, 0.21426505, -0.012054712, -0.97654223, 26.767437, 2.1150227, -115.11915]
[0.018811956, 0.21773906, -0.010719597, -0.9757669, 26.78707, 2.1175678, -115.160965]
[0.022864755, 0.21765427, -0.007832944, -0.9757266, 26.808146, 2.1196847, -115.20293]
[0.021989495, 0.21424474, -0.00466758, -0.97652125, 26.829723, 2.121878, -115.24432]
[0.019245442, 0.21423285, -0.002986133, -0.97658837, 26.86358, 2.1284769, -115.29192]
[0.020012872, 0.21670935, -0.002608806, -0.9760276, 26.88681, 2.1278841, -115.335075]
[0.019257994, 0.22075813, -0.0025247335, -0.9751351, 26.909798, 2.125595, -115.37866]
[0.014177051, 0.2266655, -0.0040298104, -0.9738612, 26.901112, 2.1425745, -115.34216]
[0.014915903, 0.22968024, -0.005179733, -0.9731381, 26.922268, 2.137982, -115.382774]
[0.011288422, 0.22889765, -0.0069768727, -0.97336006, 26.943678, 2.1332629, -115.42329]
[0.008850608, 0.22561155, -0.0070010424, -0.97415197, 26.965668, 2.1289294, -115.46463]
[0.008133119, 0.22043476, -0.0067340434, -0.9753446, 26.960033, 2.135583, -115.4414]
[0.0070977267, 0.21626335, -0.0063285828, -0.9762888, 26.981838, 2.1337056, -115.48104]
[0.0063416054, 0.21500139, -0.0048997104, -0.97658086, 27.004478, 2.1343622, -115.52188]
[0.0054954058, 0.2110935, -0.0026611388, -0.9774468, 27.017889, 2.1423318, -115.53906]
[0.0015743659, 0.20610495, -0.0018291473, -0.97852695, 27.039581, 2.1471248, -115.57747]
[-0.0010303519, 0.20309164, -0.0024659932, -0.979156, 27.051704, 2.1561944, -115.584595]
[0.0029422392, 0.1995568, -0.003111869, -0.97987694, 27.071627, 2.160036, -115.623436]
[0.004660167, 0.19472483, -0.0035316646, -0.98084044, 27.072767, 2.1660874, -115.61814]
[0.0062028123, 0.19207384, -0.0032906234, -0.9813553, 27.090933, 2.1692069, -115.65721]
[0.008820836, 0.19110925, -0.003224492, -0.98152375, 27.100647, 2.1695676, -115.68459]
[0.0075033233, 0.18864517, -0.004778683, -0.982005, 27.118195, 2.1693125, -115.723595]
[0.0023355505, 0.18845494, -0.007743448, -0.9820485, 27.135973, 2.1668005, -115.76275]
[0.001417133, 0.19184667, -0.008563548, -0.98138654, 27.15463, 2.162245, -115.803]
[-0.0010944671, 0.1933863, -0.007623583, -0.98109245, 27.161026, 2.1610749, -115.81847]
[-0.0057869554, 0.19176446, -0.0053276718, -0.98140943, 27.179474, 2.1564288, -115.85835]
[-0.0059184423, 0.18708882, -0.0013104379, -0.9823243, 27.198202, 2.1519358, -115.90014]
[-0.0026982669, 0.18215677, 9.80407E-4, -0.9832653, 27.223965, 2.1451275, -115.94929]
[-2.09296E-4, 0.17421353, 3.9339066E-5, -0.9847079, 27.241987, 2.1427705, -115.99292]
[0.0022029772, 0.16612741, -0.0033103228, -0.98609626, 27.25974, 2.1421227, -116.03607]
[-0.0019835313, 0.1665711, -0.008988053, -0.9859865, 27.276583, 2.1435435, -116.07906]
[-0.007562206, 0.16579072, -0.011837631, -0.98606086, 27.319448, 2.1430006, -116.16113]
[-0.006899583, 0.16064715, -0.00892204, -0.9869474, 27.33831, 2.14554, -116.20521]
[-0.0017657455, 0.16131566, -0.008115381, -0.9868679, 27.370665, 2.1493547, -116.26846]
[0.011058714, 0.15500082, -0.007345706, -0.98782516, 27.394253, 2.1506803, -116.31463]
[0.02012701, 0.13821124, -0.002010733, -0.9901962, 27.418077, 2.151677, -116.35955]
[0.019882016, 0.12758467, 0.003874272, -0.9916208, 27.429491, 2.157098, -116.387695]
[0.018463483, 0.12751013, 0.005920559, -0.9916477, 27.453396, 2.1551573, -116.43247]
[0.019685524, 0.1275189, 0.0067865252, -0.9916175, 27.476828, 2.1509135, -116.4772]
[0.016463807, 0.13185568, 0.00510177, -0.991119, 27.484379, 2.1524484, -116.50311]
[0.012642049, 0.1345679, 0.003881693, -0.9908161, 27.506964, 2.145936, -116.54757]
[0.01184699, 0.13125472, 0.0022949874, -0.9912752, 27.530075, 2.1394122, -116.59274]
[0.0076720743, 0.12404409, 1.3619661E-5, -0.992247, 27.549269, 2.1391568, -116.63831]
[0.0022977404, 0.1162605, 5.8576465E-4, -0.9932159, 27.573032, 2.1359258, -116.684044]
[0.0029848414, 0.11106046, 0.0015485287, -0.9938079, 27.59724, 2.1343813, -116.73128]
[0.0053911004, 0.1044098, 0.0044379234, -0.9945098, 27.599201, 2.1411865, -116.73521]
[5.4265535E-4, 0.09982999, 0.005464047, -0.9949894, 27.622267, 2.1440384, -116.779625]
[-0.0030167475, 0.09625666, 0.0020863414, -0.99534976, 27.64399, 2.147522, -116.82413]
[-5.806306E-4, 0.08529729, -0.0011963248, -0.9963546, 27.651638, 2.146898, -116.84153]
[0.0011815923, 0.069680914, -0.0029730499, -0.9975642, 27.668644, 2.150371, -116.88524]
[0.0032112394, 0.053639393, -0.0034566522, -0.9985492, 27.684235, 2.1532698, -116.92951]
[0.0070284423, 0.03611743, -0.003869325, -0.9993154, 27.687218, 2.1613443, -116.94887]
[0.00909367, 0.021166295, -0.004748076, -0.9997233, 27.701889, 2.1610038, -116.991875]
[0.0046286094, 0.014306833, -0.007363349, -0.9998597, 27.717602, 2.1586034, -117.03542]
[9.1403263E-4, 0.012461776, -0.010104388, -0.9998708, 27.700089, 2.1654832, -117.01556]
[-0.0021087448, 0.013644859, -0.009408742, -0.99986035, 27.716707, 2.1602046, -117.058464]
[-0.005161653, 0.01589906, -0.006406665, -0.9998397, 27.73436, 2.1544693, -117.10239]
[-0.003978938, 0.013306896, -0.0037553608, -0.99989647, 27.717308, 2.1553679, -117.08471]
[-1.4863908E-6, 0.0037945688, -5.7429075E-5, -0.9999927, 27.735285, 2.1512096, -117.12898]
[0.001100774, -0.0035859463, 0.0031089485, -0.9999881, 27.753485, 2.15015, -117.17357]
[0.008654496, -0.00695398, 0.0033988655, -0.9999325, 27.765211, 2.1528692, -117.21381]
[0.012665084, -0.021582002, 0.0035199225, -0.99968064, 27.782185, 2.1559198, -117.25758]
[0.012916778, -0.03823101, 0.0059675574, -0.9991676, 27.798737, 2.1606374, -117.297134]
[0.013086816, -0.043638334, 0.0051217377, -0.9989485, 27.835686, 2.172676, -117.34768]
[0.012404531, -0.04129025, 0.0027610958, -0.99906635, 27.855143, 2.1766675, -117.38802]
[0.011627258, -0.038195904, 0.0031963289, -0.9991975, 27.875252, 2.1800756, -117.42817]
[0.007318438, -0.031815782, 0.002354741, -0.99946415, 27.835278, 2.2007828, -117.348785]
[0.0074643223, -0.025196627, 0.0011740029, -0.9996539, 27.85567, 2.200729, -117.388756]
[0.0073779626, -0.022375995, 0.0016715229, -0.99972105, 27.876944, 2.1989894, -117.42839]
[0.006939601, -0.017619746, 0.0032367408, -0.99981546, 27.863344, 2.2039943, -117.38519]
[0.009382418, -0.012017042, 0.002591461, -0.9998804, 27.884949, 2.1999831, -117.42421]
[0.0075718346, -0.009532642, -6.401837E-4, -0.9999256, 27.906912, 2.196246, -117.46236]
[0.0023350134, -0.005925423, -0.0043409467, -0.99997026, 27.886404, 2.2024987, -117.412796]
[-5.1731477E-5, -0.0018402899, -0.0089665055, -0.99995804, 27.907303, 2.2003622, -117.44976]
[-0.003348892, 0.0015246901, -0.010255069, -0.9999406, 27.927635, 2.2000885, -117.486885]
[-0.0018463843, 0.0034283851, -0.010349423, -0.99993885, 27.927937, 2.2053292, -117.45929]
[-0.0049092826, 0.0036457488, -0.012116253, -0.9999079, 27.94758, 2.2085989, -117.493454]
[-0.0020605843, 0.0022972613, -0.012867719, -0.9999125, 27.94228, 2.208388, -117.452705]
[0.0035127043, 0.0061732708, -0.011679351, -0.99990654, 27.959816, 2.21168, -117.4864]
[0.0060260626, 0.013683227, -0.009679645, -0.99984133, 27.97621, 2.2151237, -117.520134]
[0.006370116, 0.01938388, -0.0077831447, -0.9997615, 27.96043, 2.229275, -117.483574]
[0.0053084195, 0.022539807, -0.0076897144, -0.9997023, 27.974552, 2.2311757, -117.51497]
[0.0045001055, 0.02777681, -0.0097467005, -0.9995564, 27.988726, 2.230751, -117.5465]
[0.0019624138, 0.031728342, -0.011885524, -0.9994239, 27.981127, 2.2313445, -117.51371]
[9.170522E-4, 0.034820527, -0.012083352, -0.9993201, 27.994884, 2.2282155, -117.543846]
[0.0033216258, 0.035353042, -0.011482298, -0.99930334, 28.008345, 2.2245626, -117.57526]
[0.006513105, 0.032898337, -0.009952873, -0.99938786, 28.014713, 2.212673, -117.56283]
[0.009476434, 0.030154282, -0.007908583, -0.999469, 28.02847, 2.2092776, -117.59436]
[0.011179043, 0.027968267, -0.006859392, -0.99952275, 28.059067, 2.200209, -117.62966]
[0.01160095, 0.029938914, -0.0076856315, -0.99945486, 28.071405, 2.1992638, -117.66135]
[0.010654675, 0.03304685, -0.0089503825, -0.99935687, 28.08282, 2.2001112, -117.69273]
[0.0052198535, 0.034734115, -0.011440545, -0.9993175, 28.093285, 2.20242, -117.72362]
[0.005043472, 0.03355099, -0.010240346, -0.99937177, 28.107723, 2.2029793, -117.75282]
[0.00912342, 0.033180263, -0.009799093, -0.9993597, 28.118483, 2.205738, -117.78352]
[0.013815396, 0.037093423, -0.011247486, -0.9991529, 28.13028, 2.2085848, -117.81528]
[0.017970685, 0.0355681, -0.010378391, -0.9991517, 28.146502, 2.213992, -117.82396]
[0.018835295, 0.030701285, -0.008244783, -0.99931705, 28.158546, 2.2169132, -117.852776]
[0.019062119, 0.028020011, -0.006917566, -0.9994017, 28.170666, 2.2184267, -117.88174]
[0.018708665, 0.025407635, -0.0054691434, -0.99948716, 28.180567, 2.219637, -117.904175]
[0.017612055, 0.023448963, -0.00370726, -0.99956304, 28.192953, 2.217501, -117.932365]
[0.017365228, 0.019255105, -0.0014230907, -0.99966276, 28.211626, 2.2145395, -117.96429]
[0.019565113, 0.0142940665, -2.0483136E-4, -0.9997064, 28.224323, 2.2110267, -117.992676]
[0.018730517, 0.012805139, -0.0029691756, -0.99973816, 28.250885, 2.2050538, -118.05076]
[0.020745382, 0.0135187, -0.004371196, -0.99968386, 28.28945, 2.2006114, -118.1093]
[0.022833949, 0.013875344, -0.0042886734, -0.9996338, 28.303583, 2.2007253, -118.13938]
[0.024091447, 0.013556429, -0.0024843812, -0.9996147, 28.318039, 2.2025995, -118.16898]
[0.019489666, 0.0074554873, -0.0018603504, -0.9997804, 28.34938, 2.202687, -118.230865]
[0.022320533, -9.3587267E-4, 0.0023200214, -0.99974763, 28.363302, 2.2065628, -118.25824]
[0.0295136, -0.0075606285, 0.0070527494, -0.9995109, 28.376047, 2.2105892, -118.28687]
[0.032438863, -0.015489375, 0.010234773, -0.99930125, 28.372694, 2.212519, -118.28082]
[0.037871473, -0.026098203, 0.017795295, -0.99878323, 28.383226, 2.2166321, -118.307884]
[0.040276904, -0.03215606, 0.02065754, -0.9984573, 28.39308, 2.219656, -118.33454]
[0.036861986, -0.033985212, 0.017957777, -0.9985808, 28.423033, 2.2187316, -118.40022]
[0.032823846, -0.037191056, 0.018314034, -0.99860096, 28.433163, 2.2192848, -118.42547]
[0.024103869, -0.038342007, 0.015372932, -0.99885565, 28.443104, 2.2178822, -118.45086]
[0.018778581, -0.04079375, 0.0141560435, -0.9988908, 28.477283, 2.2102818, -118.5299]
[0.019907702, -0.046100907, 0.01962331, -0.9985455, 28.487661, 2.2078745, -118.55695]
[0.016687514, -0.048996765, 0.02330488, -0.9983875, 28.497978, 2.204907, -118.585304]
[0.01559792, -0.051182445, 0.025056034, -0.998253, 28.508713, 2.199685, -118.62086]
[0.015009537, -0.045360576, 0.024995446, -0.99854505, 28.518433, 2.1980336, -118.65059]
[0.011687978, -0.034943663, 0.02499339, -0.9990083, 28.528788, 2.195649, -118.6859]
[0.011361144, -0.029031385, 0.025348872, -0.9991925, 28.537176, 2.1975656, -118.71647]
[0.0, 0.0, -0.70710677, 0.7071067, 0.0, 0.0, 0.0]
[0.0, 0.0, -0.70710677, 0.7071067, 0.0, 0.0, 0.0]
[0.0, 0.0, -0.70710677, 0.7071067, 0.0, 0.0, 0.0]
[0.0, 0.0, -0.70710677, 0.7071067, 0.0, 0.0, 0.0]
[0.0, 0.0, -0.70710677, 0.7071067, 0.0, 0.0, 0.0]
[0.0, 0.0, -0.70710677, 0.7071067, 0.0, 0.0, 0.0]
[0.0, 0.0, -0.70710677, 0.7071067, 0.0, 0.0, 0.0]
[0.0, 0.0, -0.70710677, 0.7071067, 0.0, 0.0, 0.0]
[0.0, 0.0, -0.70710677, 0.7071067, 0.0, 0.0, 0.0]
[0.0, 0.0, -0.70710677, 0.7071067, 0.0, 0.0, 0.0]
[0.0, 0.0, -0.70710677, 0.7071067, 0.0, 0.0, 0.0]
[0.0, 0.0, -0.70710677, 0.7071067, 0.0, 0.0, 0.0]
[0.0, 0.0, -0.70710677, 0.7071067, 0.0, 0.0, 0.0]
[0.0, 0.0, -0.70710677, 0.7071067, 0.0, 0.0, 0.0]
[0.0, 0.0, -0.70710677, 0.7071067, 0.0, 0.0, 0.0]
[0.0, 0.0, -0.70710677, 0.7071067, 0.0, 0.0, 0.0]
[0.0, 0.0, -0.70710677, 0.7071067, 0.0, 0.0, 0.0]
[0.0, 0.0, -0.70710677, 0.7071067, 0.0, 0.0, 0.0]
[0.0, 0.0, -0.70710677, 0.7071067, 0.0, 0.0, 0.0]
[0.0, 0.0, -0.70710677, 0.7071067, 0.0, 0.0, 0.0]
[0.0, 0.0, -0.70710677, 0.7071067, 0.0, 0.0, 0.0]
[0.0, 0.0, -0.70710677, 0.7071067, 0.0, 0.0, 0.0]
[0.0, 0.0, -0.70710677, 0.7071067, 0.0, 0.0, 0.0]
[0.0, 0.0, -0.70710677, 0.7071067, 0.0, 0.0, 0.0]
[0.0, 0.0, -0.70710677, 0.7071067, 0.0, 0.0, 0.0]
[0.0, 0.0, -0.70710677, 0.7071067, 0.0, 0.0, 0.0]
[0.0, 0.0, -0.70710677, 0.7071067, 0.0, 0.0, 0.0]
[0.23548591, -0.6054918, -0.05998221, -0.75784445, 33.09036, 1.594668, -129.14307]
[0.25134978, -0.59653413, -0.08968437, -0.7569195, 32.7763, 1.4009452, -129.27649]
[0.2554271, -0.5985284, -0.090535015, -0.75387275, 32.715973, 1.3727914, -129.328]
[0.23998745, -0.5972435, -0.10674083, -0.7578341, 32.564777, 1.3816622, -129.32043]
[0.24021427, -0.5971007, -0.10662666, -0.7578908, 32.49007, 1.3515439, -129.36974]
[0.22738522, -0.595669, -0.10898358, -0.7626251, 32.37688, 1.320845, -129.41577]
[0.22803721, -0.5919906, -0.11234182, -0.76480424, 32.293232, 1.2861638, -129.46556]
[0.2253361, -0.59139204, -0.11295086, -0.76597726, 32.20545, 1.2497772, -129.51692]
[0.22003633, -0.594398, -0.11086637, -0.76549566, 32.113342, 1.2122353, -129.57101]
[0.2105966, -0.59787357, -0.108179, -0.7658286, 32.012234, 1.1827981, -129.61682]
[0.21055412, -0.60146743, -0.107929796, -0.7630563, 31.912266, 1.1429127, -129.67433]
[0.20752376, -0.60177755, -0.103807, -0.7642132, 31.806803, 1.1032866, -129.73407]
[0.20666042, -0.601718, -0.10340297, -0.76454866, 31.695717, 1.0640472, -129.79549]
[0.20115678, -0.61129975, -0.095685035, -0.759403, 31.589935, 1.0437413, -129.8358]
[0.19561885, -0.6158209, -0.08957896, -0.7579402, 31.473959, 1.0060474, -129.89955]
[0.18754151, -0.61540604, -0.09188327, -0.7600401, 31.360132, 0.97704715, -129.93663]
[0.19095226, -0.61586857, -0.09312135, -0.75866437, 31.233204, 0.9365154, -130.00186]
[0.1987594, -0.61358047, -0.094999135, -0.75828016, 31.100828, 0.8943216, -130.06812]
[0.20234348, -0.6097195, -0.09929156, -0.75989497, 30.968317, 0.8468573, -130.07954]
[0.20313787, -0.6109089, -0.09817916, -0.7588717, 30.828392, 0.8016184, -130.14456]
[0.19260864, -0.6153689, -0.09853345, -0.7579671, 30.706427, 0.77532333, -130.14009]
[0.18822865, -0.6190253, -0.09822425, -0.7561281, 30.56131, 0.7238561, -130.20335]
[0.1865355, -0.61860895, -0.10019785, -0.7566293, 30.4111, 0.66864765, -130.268]
[0.18886098, -0.6178958, -0.10212374, -0.7563777, 30.2562, 0.61086845, -130.3344]
[0.19081122, -0.6185675, -0.10142228, -0.7554329, 30.112852, 0.55161506, -130.4108]
[0.19654913, -0.61697394, -0.10115126, -0.75530124, 29.948627, 0.49093986, -130.48102]
[0.20041777, -0.61740035, -0.09867963, -0.75426245, 29.779907, 0.43073562, -130.5529]
[0.19620109, -0.6171675, -0.09559217, -0.75595737, 29.650568, 0.4095179, -130.57205]
[0.19271597, -0.6127168, -0.09282282, -0.76080394, 29.47413, 0.35339886, -130.64388]
[0.19419281, -0.6113023, -0.08978644, -0.76192975, 29.293285, 0.29758292, -130.71628]
[0.19933625, -0.6102785, -0.08933124, -0.7614757, 29.122358, 0.24899738, -130.79063]
[0.20224164, -0.6072477, -0.09198344, -0.7628156, 28.934158, 0.19048072, -130.86835]
[0.20265722, -0.6091838, -0.091216624, -0.7612519, 28.742493, 0.13084522, -130.94829]
[0.19950402, -0.6111385, -0.08719832, -0.76098907, 28.570124, 0.056053564, -130.99542]
[0.19982983, -0.60973597, -0.08776045, -0.76196337, 28.372667, -0.008127943, -131.07677]
[0.1967646, -0.60882854, -0.08953026, -0.76327956, 28.171938, -0.076035686, -131.15945]
[0.18706308, -0.6076718, -0.090884864, -0.76647395, 27.996464, -0.1464886, -131.19641]
[0.1844767, -0.6066967, -0.09522322, -0.76734614, 27.790306, -0.22063717, -131.27948]
[0.18493235, -0.60525507, -0.10121074, -0.76760846, 27.576372, -0.31330645, -131.37184]
[0.17933586, -0.60757077, -0.102724016, -0.76690555, 27.361408, -0.3917119, -131.45973]
[0.17552164, -0.61280394, -0.10239783, -0.763661, 27.142542, -0.47012937, -131.54991]
[0.17535232, -0.6150515, -0.10232532, -0.7619007, 26.917944, -0.54915184, -131.64304]
[0.17441204, -0.617115, -0.09796941, -0.76102006, 26.719437, -0.6111185, -131.71219]
[0.17516965, -0.6232615, -0.09050614, -0.75674915, 26.488646, -0.6863331, -131.80873]
[0.17504112, -0.6269691, -0.08615151, -0.75422037, 26.246141, -0.7611153, -131.90419]
[0.17036606, -0.6297026, -0.08561301, -0.75307393, 26.006777, -0.8395403, -132.00516]
[0.17158198, -0.63334125, -0.08228037, -0.7501123, 25.762701, -0.9188747, -132.10678]
[0.18027441, -0.6300673, -0.08622992, -0.7503871, 25.513271, -1.0014061, -132.2092]
[0.18436952, -0.6242356, -0.090085596, -0.7538053, 25.270727, -1.085015, -132.28517]
[0.18403362, -0.6240882, -0.0897046, -0.7540548, 25.014957, -1.1715199, -132.38852]
[0.18371923, -0.6265662, -0.09095535, -0.75192374, 24.756426, -1.2611123, -132.49272]
[0.17853203, -0.6298066, -0.09374559, -0.7501212, 24.235334, -1.4569931, -132.71114]
[0.17479163, -0.6299455, -0.09310797, -0.75096416, 23.966215, -1.5549886, -132.82033]
[0.17559984, -0.62936395, -0.0945707, -0.7510805, 23.712618, -1.634676, -132.92241]
[0.17824343, -0.6276009, -0.09392947, -0.752013, 23.433756, -1.7358344, -133.03633]
[0.17824343, -0.6276009, -0.09392947, -0.752013, 23.433756, -1.7358344, -133.03633]
[0.17824343, -0.6276009, -0.09392947, -0.752013, 23.433756, -1.7358344, -133.03633]
[0.17824343, -0.6276009, -0.09392947, -0.752013, 23.433756, -1.7358344, -133.03633]
[0.17824343, -0.6276009, -0.09392947, -0.752013, 23.433756, -1.7358344, -133.03633]
[0.17824343, -0.6276009, -0.09392947, -0.752013, 23.433756, -1.7358344, -133.03633]
[-0.0068073785, -0.6205855, 0.07524112, -0.7804909, 24.6639, -1.4576477, -132.67004]
[0.0056434753, -0.61934906, 0.077029616, -0.7813075, 24.618607, -1.4856316, -132.71849]
[0.0051680556, -0.6192992, 0.07877728, -0.7811761, 24.655651, -1.4895606, -132.72713]
[0.0029121772, -0.6173105, 0.08115512, -0.78251714, 24.693413, -1.4954469, -132.73636]
[0.009643706, -0.6162054, 0.07265574, -0.78416777, 24.56965, -1.4633116, -132.7853]
[0.0071865832, -0.6128973, 0.072181314, -0.786826, 24.597927, -1.4720443, -132.79745]
[0.004415155, -0.6085252, 0.06938815, -0.79048264, 24.62633, -1.482174, -132.81029]
[0.0041300347, -0.6090493, 0.050513208, -0.79151136, 24.427595, -1.4560478, -132.84296]
[4.3783092E-4, -0.6126484, 0.047180206, -0.78894603, 24.444181, -1.4653893, -132.8575]
[-6.682273E-4, -0.61607957, 0.04711011, -0.78627354, 24.460865, -1.4731736, -132.87335]
[0.0011480132, -0.6185403, 0.042914808, -0.78457946, 24.4013, -1.4559073, -132.88655]
[-0.002005041, -0.6248029, 0.044901818, -0.7794877, 24.415466, -1.459188, -132.90288]
[-0.00614221, -0.635661, 0.050089866, -0.77031696, 24.432526, -1.4616065, -132.92014]
[-0.006916335, -0.6380206, 0.042928666, -0.7687906, 24.387339, -1.4388685, -132.9385]
[-0.008263547, -0.6405829, 0.042581648, -0.76666284, 24.395329, -1.4405783, -132.95737]
[9.215274E-4, -0.64475375, 0.04161045, -0.76325643, 24.40186, -1.441679, -132.97636]
[0.012104867, -0.643552, 0.035741776, -0.7644716, 24.368685, -1.431212, -132.99265]
[0.015949598, -0.6421493, 0.03475538, -0.76562524, 24.370697, -1.4344201, -133.011]
[0.018657412, -0.64313173, 0.032280475, -0.7648474, 24.373522, -1.4398731, -133.02954]
[0.019925503, -0.6427704, 0.022182316, -0.7654784, 24.304842, -1.4235197, -133.03842]
[0.014821056, -0.6427467, 0.022963196, -0.7655911, 24.30262, -1.4334754, -133.05704]
[0.013458296, -0.6440421, 0.021975845, -0.76455593, 24.299622, -1.4452531, -133.07591]
[0.021802895, -0.6457075, 0.0036376715, -0.7632649, 24.101578, -1.4094162, -133.04263]
[0.024745021, -0.6502116, 0.0063295066, -0.75932366, 24.083567, -1.4195807, -133.05925]
[0.029136712, -0.65405756, 0.007921249, -0.755842, 24.063885, -1.4289773, -133.07655]
[0.043638498, -0.6505314, -0.012854874, -0.7581157, 23.841864, -1.3921874, -133.04097]
[0.049209964, -0.6434656, -0.01737523, -0.763694, 23.805573, -1.3962088, -133.05722]
[0.054065835, -0.64217883, -0.018295616, -0.7644268, 23.770164, -1.3971225, -133.07344]
[0.06044071, -0.6413057, -0.022466958, -0.7645712, 23.643358, -1.37717, -133.07976]
[0.059401758, -0.63242465, -0.024291188, -0.7719588, 23.604422, -1.376041, -133.09612]
[0.05343065, -0.6282654, -0.024717242, -0.7757685, 23.566128, -1.376094, -133.11345]
[0.048532225, -0.63198835, -0.020259202, -0.77319133, 23.53562, -1.3762147, -133.1343]
[0.04843758, -0.63316417, -0.017313868, -0.7723063, 23.49716, -1.3798113, -133.15187]
[0.049499, -0.6314164, -0.016751021, -0.7736813, 23.456522, -1.3864119, -133.16974]
[0.046738997, -0.6314522, -0.014054388, -0.7738772, 23.41945, -1.3924712, -133.1883]
[0.045951582, -0.63264316, -0.013740122, -0.7729569, 23.376553, -1.4030846, -133.20593]
[0.046308924, -0.6311677, -0.017177999, -0.7740722, 23.331291, -1.4150466, -133.22325]
[0.043514468, -0.631921, -0.021105647, -0.77352244, 23.28707, -1.4244539, -133.23927]
[0.04122831, -0.6324806, -0.024203837, -0.7730994, 23.239315, -1.4365891, -133.25793]
[0.037351273, -0.6303698, -0.026236892, -0.7749519, 23.189266, -1.4483594, -133.27795]
[0.031327438, -0.6305558, -0.023093015, -0.77516747, 23.152742, -1.4456614, -133.2955]
[0.031942744, -0.6372887, -0.021835327, -0.76965314, 23.101915, -1.4525058, -133.31517]
[0.034911245, -0.6465852, -0.017782718, -0.76183486, 23.051056, -1.4577978, -133.33597]
[0.029634763, -0.65184957, -0.012698531, -0.7576626, 23.004963, -1.4523116, -133.36557]
[0.02582368, -0.6591005, -0.011500865, -0.7515234, 22.951015, -1.456292, -133.38777]
[0.033468373, -0.66555184, -0.013533682, -0.74547803, 22.894886, -1.4600685, -133.40886]
[0.04174599, -0.6662729, -0.015474886, -0.7443778, 22.856462, -1.4549154, -133.42062]
[0.045222502, -0.6670814, -0.016974092, -0.7434172, 22.799477, -1.4597439, -133.43964]
[0.0442472, -0.6683757, -0.018230498, -0.7422828, 22.742012, -1.4668735, -133.4586]
[0.04024791, -0.6662238, -0.020377904, -0.7443862, 22.683542, -1.477354, -133.47787]
[0.034965023, -0.663127, -0.023472697, -0.7473211, 22.69562, -1.4597111, -133.47139]
[0.03382669, -0.659033, -0.027452141, -0.7508513, 22.637049, -1.4743792, -133.4907]
[0.028381703, -0.6536914, -0.025454968, -0.75580025, 22.67158, -1.4560399, -133.46658]
[0.02990761, -0.65039253, -0.025131673, -0.75859314, 22.614338, -1.470269, -133.48572]
[0.029282806, -0.6494447, -0.021605521, -0.7595376, 22.555965, -1.4839636, -133.5051]
[0.024204949, -0.6476115, -0.015047073, -0.7614374, 22.5447, -1.4743489, -133.50076]
[0.026711436, -0.6411344, -0.0153208375, -0.76681054, 22.486263, -1.4823519, -133.52014]
[0.031547472, -0.62995404, -0.018351108, -0.7757744, 22.425846, -1.4877261, -133.54016]
[0.04166336, -0.6333099, -0.014364243, -0.7726425, 22.33853, -1.4737673, -133.57188]
[0.047578607, -0.63040316, -0.018667877, -0.7745834, 22.280552, -1.4759339, -133.59456]
[0.051098205, -0.62906015, -0.020269454, -0.7754104, 22.255835, -1.4630215, -133.60677]
[0.05462586, -0.6269879, -0.011071473, -0.7770325, 22.141756, -1.469207, -133.65436]
[0.05325855, -0.6226675, -0.009619027, -0.78061265, 22.082653, -1.476296, -133.67897]
[0.047774408, -0.6177391, -0.008139461, -0.7848884, 22.078686, -1.4576869, -133.68448]
[0.043467343, -0.6129402, -0.010542631, -0.7888622, 22.019909, -1.468413, -133.70863]
[0.03597273, -0.6099788, -0.01175946, -0.7915134, 22.09154, -1.4223312, -133.68626]
[0.028533451, -0.6089021, -0.012869537, -0.79262745, 22.0359, -1.4318588, -133.70935]
[0.019831065, -0.6105137, -0.013694763, -0.7916389, 21.97923, -1.4412186, -133.73268]
[0.011650287, -0.6139257, -0.013284415, -0.78916603, 21.95518, -1.4379467, -133.74567]
[0.013661563, -0.62195104, -0.015875578, -0.782776, 21.897757, -1.4436963, -133.76923]
[0.021424156, -0.6253926, -0.017075121, -0.77982914, 21.838923, -1.4474077, -133.79457]
[0.024376804, -0.6242088, -0.015945345, -0.78071433, 21.797527, -1.4454924, -133.81017]
[0.029270776, -0.62675744, -0.015875101, -0.7785025, 21.74036, -1.4443408, -133.83475]
[0.035660684, -0.62742, -0.015265048, -0.77771413, 21.683002, -1.442535, -133.85846]
[0.038177155, -0.6242823, -0.013052672, -0.78015625, 21.651949, -1.425271, -133.87083]
[0.040768858, -0.62603086, -0.011433035, -0.77864784, 21.594843, -1.4234673, -133.89261]
[0.041851696, -0.63331926, -0.010022074, -0.7726933, 21.537855, -1.4238689, -133.91374]
[0.036385305, -0.6352921, -0.008218616, -0.7713705, 21.573385, -1.3959103, -133.89471]
[0.0340008, -0.6337782, -0.010443419, -0.7726966, 21.517815, -1.4007903, -133.91553]
[0.03250343, -0.6324276, -0.011683077, -0.77384907, 21.462135, -1.4063361, -133.93661]
[0.030868275, -0.6309848, -0.0121203065, -0.77508616, 21.507969, -1.3887157, -133.90935]
[0.028238965, -0.63082653, -0.011169404, -0.77532935, 21.45388, -1.3923975, -133.93002]
[0.026126469, -0.6310184, -0.008851975, -0.77527714, 21.39859, -1.3948754, -133.95103]
[0.022052953, -0.6302535, -0.005405009, -0.77605736, 21.539488, -1.3606948, -133.87634]
[0.014742437, -0.6287278, -1.3545156E-4, -0.7774856, 21.488813, -1.357697, -133.89499]
[0.0018897725, -0.6226938, 0.00815919, -0.78242075, 21.471512, -1.3478522, -133.89632]
[-0.0047970684, -0.6152911, 0.009519249, -0.7882279, 21.42284, -1.3424197, -133.91403]
[-0.0029486492, -0.6186852, 0.009940147, -0.7855705, 21.371996, -1.338085, -133.93178]
[0.0035674206, -0.6271938, 0.010172933, -0.7787886, 21.319143, -1.3350154, -133.95135]
[0.019367142, -0.6304591, 8.2716346E-4, -0.77598035, 21.262726, -1.3336439, -133.97388]
[0.0330262, -0.62803453, -0.007753253, -0.77744555, 21.214754, -1.3385892, -133.99136]
[0.036744222, -0.6245843, -0.0074524283, -0.78005695, 21.15641, -1.3356032, -134.0187]
[0.03644138, -0.61644065, -0.006829828, -0.786528, 21.100735, -1.3361585, -134.04237]
[0.031857148, -0.60889596, -0.0045927465, -0.7925968, 21.045265, -1.3384385, -134.06491]
[0.026658552, -0.60712165, -0.0024445653, -0.79415774, 20.990786, -1.3425239, -134.0862]
[0.022143874, -0.6087512, -0.0033870935, -0.7930448, 20.935898, -1.348565, -134.10724]
[0.023953738, -0.611871, -0.005399972, -0.7905764, 20.959856, -1.3368157, -134.0948]
[0.027086522, -0.6149482, -0.0060589314, -0.7880789, 20.904829, -1.3419474, -134.11565]
[0.029263116, -0.61260325, -0.008875698, -0.78979874, 20.84839, -1.347396, -134.13899]
[0.034736, -0.6062901, -0.014157087, -0.7943585, 20.86543, -1.3411916, -134.12883]
[0.04397185, -0.59728473, -0.022383153, -0.8005101, 20.808838, -1.3428792, -134.15494]
[0.04726996, -0.58045274, -0.02887544, -0.81240773, 20.79507, -1.3349097, -134.16463]
[0.04513634, -0.56525767, -0.032372355, -0.82304215, 20.738485, -1.331713, -134.18971]
[0.046324458, -0.5634006, -0.030849963, -0.82430696, 20.690565, -1.3267275, -134.20955]
[0.049915947, -0.56229377, -0.030163914, -0.8248782, 20.671696, -1.3157725, -134.21947]
[0.049122456, -0.5623591, -0.027986556, -0.8249582, 20.617916, -1.3113126, -134.23848]
[0.051436465, -0.5651592, -0.028524011, -0.82288265, 20.56333, -1.3088026, -134.25664]
[0.055564996, -0.5734942, -0.027705014, -0.8168533, 20.557774, -1.2976054, -134.26271]
[0.054656, -0.5819334, -0.023192525, -0.81106615, 20.505716, -1.2979246, -134.28038]
[0.052480172, -0.5841785, -0.02147749, -0.80964196, 20.453438, -1.2998328, -134.29866]
[0.046728194, -0.58443063, -0.01977539, -0.80985564, 20.401192, -1.3024511, -134.31746]
[0.034557547, -0.58627224, -0.012318283, -0.80928296, 20.459103, -1.2871097, -134.2908]
[0.02875521, -0.58592016, -0.005681485, -0.80983853, 20.40857, -1.2900733, -134.3091]
[0.027793901, -0.58518493, -0.0012716353, -0.81042236, 20.355799, -1.2937801, -134.32816]
[0.028036121, -0.58497846, 0.0033103824, -0.81055737, 20.413515, -1.276243, -134.299]
[0.035583504, -0.57863235, 6.656945E-4, -0.8148116, 20.360376, -1.2779899, -134.31894]
[0.038448177, -0.56914306, -0.0016665459, -0.8213374, 20.405558, -1.2673211, -134.28407]
[0.038052507, -0.5615478, -0.0027424693, -0.8265643, 20.353067, -1.2659984, -134.3051]
[0.042143177, -0.55041325, -0.004242569, -0.83381724, 20.302053, -1.2627932, -134.32617]
[0.04730231, -0.5377439, -0.003825456, -0.8417715, 20.257185, -1.2615259, -134.34174]
[0.04689911, -0.52844685, -0.002679199, -0.8476658, 20.20836, -1.2575158, -134.36299]
[0.04617391, -0.52522045, 2.668798E-4, -0.8497125, 20.160442, -1.2539341, -134.38504]
[0.045925222, -0.52253926, 0.0018415451, -0.85137546, 20.208817, -1.2384233, -134.36673]
[0.04987092, -0.5157608, -0.0026886165, -0.85527563, 20.162102, -1.2385712, -134.38936]
[0.0453607, -0.51246524, -0.002683729, -0.85750484, 20.11616, -1.2398127, -134.41226]
[0.03466065, -0.5119531, 5.969107E-4, -0.8583136, 20.196991, -1.2223395, -134.38509]
[0.029867385, -0.5097348, 2.811551E-4, -0.8598129, 20.153254, -1.22532, -134.40782]
[0.02279977, -0.50748134, 8.944571E-4, -0.86136067, 20.10822, -1.228637, -134.43068]
[0.0171202, -0.5082, 0.0026886165, -0.8610647, 20.062752, -1.2316312, -134.45386]
[0.013625303, -0.5111726, 0.0034638047, -0.8593631, 20.22531, -1.2117298, -134.39]
[0.01200193, -0.5106345, 0.0017693639, -0.85971224, 20.182331, -1.2141993, -134.41193]
[0.01152149, -0.506494, 5.494058E-4, -0.8621663, 20.330872, -1.1924298, -134.35617]
[0.016678747, -0.50483215, -0.0023775995, -0.8630531, 20.289417, -1.1924655, -134.37811]
[0.01800144, -0.4995479, -0.0046955347, -0.8660864, 20.247652, -1.191333, -134.40141]
[0.019552067, -0.4939351, -0.006128192, -0.8692573, 20.221289, -1.1791046, -134.41444]
[0.01746536, -0.49251708, -0.00640285, -0.87010396, 20.180754, -1.1748699, -134.43648]
[0.015290521, -0.4929612, -0.009217262, -0.8698681, 20.140133, -1.1714805, -134.45757]
[0.019838473, -0.4920348, -0.012085736, -0.87026554, 20.128155, -1.1745344, -134.46484]
[0.025083238, -0.4895992, -0.0116373, -0.8715091, 20.08682, -1.1721051, -134.48456]
[0.027547618, -0.48580816, -0.01077348, -0.8735648, 20.045837, -1.1710322, -134.5044]
[0.029512446, -0.4798442, -0.012551248, -0.8767673, 20.057926, -1.176221, -134.49536]
[0.027481578, -0.47329518, -0.012566507, -0.8803854, 20.018036, -1.1781031, -134.51566]
[0.022959184, -0.46645737, -0.013251454, -0.88414633, 19.977425, -1.1819065, -134.53648]
[0.019955799, -0.46098027, -0.014395416, -0.88706917, 20.013214, -1.1851227, -134.52017]
[0.019475192, -0.45749485, -0.01238209, -0.8889127, 19.972797, -1.1895484, -134.53958]
[0.0218141, -0.45335764, -0.011257291, -0.8909906, 19.931032, -1.1941496, -134.55927]
[0.021492764, -0.4481995, -0.011820823, -0.89359695, 19.982912, -1.2002928, -134.53807]
[0.016388021, -0.4443692, -0.009155422, -0.895647, 19.942518, -1.2030078, -134.55681]
[0.011745827, -0.4380095, -0.006418824, -0.8988707, 19.902206, -1.2036506, -134.57584]
[0.008574114, -0.42866597, -0.006221235, -0.9034009, 19.920862, -1.2051673, -134.56433]
[0.009327144, -0.4256044, -0.0042231083, -0.90485144, 19.880165, -1.2034955, -134.58154]
