[[0.88780344, -0.07882717, 0.45342183, -2.708388], [0.029910743, 0.99302226, 0.11407098, 0.27890167], [-0.45924985, -0.087710425, 0.8839663, -18.967587]] 8228335674591905
[[0.896258, -0.07260289, 0.43755051, -2.7147324], [0.031515956, 0.9944426, 0.100452356, 0.27740964], [-0.442412, -0.0762414, 0.89356524, -18.982307]] 8228335707909098
[[0.91223353, -0.06407756, 0.40462834, -2.7202275], [0.027285255, 0.9950019, 0.09605549, 0.27678868], [-0.40876096, -0.07658465, 0.9094225, -18.998585]] 8228335741227713
[[0.93286103, -0.040042304, 0.35800403, -2.7858207], [0.008311942, 0.99593097, 0.08973499, 0.27630243], [-0.3601405, -0.080734566, 0.92939806, -19.146294]] 8228335807877328
[[0.9347905, -0.042993717, 0.35258803, -2.791302], [0.013420414, 0.9962138, 0.0858953, 0.27906224], [-0.354946, -0.075562224, 0.93182814, -19.168205]] 8228335841201059
[[0.9335275, -0.0656725, 0.35243934, -2.8037558], [0.027436169, 0.9932827, 0.112413496, 0.27215114], [-0.35745436, -0.0952715, 0.9290585, -19.201336]] 8228335874524059
[[0.9361658, -0.06601256, 0.34530556, -2.8073099], [0.023628196, 0.9918064, 0.12554613, 0.27555668], [-0.35076386, -0.10937304, 0.93005496, -19.224806]] 8228335907847944
[[0.94125026, -0.046084948, 0.33455056, -2.8123283], [0.0069484804, 0.99307823, 0.11724893, 0.27994752], [-0.33763832, -0.108035974, 0.9350554, -19.270763]] 8228335974489559
[[0.9449538, -0.053336844, 0.3228274, -2.8352935], [0.014364762, 0.9924359, 0.121920764, 0.2724096], [-0.32688838, -0.110572144, 0.9385722, -19.31713]] 8228336007817097
[[0.9514827, -0.054829244, 0.30277774, -2.8401864], [0.019356575, 0.9927128, 0.118939534, 0.26917404], [-0.3070927, -0.107308164, 0.9456104, -19.34041]] 8228336041139521
[[0.96885186, -0.046359055, 0.24326295, -2.8811274], [0.01803696, 0.9929225, 0.11738659, 0.24364395], [-0.24698317, -0.10934249, 0.962831, -19.450554]] 8228336141105367
[[0.971431, -0.04351685, 0.23329808, -2.9067032], [0.015156455, 0.9924139, 0.12200387, 0.22729267], [-0.23683749, -0.11498237, 0.9647212, -19.509954]] 8228336174433482
[[0.9694792, -0.032349154, 0.24303003, -2.927874], [0.0069804583, 0.9944973, 0.104529195, 0.21409029], [-0.24507414, -0.09964242, 0.96437025, -19.606144]] 8228336274394905
[[0.97511613, -0.0550046, 0.21476267, -2.953135], [0.032310467, 0.99364877, 0.10778778, 0.22052047], [-0.2193275, -0.09816652, 0.97070014, -19.671673]] 8228336341042866
[[0.9753899, -0.04888327, 0.21499993, -2.9766579], [0.021249507, 0.9914156, 0.12900971, 0.22890955], [-0.21946071, -0.12126612, 0.96805555, -19.720068]] 8228336407687674
[[0.9719226, -0.048386548, 0.23027214, -2.9895658], [0.017503899, 0.9907845, 0.13431154, 0.22979827], [-0.23464894, -0.12650977, 0.9638128, -19.75064]] 8228336441016097
[[0.96452975, -0.061952088, 0.25660154, -3.0184462], [0.02380355, 0.98852235, 0.14918768, 0.24094748], [-0.26289883, -0.13778794, 0.9549339, -19.800535]] 8228336507655251
[[0.9645292, -0.0744848, 0.25324962, -3.0461967], [0.04168155, 0.9903041, 0.13251562, 0.23820251], [-0.26066455, -0.11725936, 0.95828193, -19.84851]] 8228336574302828
[[0.9691032, -0.07122274, 0.23614888, -3.0599968], [0.04014435, 0.9901819, 0.13389622, 0.23152252], [-0.2433668, -0.12027921, 0.96244764, -19.878366]] 8228336607625789
[[0.9726861, -0.06470589, 0.22292352, -3.0735886], [0.036896266, 0.9912507, 0.12673077, 0.22483045], [-0.22917333, -0.115044214, 0.96656317, -19.909224]] 8228336640944135
[[0.97311056, -0.05913318, 0.2226188, -3.0875587], [0.033491775, 0.9925382, 0.117244095, 0.2222538], [-0.22789069, -0.10663557, 0.9678299, -19.952261]] 8228336674271866
[[0.97656435, -0.038104866, 0.21182552, -3.1269891], [0.016225133, 0.994436, 0.104085505, 0.20805758], [-0.21461308, -0.09820929, 0.971749, -20.051477]] 8228336774236558
[[0.9820251, -0.029926004, 0.1863631, -3.1439166], [0.008358145, 0.9932773, 0.11545694, 0.21381271], [-0.1885654, -0.11182396, 0.9756734, -20.093094]] 8228336807559828
[[0.9848889, -0.019163664, 0.17212376, -3.1564074], [-0.0027635507, 0.99199355, 0.12625812, 0.21358132], [-0.17316523, -0.12482589, 0.9769505, -20.129095]] 8228336840887520
[[0.98563963, -0.026668701, 0.16674335, -3.1803308], [0.0059153736, 0.99229705, 0.12374013, 0.22115469], [-0.16875891, -0.12097683, 0.978205, -20.202055]] 8228336907526866
[[0.98524326, -0.044209156, 0.16535178, -3.1912048], [0.020164337, 0.98931974, 0.14436015, 0.22266144], [-0.16996783, -0.13889566, 0.9756121, -20.239624]] 8228336940854866
[[0.98376626, -0.04950668, 0.17249072, -3.197516], [0.023934796, 0.98880374, 0.14728992, 0.23232917], [-0.17785129, -0.14077033, 0.9739367, -20.26671]] 8228336974175328
[[0.9819479, -0.066995636, 0.17688963, -3.2134333], [0.039949484, 0.9875337, 0.15225388, 0.2322129], [-0.18488482, -0.14243872, 0.9723831, -20.340134]] 8228337040824981
[[0.97912896, -0.06880525, 0.19123894, -3.226782], [0.0435727, 0.9901377, 0.13314955, 0.22896911], [-0.19851425, -0.12203778, 0.9724705, -20.401638]] 8228337107475981
[[0.97705674, -0.06822816, 0.20175496, -3.2326667], [0.0424649, 0.99068606, 0.12937512, 0.22361654], [-0.20870283, -0.11783932, 0.97085375, -20.43723]] 8228337140790712
[[0.9748757, -0.06697838, 0.21244137, -3.2380164], [0.041280095, 0.9915258, 0.123176716, 0.21786924], [-0.21889128, -0.11131238, 0.96937925, -20.473553]] 8228337174111789
[[0.97186875, -0.0704426, 0.22474203, -3.2306337], [0.044623945, 0.9920147, 0.11796403, 0.21864662], [-0.23125708, -0.10461667, 0.96725154, -20.484554]] 8228337207435135
[[0.96869165, -0.072311714, 0.23750256, -3.2335458], [0.043928497, 0.991471, 0.122701004, 0.21336937], [-0.24434961, -0.10842632, 0.96360624, -20.521341]] 8228337240757750
[[0.96569747, -0.063787386, 0.25171337, -3.2346957], [0.034368612, 0.9922285, 0.11958832, 0.20978427], [-0.2573854, -0.106835105, 0.96038485, -20.558825]] 8228337274079097
[[0.96385086, -0.048005037, 0.26208216, -3.2352266], [0.019019442, 0.99352235, 0.11203421, 0.20880811], [-0.2657627, -0.102999605, 0.95852035, -20.591236]] 8228337307406097
[[0.96441007, -0.039882846, 0.26138595, -3.2359648], [0.009610545, 0.99319285, 0.116084464, 0.20898107], [-0.26423642, -0.10944096, 0.95822847, -20.629673]] 8228337340723520
[[0.96531177, -0.039936982, 0.25802767, -3.2371497], [0.007586723, 0.9921059, 0.12517323, 0.21155185], [-0.26098984, -0.1188736, 0.95799446, -20.668642]] 8228337374046173
[[0.96227664, -0.04431387, 0.26843983, -3.2409542], [0.009360079, 0.99145466, 0.1301156, 0.21378797], [-0.27191186, -0.12269458, 0.9544684, -20.708002]] 8228337407371058
[[0.95515966, -0.056764163, 0.29059905, -3.2438288], [0.01592998, 0.9898816, 0.14099883, 0.2186169], [-0.29566234, -0.13004716, 0.9463992, -20.743452]] 8228337440696058
[[0.95113313, -0.064256884, 0.30202112, -3.255919], [0.021759113, 0.98962396, 0.14202428, 0.21693571], [-0.3080134, -0.1285123, 0.94266236, -20.800629]] 8228337474020366
[[0.95063853, -0.06395021, 0.30363923, -3.25879], [0.021932073, 0.989933, 0.13982698, 0.22199091], [-0.30952448, -0.1262655, 0.942471, -20.83462]] 8228337507337558
[[0.9516032, -0.06459466, 0.30046448, -3.262002], [0.02173817, 0.9893609, 0.14384836, 0.22635299], [-0.30655965, -0.130355, 0.9428832, -20.868334]] 8228337540673135
[[0.9511103, -0.065691195, 0.30178452, -3.265733], [0.026118316, 0.9907259, 0.13334204, 0.22943315], [-0.3077451, -0.118940875, 0.9440053, -20.901447]] 8228337573986827
[[0.94768363, -0.070512295, 0.31132567, -3.2698195], [0.032489005, 0.9915391, 0.1256767, 0.23267058], [-0.31755334, -0.10898709, 0.9419563, -20.9357]] 8228337607306635
[[0.9456813, -0.0719336, 0.31703708, -3.2735174], [0.03506563, 0.99209344, 0.12050307, 0.23126957], [-0.32319865, -0.10284038, 0.9407266, -20.968916]] 8228337640631750
[[0.9444908, -0.07124291, 0.32072043, -3.2721016], [0.03548596, 0.9926162, 0.115991056, 0.22786346], [-0.3266158, -0.09817141, 0.94004494, -21.00909]] 8228337673953404
[[0.9427277, -0.07051423, 0.3260249, -3.2747762], [0.03721484, 0.99353254, 0.10727622, 0.22368613], [-0.3314808, -0.08899931, 0.9392548, -21.04354]] 8228337707275250
[[0.94096094, -0.068380386, 0.3315367, -3.277309], [0.038112804, 0.99455833, 0.09695944, 0.21916236], [-0.33636272, -0.07859926, 0.93844676, -21.07862]] 8228337740597327
[[0.9413489, -0.06818447, 0.33047405, -3.2745235], [0.041105766, 0.9952495, 0.0882541, 0.21653779], [-0.3349217, -0.06949351, 0.9396798, -21.103235]] 8228337773918673
[[0.94532627, -0.06125795, 0.32032126, -3.2757373], [0.038850524, 0.9963592, 0.07588788, 0.21251808], [-0.32380378, -0.059294157, 0.9442644, -21.13952]] 8228337807253981
[[0.95081717, -0.05060781, 0.30559048, -3.27677], [0.033991482, 0.997652, 0.059456367, 0.20977412], [-0.30788192, -0.04614466, 0.9503049, -21.176382]] 8228337840571288
[[0.9579884, -0.04866899, 0.2826475, -3.2791998], [0.035620745, 0.9980568, 0.051124323, 0.20502849], [-0.28458643, -0.038908396, 0.95786047, -21.228647]] 8228337873887788
[[0.95945746, -0.044280697, 0.27835348, -3.280431], [0.031690326, 0.9982677, 0.04957176, 0.20580164], [-0.28006634, -0.03874088, 0.9591986, -21.26702]] 8228337907210365
[[0.9573156, -0.048127264, 0.2850098, -3.2820313], [0.035095915, 0.9980992, 0.050657615, 0.20795113], [-0.28690606, -0.03849265, 0.95718503, -21.305048]] 8228337940536058
[[0.95605385, -0.06287717, 0.2863695, -3.2833486], [0.046420857, 0.9968759, 0.06390309, 0.21073756], [-0.2894929, -0.04780128, 0.95598584, -21.34403]] 8228337973857365
[[0.9553894, -0.064989224, 0.28811032, -3.2800045], [0.043039855, 0.99571234, 0.08188098, 0.21283498], [-0.2921964, -0.06582799, 0.9540901, -21.375093]] 8228338007182365
[[0.9528533, -0.057216812, 0.29798785, -3.2788925], [0.03447902, 0.99611646, 0.0810139, 0.21690245], [-0.30146596, -0.06692004, 0.9511256, -21.41274]] 8228338040503327
[[0.9492402, -0.05885869, 0.3089962, -3.2787116], [0.037062023, 0.9964228, 0.07594714, 0.2205361], [-0.312361, -0.06064006, 0.94802606, -21.449337]] 8228338073827750
[[0.94825184, -0.06395767, 0.31101096, -3.2768414], [0.04244572, 0.99624515, 0.075458065, 0.2225039], [-0.3146693, -0.05835217, 0.94740605, -21.48659]] 8228338107150557
[[0.95130944, -0.06896585, 0.3004231, -3.277461], [0.04941781, 0.99616534, 0.0721974, 0.22235408], [-0.30425024, -0.053835817, 0.95106965, -21.52247]] 8228338140476057
[[0.9539624, -0.07181786, 0.29120094, -3.2780821], [0.054608535, 0.9962701, 0.06681125, 0.22043535], [-0.29491305, -0.04783336, 0.9543261, -21.558372]] 8228338173793788
[[0.95434386, -0.06862641, 0.29072013, -3.2768846], [0.053744223, 0.9968173, 0.058879748, 0.21889853], [-0.29383555, -0.040566996, 0.95499474, -21.592297]] 8228338207118096
[[0.95403326, -0.06753846, 0.2919917, -3.2764087], [0.05267811, 0.9968984, 0.058468502, 0.2147809], [-0.29503495, -0.040399324, 0.954632, -21.628767]] 8228338240440711
[[0.94912934, -0.067400366, 0.30758843, -3.2756305], [0.050353825, 0.99674034, 0.06303348, 0.21034141], [-0.31083426, -0.044338673, 0.9494294, -21.665264]] 8228338273768904
[[0.9426841, -0.07158749, 0.325917, -3.2706969], [0.05571729, 0.9967731, 0.057783674, 0.20984414], [-0.3290019, -0.03631254, 0.9436308, -21.692846]] 8228338307085865
[[0.93865347, -0.07344286, 0.33695084, -3.268631], [0.05635023, 0.99659187, 0.06024387, 0.20623627], [-0.34022695, -0.03756086, 0.9395929, -21.729284]] 8228338340413173
[[0.93261254, -0.06862323, 0.3542947, -3.265825], [0.048764706, 0.9967132, 0.06468938, 0.204377], [-0.35756943, -0.043053046, 0.93289363, -21.765211]] 8228338373732711
[[0.92891854, -0.07280001, 0.3630571, -3.259764], [0.05405977, 0.99664026, 0.06152833, 0.20545782], [-0.3663166, -0.03752802, 0.92973316, -21.792542]] 8228338407053519
[[0.9280902, -0.07682638, 0.3643436, -3.256818], [0.062152773, 0.99671894, 0.05184921, 0.20709606], [-0.36713156, -0.025475778, 0.92982006, -21.826365]] 8228338440377634
[[0.9294252, -0.07952139, 0.36034042, -3.254333], [0.06808497, 0.9966936, 0.044342995, 0.20941934], [-0.3626752, -0.016679727, 0.93176633, -21.859745]] 8228338473699480
[[0.93300873, -0.08583743, 0.34946615, -3.250415], [0.07472279, 0.9961799, 0.04519038, 0.21375285], [-0.3520102, -0.016049929, 0.93585855, -21.890997]] 8228338507022211
[[0.9368528, -0.08191219, 0.33999592, -3.2490222], [0.070494875, 0.9964592, 0.045820657, 0.21640483], [-0.34254533, -0.018959235, 0.93930995, -21.924341]] 8228338540352826
[[0.9361475, -0.0780928, 0.34282553, -3.2441041], [0.06567977, 0.9967005, 0.04768949, 0.21493603], [-0.34541857, -0.022127695, 0.93818784, -21.96329]] 8228338573669557
[[0.9298672, -0.0820248, 0.3586348, -3.244799], [0.06830451, 0.99637115, 0.050784297, 0.21676525], [-0.36149892, -0.022726275, 0.9320955, -21.996271]] 8228338606992557
[[0.92388016, -0.08515554, 0.37308714, -3.2460816], [0.06982147, 0.9960724, 0.054449506, 0.21679881], [-0.37625846, -0.02425532, 0.9261972, -22.029835]] 8228338640318634
[[0.9198778, -0.08761726, 0.38229305, -3.2490723], [0.064311296, 0.9952306, 0.073349066, 0.20983693], [-0.38689637, -0.042886414, 0.92112535, -22.09951]] 8228338706957788
[[0.9203516, -0.08553792, 0.38162318, -3.2496512], [0.059766445, 0.995089, 0.078904286, 0.2060129], [-0.3864983, -0.049811427, 0.92094404, -22.127121]] 8228338740287172
[[0.9205722, -0.077712, 0.3827631, -3.2493558], [0.05300881, 0.9957972, 0.07468577, 0.1989737], [-0.38695842, -0.048463825, 0.9208227, -22.141706]] 8228338773609057
[[0.919906, -0.075282976, 0.3848446, -3.2505617], [0.052878052, 0.9962495, 0.06848944, 0.19361803], [-0.3885573, -0.04265402, 0.92043674, -22.176739]] 8228338806947019
[[0.92210615, -0.07621136, 0.3793575, -3.2519977], [0.053345997, 0.99608845, 0.07044169, 0.1888285], [-0.38324204, -0.044717517, 0.92256486, -22.212658]] 8228338840249788
[[0.9261781, -0.071369514, 0.3702709, -3.2533896], [0.050249446, 0.99652773, 0.06638859, 0.18536888], [-0.37372333, -0.04288175, 0.9265484, -22.249084]] 8228338873576749
[[0.9329138, -0.06812405, 0.35359728, -3.2563179], [0.050024644, 0.9969388, 0.060087644, 0.18214726], [-0.35660827, -0.03836801, 0.93346584, -22.284985]] 8228338906899557
[[0.9387718, -0.061802775, 0.33895126, -3.2579162], [0.041180544, 0.996855, 0.06770672, 0.18264258], [-0.34206972, -0.049602963, 0.93836445, -22.323544]] 8228338940219788
[[0.9361902, -0.04957915, 0.3479796, -3.2592921], [0.028955357, 0.99751544, 0.06422285, 0.1853142], [-0.35029912, -0.050048925, 0.93529975, -22.36144]] 8228338973546903
[[0.93014973, -0.05471338, 0.36308113, -3.2575164], [0.031977315, 0.99714935, 0.06834209, 0.18709587], [-0.36578533, -0.051958013, 0.9292478, -22.415895]] 8228339006865057
[[0.92713225, -0.061587222, 0.36963868, -3.2586336], [0.034604304, 0.99625826, 0.07919628, 0.19062367], [-0.37313306, -0.060634337, 0.92579436, -22.453876]] 8228339040188326
[[0.9271448, -0.06511412, 0.3690022, -3.2587695], [0.036848936, 0.9958561, 0.083143115, 0.19428687], [-0.37288687, -0.06348838, 0.9257022, -22.491827]] 8228339073513249
[[0.929246, -0.06945247, 0.36287484, -3.2566745], [0.039836064, 0.99528104, 0.08848016, 0.19923168], [-0.36730763, -0.06776433, 0.9276277, -22.537182]] 8228339106838711
[[0.9319023, -0.06654073, 0.35655355, -3.2550118], [0.03718911, 0.99537635, 0.08856019, 0.20144114], [-0.36079782, -0.06926953, 0.9300681, -22.574608]] 8228339140156249
[[0.93366516, -0.061684243, 0.3527952, -3.2532766], [0.03600338, 0.9962319, 0.078903295, 0.20227301], [-0.35633293, -0.060967434, 0.93236786, -22.611347]] 8228339173483326
[[0.93420225, -0.058782957, 0.3518674, -3.2503786], [0.03547047, 0.99674886, 0.0723433, 0.1991361], [-0.35497597, -0.05510237, 0.9332501, -22.668167]] 8228339206807711
[[0.9359154, -0.054888073, 0.34792182, -3.2465267], [0.035888646, 0.99750304, 0.06082482, 0.19423395], [-0.35039166, -0.04444044, 0.93554837, -22.742094]] 8228339273455941
[[0.93489647, -0.0526565, 0.3509927, -3.2427227], [0.035259932, 0.99782044, 0.055777073, 0.18915668], [-0.3531647, -0.039769806, 0.9347155, -22.779858]] 8228339306775864
[[0.93179065, -0.05430399, 0.35891122, -3.2402444], [0.035650514, 0.9976569, 0.05839309, 0.1855348], [-0.36124122, -0.041614763, 0.93154335, -22.817549]] 8228339340095018
[[0.92675084, -0.055464827, 0.3715595, -3.237328], [0.038096376, 0.99781775, 0.053929277, 0.181995], [-0.37373984, -0.035823934, 0.9268415, -22.85491]] 8228339373415134
[[0.9232605, -0.049840014, 0.38092783, -3.230673], [0.033509497, 0.9982174, 0.049387764, 0.17630383], [-0.38271025, -0.032833073, 0.9232848, -22.884867]] 8228339406742787
[[0.9182252, -0.043406077, 0.3936729, -3.2263293], [0.023758186, 0.99822295, 0.05464836, 0.17513011], [-0.39534542, -0.040826548, 0.9176248, -22.921864]] 8228339440064403
[[0.9129539, -0.04492645, 0.40558204, -3.222378], [0.027927756, 0.9984695, 0.047736168, 0.17630213], [-0.4071059, -0.03225392, 0.9128113, -22.956957]] 8228339473388749
[[0.9158336, -0.05694647, 0.39749965, -3.220187], [0.047883905, 0.9983176, 0.032696832, 0.18046987], [-0.39869288, -0.010911021, 0.9170196, -22.984476]] 8228339506723403
[[0.925822, -0.069292985, 0.37155357, -3.2169373], [0.05883365, 0.99748886, 0.039427668, 0.18251774], [-0.37335262, -0.014643149, 0.9275739, -23.01927]] 8228339540039633
[[0.9358398, -0.07333163, 0.3447121, -3.2135572], [0.062372036, 0.99713516, 0.042793155, 0.19038926], [-0.34686264, -0.01854714, 0.9377325, -23.048103]] 8228339573356326
[[0.9425598, -0.071002245, 0.32640418, -3.2098622], [0.05819444, 0.9971093, 0.048851274, 0.19193773], [-0.32892922, -0.027050339, 0.9439671, -23.083511]] 8228339606681710
[[0.9443704, -0.062359437, 0.32291773, -3.2068975], [0.044449925, 0.99705154, 0.0625496, 0.19345984], [-0.3258662, -0.044716313, 0.9443578, -23.119684]] 8228339640002326
[[0.9393735, -0.06266598, 0.33712086, -3.2055874], [0.041869186, 0.99676406, 0.0686175, 0.19493324], [-0.34032992, -0.050342485, 0.9389575, -23.155613]] 8228339673323595
[[0.9316312, -0.07000824, 0.35659796, -3.2046263], [0.046674915, 0.99619246, 0.0736344, 0.1971891], [-0.3603952, -0.051955935, 0.93135166, -23.178448]] 8228339706647826
[[0.92391783, -0.077226095, 0.37471578, -3.2051406], [0.049395166, 0.9952969, 0.08333198, 0.19538856], [-0.37938884, -0.058482748, 0.92338717, -23.21388]] 8228339739971518
[[0.92007697, -0.082298204, 0.38299534, -3.20579], [0.054528505, 0.99507105, 0.08282645, 0.19194014], [-0.38792405, -0.055322547, 0.9200295, -23.249523]] 8228339773292326
[[0.9204677, -0.08406134, 0.38167125, -3.2015183], [0.057697464, 0.9951217, 0.08002333, 0.1870007], [-0.38653624, -0.051637426, 0.9208275, -23.272081]] 8228339806612518
[[0.9221515, -0.08168044, 0.378107, -3.201132], [0.055306517, 0.9952502, 0.08011352, 0.18165787], [-0.38285482, -0.052965023, 0.92228895, -23.30838]] 8228339839936133
[[0.9235845, -0.0789664, 0.3751745, -3.2004483], [0.055948265, 0.99584335, 0.07187378, 0.1767267], [-0.3792906, -0.045391142, 0.9241635, -23.344837]] 8228339873261249
[[0.92718726, -0.079404175, 0.36608565, -3.1967776], [0.05826773, 0.9959517, 0.068447426, 0.17507914], [-0.37003863, -0.042132597, 0.9280605, -23.384777]] 8228339906589402
[[0.93185973, -0.06819632, 0.356352, -3.1950042], [0.047640916, 0.9966714, 0.06615556, 0.17156768], [-0.3596774, -0.04467076, 0.93200684, -23.422676]] 8228339939909825
[[0.93755186, -0.052848376, 0.34380752, -3.1932678], [0.036007456, 0.9978264, 0.05518975, 0.1693894], [-0.3459769, -0.039363623, 0.9374169, -23.46089]] 8228339973232018
[[0.9443172, -0.049128793, 0.3253481, -3.1901493], [0.03135392, 0.99772644, 0.059656247, 0.16582525], [-0.32753924, -0.04613348, 0.9437106, -23.49907]] 8228340006550595
[[0.9453613, -0.03944563, 0.3236295, -3.188941], [0.019920643, 0.9977878, 0.06342488, 0.16701189], [-0.32541537, -0.053512514, 0.94405574, -23.538317]] 8228340039877325
[[0.9412683, -0.04115139, 0.33514252, -3.188628], [0.023622772, 0.99813926, 0.05621326, 0.16953704], [-0.3368322, -0.044994764, 0.940489, -23.576403]] 8228340073197671
[[0.9400691, -0.058423035, 0.3359417, -3.1888561], [0.039249457, 0.997204, 0.06358986, 0.16953827], [-0.33871755, -0.046593335, 0.93973374, -23.607595]] 8228340106520941
[[0.9432519, -0.06559514, 0.32553512, -3.1874652], [0.041388396, 0.99587524, 0.08074366, 0.1713506], [-0.32948875, -0.06268824, 0.9420761, -23.646984]] 8228340139846018
[[0.9442175, -0.065459915, 0.32275116, -3.1850758], [0.039877776, 0.9955608, 0.08525464, 0.17310731], [-0.32689917, -0.067628324, 0.9426364, -23.68573]] 8228340173164902
[[0.94463307, -0.06607526, 0.3214069, -3.183716], [0.041461926, 0.9957001, 0.082838416, 0.17417045], [-0.32549846, -0.06492576, 0.94331086, -23.7268]] 8228340206489056
[[0.9452102, -0.06635511, 0.31964758, -3.1820197], [0.03986591, 0.99525857, 0.08871902, 0.17388482], [-0.32401899, -0.071115084, 0.9433739, -23.764652]] 8228340239818210
[[0.9438287, -0.06785948, 0.32339206, -3.1810272], [0.041156996, 0.9952066, 0.08871287, 0.17205162], [-0.32786193, -0.07041991, 0.9420974, -23.801968]] 8228340273132633
[[0.9413327, -0.07062913, 0.3300064, -3.1786242], [0.042680882, 0.99491847, 0.09119008, 0.17119586], [-0.3347701, -0.07175524, 0.9395638, -23.826231]] 8228340306460402
[[0.93788147, -0.07151994, 0.33950445, -3.1775694], [0.042193737, 0.99477184, 0.092998184, 0.16678052], [-0.3443807, -0.07289631, 0.93599576, -23.862967]] 8228340339779479
[[0.93448424, -0.07172942, 0.3487034, -3.1694558], [0.044449814, 0.9953355, 0.085623465, 0.16561954], [-0.35321864, -0.064513974, 0.9333137, -23.90206]] 8228340373101017
[[0.9351451, -0.06954016, 0.34737286, -3.163103], [0.041101247, 0.99522024, 0.08858535, 0.1550301], [-0.3518727, -0.06856269, 0.9335335, -23.977037]] 8228340439747402
[[0.9363313, -0.072224, 0.3436095, -3.1593437], [0.045468196, 0.9953167, 0.08530747, 0.15000255], [-0.34816152, -0.06425274, 0.93523, -24.015135]] 8228340473070594
[[0.9368507, -0.06606847, 0.34343222, -3.1429546], [0.034849294, 0.9947421, 0.09629994, 0.14512847], [-0.34798887, -0.0782503, 0.9342273, -24.083677]] 8228340539715056
[[0.93466175, -0.06718329, 0.34913304, -3.1378717], [0.036264822, 0.9948775, 0.094358884, 0.14471087], [-0.35368398, -0.075532384, 0.93231034, -24.123182]] 8228340573041786
[[0.93240994, -0.070362024, 0.35448685, -3.1350796], [0.035825387, 0.99402845, 0.103072666, 0.14506164], [-0.35962245, -0.08340635, 0.9293627, -24.159473]] 8228340606361902
[[0.9315551, -0.07743381, 0.35525924, -3.1319783], [0.03886797, 0.9926687, 0.11444731, 0.14608991], [-0.36151683, -0.09280576, 0.9277352, -24.197783]] 8228340639682094
[[0.933171, -0.08484491, 0.34927532, -3.129082], [0.046241485, 0.99200404, 0.117429666, 0.14819439], [-0.35644582, -0.093430944, 0.9296327, -24.235683]] 8228340673008671
[[0.93799686, -0.08405793, 0.3362977, -3.1230886], [0.043556694, 0.99104494, 0.12622488, 0.1537388], [-0.34389633, -0.10375053, 0.93325835, -24.258242]] 8228340706332786
[[0.9406293, -0.082122594, 0.32935145, -3.1204143], [0.040357824, 0.9904668, 0.13170716, 0.15716669], [-0.33702782, -0.110595696, 0.93497634, -24.295649]] 8228340739653017
[[0.9381208, -0.08283144, 0.33625636, -3.1149547], [0.04212752, 0.9910588, 0.12660024, 0.1619159], [-0.34373632, -0.10460066, 0.9332224, -24.318247]] 8228340772981094
[[0.9329956, -0.08403523, 0.34993902, -3.1136646], [0.040888328, 0.9908116, 0.12892093, 0.16308816], [-0.3575575, -0.105974235, 0.9278589, -24.354803]] 8228340806301286
[[0.92799187, -0.08318323, 0.3631965, -3.1128316], [0.03794656, 0.99079204, 0.12996598, 0.16241634], [-0.37066317, -0.10682531, 0.9226035, -24.391592]] 8228340839628748
[[0.92548746, -0.082999796, 0.36957276, -3.1124115], [0.039967455, 0.9916485, 0.12262066, 0.16024119], [-0.37666374, -0.098712996, 0.9210756, -24.428747]] 8228340872951517
[[0.92597234, -0.08307251, 0.36833978, -3.106754], [0.04019954, 0.99164295, 0.122589566, 0.16101575], [-0.37544537, -0.09870746, 0.92157346, -24.438284]] 8228340906269132
[[0.9252177, -0.07836026, 0.37125722, -3.1055672], [0.036198676, 0.9922088, 0.11921138, 0.15750861], [-0.37770614, -0.096857466, 0.9208456, -24.475998]] 8228340939591248
[[0.92471665, -0.07702132, 0.37278253, -3.1045778], [0.03983663, 0.9935192, 0.10645499, 0.15430364], [-0.3785659, -0.08359031, 0.92179203, -24.513605]] 8228340972918517
[[0.9279034, -0.0762243, 0.36494532, -3.106343], [0.04162706, 0.9939378, 0.10175856, 0.1535105], [-0.37048945, -0.07923051, 0.9254513, -24.52234]] 8228341006238902
[[0.9332537, -0.06577443, 0.3531448, -3.104387], [0.03323076, 0.994686, 0.09744493, 0.1513528], [-0.35767755, -0.079205565, 0.9304801, -24.560383]] 8228341039562325
[[0.94133556, -0.05928284, 0.33222425, -3.1024911], [0.028555574, 0.99491125, 0.09662385, 0.15045834], [-0.3362618, -0.08146861, 0.93823814, -24.59935]] 8228341072885748
[[0.9460765, -0.04611837, 0.32064357, -3.1030917], [0.014139885, 0.99474984, 0.101354994, 0.15215158], [-0.32363448, -0.09135572, 0.94176155, -24.616156]] 8228341106210248
[[0.9435643, -0.03854538, 0.32893875, -3.1014674], [0.005292535, 0.9948323, 0.101393774, 0.15534528], [-0.33114716, -0.09393062, 0.9388922, -24.653976]] 8228341139528132
[[0.93909764, -0.050735466, 0.3398845, -3.1005769], [0.015831595, 0.9943788, 0.10469102, 0.15979895], [-0.34328547, -0.092934184, 0.93462205, -24.691397]] 8228341172852055
[[0.93772596, -0.06212215, 0.34177604, -3.1004393], [0.025137952, 0.9934353, 0.11159891, 0.16251668], [-0.34646514, -0.09605765, 0.93313175, -24.720263]] 8228341206173171
[[0.9389377, -0.065606445, 0.33777466, -3.0979526], [0.02672919, 0.9925952, 0.118492, 0.16605619], [-0.34304735, -0.10222817, 0.9337387, -24.757252]] 8228341239500324
[[0.94076836, -0.06416642, 0.3329227, -3.094674], [0.027327329, 0.9930839, 0.11418252, 0.1688973], [-0.33794683, -0.09832141, 0.9360154, -24.7938]] 8228341272818171
[[0.94200546, -0.062255383, 0.32977256, -3.0886004], [0.028480204, 0.9939281, 0.10628191, 0.16865069], [-0.33438686, -0.09072614, 0.93805873, -24.841051]] 8228341306140324
[[0.9430752, -0.060444437, 0.3270408, -3.084552], [0.02881732, 0.9944988, 0.10070613, 0.16832772], [-0.3313288, -0.08554901, 0.93962896, -24.877234]] 8228341339461671
[[0.94310975, -0.06212561, 0.32662585, -3.0804892], [0.030842645, 0.994499, 0.10010187, 0.16634794], [-0.33104798, -0.08433305, 0.9398378, -24.913456]] 8228341372791632
[[0.94315493, -0.060928058, 0.3267209, -3.074023], [0.030242722, 0.99470764, 0.098194, 0.16673324], [-0.33097452, -0.08273123, 0.9400061, -24.930075]] 8228341406108555
[[0.9422388, -0.06154227, 0.32923937, -3.0684683], [0.031778324, 0.99496645, 0.09503639, 0.16357273], [-0.3334309, -0.07908429, 0.9394517, -24.965994]] 8228341439435247
[[0.9414575, -0.062712416, 0.33124757, -3.061842], [0.03583478, 0.995595, 0.08663985, 0.16053814], [-0.33522183, -0.06969756, 0.9395577, -25.001951]] 8228341472762478
[[0.9440806, -0.065451905, 0.32315302, -3.060266], [0.04052066, 0.9957011, 0.08329107, 0.15529628], [-0.32721537, -0.06553911, 0.9426742, -25.039433]] 8228341506090209
[[0.94797885, -0.061743274, 0.31228817, -3.0517921], [0.03793969, 0.9959314, 0.08173874, 0.15209016], [-0.31606442, -0.06563848, 0.9464644, -25.076277]] 8228341539404863
[[0.9492742, -0.054730333, 0.3096501, -3.0429657], [0.035031445, 0.99701333, 0.068827465, 0.15037978], [-0.31249222, -0.054488648, 0.9483563, -25.112997]] 8228341572732747
[[0.9478421, -0.06078435, 0.31289062, -3.0382013], [0.039831873, 0.9965412, 0.072932124, 0.14665619], [-0.31624153, -0.056665123, 0.9469849, -25.150143]] 8228341606044363
[[0.9462722, -0.0661323, 0.31653666, -3.0299172], [0.043891236, 0.99607277, 0.07689324, 0.14881569], [-0.32037866, -0.05886875, 0.9454586, -25.187094]] 8228341639368324
[[0.94539684, -0.071807824, 0.3179127, -3.0218472], [0.049748432, 0.9957906, 0.07698196, 0.15211043], [-0.32210237, -0.056962844, 0.94498956, -25.22402]] 8228341672694709
[[0.94545436, -0.07659272, 0.31662214, -3.012555], [0.050048657, 0.9945791, 0.09114587, 0.1571742], [-0.3218869, -0.070327744, 0.9441625, -25.254883]] 8228341706050824
[[0.9464788, -0.07091889, 0.3148783, -3.0051475], [0.041001152, 0.99407685, 0.10064872, 0.16029347], [-0.32015112, -0.08235151, 0.9437804, -25.290598]] 8228341739339632
[[0.94753623, -0.06162999, 0.31365085, -2.997944], [0.029283589, 0.99384725, 0.10681792, 0.1674111], [-0.31830424, -0.09202903, 0.943511, -25.33139]] 8228341772660747
[[0.947602, -0.056562915, 0.314406, -2.9916992], [0.024004139, 0.9940249, 0.106481984, 0.17144185], [-0.31855032, -0.09335549, 0.9432976, -25.365501]] 8228341805982132
[[0.94704956, -0.059288822, 0.31556612, -2.9865265], [0.028163256, 0.9943549, 0.102299094, 0.17467672], [-0.3198499, -0.08799495, 0.94337314, -25.3991]] 8228341839304401
[[0.94764304, -0.06292147, 0.31307116, -2.9819834], [0.032876275, 0.9944095, 0.100343764, 0.17602661], [-0.31763473, -0.08479746, 0.9444139, -25.433044]] 8228341872632170
[[0.94822896, -0.06651478, 0.31054404, -2.9796162], [0.03744341, 0.9944165, 0.0986606, 0.1764993], [-0.3153725, -0.08192502, 0.94542503, -25.442274]] 8228341905953555
[[0.9480745, -0.06963628, 0.31033128, -2.9755502], [0.041870743, 0.9945716, 0.09525844, 0.17411256], [-0.31528014, -0.07731829, 0.9458437, -25.476196]] 8228341939274555
[[0.94739515, -0.07162618, 0.31194898, -2.9713564], [0.044242665, 0.9945886, 0.09400031, 0.17084804], [-0.3169938, -0.07525398, 0.9454374, -25.510939]] 8228341972594709
[[0.94564116, -0.07075864, 0.3174209, -2.9687457], [0.04420603, 0.99495155, 0.09009606, 0.17039837], [-0.3221935, -0.07116662, 0.94399506, -25.515902]] 8228342005921978
[[0.94718736, -0.07209724, 0.31247097, -2.9639227], [0.04748373, 0.99519, 0.08568624, 0.16718027], [-0.3171457, -0.06632362, 0.9460548, -25.550323]] 8228342039243862
[[0.95286983, -0.06858775, 0.29552466, -2.9585974], [0.04619606, 0.9955525, 0.0821044, 0.16444896], [-0.29984164, -0.064582735, 0.9518004, -25.58557]] 8228342072566093
[[0.9595457, -0.060438257, 0.2749896, -2.9535084], [0.040399972, 0.9961373, 0.07796361, 0.16049461], [-0.27863938, -0.06370007, 0.958281, -25.621803]] 8228342105887785
[[0.96616125, -0.058536775, 0.25120893, -2.9481313], [0.03818094, 0.9956357, 0.08515763, 0.16046377], [-0.25509742, -0.072684616, 0.9641796, -25.658316]] 8228342139212708
[[0.96926886, -0.048380565, 0.24119951, -2.9420214], [0.027786922, 0.99572724, 0.0880634, 0.16281806], [-0.24442948, -0.07865492, 0.96647173, -25.69519]] 8228342172535939
[[0.9669844, -0.04079206, 0.2515496, -2.9377701], [0.020607118, 0.99638945, 0.08236155, 0.1649305], [-0.25400108, -0.074458614, 0.96433365, -25.73194]] 8228342205863593
[[0.9636744, -0.049594298, 0.26243487, -2.9326942], [0.028065646, 0.9959721, 0.08515786, 0.1693186], [-0.26560113, -0.074699044, 0.96118474, -25.767061]] 8228342239180824
[[0.962069, -0.058602143, 0.26643777, -2.9274757], [0.034090456, 0.99482507, 0.09571282, 0.17351156], [-0.27066797, -0.08299934, 0.9590881, -25.801958]] 8228342272506747
[[0.96254903, -0.06625427, 0.26288736, -2.9210157], [0.040354375, 0.99389035, 0.10273001, 0.17661895], [-0.2680875, -0.088274024, 0.9593419, -25.851198]] 8228342305826708
[[0.9647503, -0.07065622, 0.2535045, -2.91386], [0.04586147, 0.99368304, 0.10242429, 0.1797791], [-0.25914007, -0.087187774, 0.9618964, -25.885149]] 8228342339149785
[[0.96621966, -0.07009473, 0.24800459, -2.9062395], [0.04568701, 0.99364775, 0.10284398, 0.1814388], [-0.253638, -0.08803929, 0.9632844, -25.918888]] 8228342372479901
[[0.9656175, -0.0676854, 0.25100124, -2.8982477], [0.04390645, 0.99410236, 0.09916038, 0.17790703], [-0.25623262, -0.084730424, 0.9628944, -25.964334]] 8228342405795747
[[0.9648154, -0.06949216, 0.25357857, -2.8908274], [0.046285108, 0.99426883, 0.09636976, 0.17580263], [-0.25882223, -0.081242114, 0.96250236, -25.997309]] 8228342439118477
[[0.96351945, -0.07257846, 0.25760934, -2.8832033], [0.048964188, 0.9940856, 0.09693458, 0.1726524], [-0.2631211, -0.080784716, 0.9613746, -26.030636]] 8228342472439439
[[0.9622881, -0.07543479, 0.26136422, -2.8729863], [0.05280566, 0.9943062, 0.09255675, 0.16791397], [-0.26685804, -0.075264744, 0.96079236, -26.077227]] 8228342505762324
[[0.9613507, -0.082337074, 0.262727, -2.864384], [0.060603313, 0.99411476, 0.0897946, 0.16404817], [-0.2685742, -0.070401974, 0.9606828, -26.11098]] 8228342539083439
[[0.96014935, -0.08625829, 0.26584345, -2.8550313], [0.063431606, 0.9936152, 0.093302034, 0.160205], [-0.27219415, -0.07272101, 0.9594905, -26.145231]] 8228342572409900
[[0.9595914, -0.08307637, 0.2688545, -2.8406646], [0.059147593, 0.99362975, 0.09592416, 0.15956303], [-0.27511084, -0.076145895, 0.9583923, -26.180416]] 8228342605732247
[[0.95607287, -0.07659769, 0.28294426, -2.8294063], [0.053005252, 0.99451876, 0.090127125, 0.15843992], [-0.28829688, -0.07117057, 0.95489246, -26.214458]] 8228342639054554
[[0.9480622, -0.07650658, 0.3087471, -2.8187652], [0.05343596, 0.99515647, 0.08251219, 0.15945847], [-0.31356442, -0.061728496, 0.9475584, -26.247248]] 8228342672377323
[[0.9416707, -0.08692439, 0.32511604, -2.8095636], [0.06379576, 0.9946576, 0.08115688, 0.16369927], [-0.33043367, -0.055682022, 0.9421853, -26.279467]] 8228342705703477
[[0.9414711, -0.09591977, 0.32315868, -2.8000371], [0.07501814, 0.99423915, 0.07655612, 0.16709122], [-0.32864022, -0.04783261, 0.94324315, -26.311161]] 8228342739019439
[[0.9451727, -0.10168594, 0.3103361, -2.7907991], [0.08097562, 0.99358517, 0.07893922, 0.17030947], [-0.3163724, -0.049481533, 0.9473437, -26.343252]] 8228342772343362
[[0.9488408, -0.10416743, 0.2980777, -2.7826397], [0.08208451, 0.9929336, 0.08570321, 0.17331485], [-0.30489886, -0.056851145, 0.9506864, -26.375546]] 8228342805672516
[[0.9510686, -0.09822168, 0.29295236, -2.7733107], [0.07401132, 0.99294525, 0.09263935, 0.17624025], [-0.29998487, -0.066424586, 0.9516285, -26.408243]] 8228342838988785
[[0.949168, -0.09419583, 0.30034518, -2.764895], [0.06714153, 0.9928014, 0.099183045, 0.17753953], [-0.30752575, -0.073975734, 0.94865984, -26.461567]] 8228342872314246
[[0.9433826, -0.096606396, 0.317327, -2.7573836], [0.06821299, 0.9927041, 0.099426165, 0.17974079], [-0.324617, -0.072151095, 0.9430896, -26.49418]] 8228342905633477
[[0.93764836, -0.09783115, 0.33353353, -2.7504473], [0.0682706, 0.99271727, 0.09925495, 0.18009411], [-0.3408147, -0.07029571, 0.9374987, -26.52705]] 8228342938957131
[[0.93497837, -0.094883665, 0.34177843, -2.7435977], [0.06329943, 0.99272376, 0.102433816, 0.17849508], [-0.34901085, -0.074139014, 0.93418133, -26.560638]] 8228342972285092
[[0.9342771, -0.09368263, 0.34402007, -2.7369146], [0.06328635, 0.99311554, 0.09857184, 0.17565191], [-0.35088617, -0.070321634, 0.93377393, -26.594515]] 8228343005622362
[[0.9345876, -0.09219142, 0.34357932, -2.729251], [0.06322413, 0.99350524, 0.09460456, 0.16968158], [-0.3500696, -0.066693746, 0.93434644, -26.637138]] 8228343038928439
[[0.9362882, -0.08729473, 0.34021187, -2.7220008], [0.05897176, 0.99394244, 0.09274038, 0.16581121], [-0.34624678, -0.06676883, 0.93576443, -26.67186]] 8228343072252131
[[0.9392563, -0.08715991, 0.33196494, -2.7043798], [0.061865248, 0.99436915, 0.086038604, 0.16571423], [-0.33759484, -0.060275212, 0.93935966, -26.727062]] 8228343105584862
[[0.9435745, -0.08640866, 0.31968856, -2.6969907], [0.064529404, 0.9948289, 0.07843114, 0.16275457], [-0.32481253, -0.05337631, 0.944271, -26.762936]] 8228343138895823
[[0.94758004, -0.07601691, 0.31034416, -2.689823], [0.05531927, 0.9956501, 0.074971005, 0.16079144], [-0.31469327, -0.053873017, 0.94766337, -26.799316]] 8228343172222362
[[0.9520433, -0.07238545, 0.29727757, -2.6834707], [0.05228814, 0.9958102, 0.07501946, 0.16056193], [-0.30146235, -0.055877678, 0.9518393, -26.836258]] 8228343205545015
[[0.95593643, -0.066753104, 0.28588387, -2.680049], [0.046409283, 0.9959223, 0.07736212, 0.15849978], [-0.28988227, -0.060685605, 0.9551364, -26.874424]] 8228343238865169
[[0.95529056, -0.05416549, 0.29066473, -2.6737149], [0.03308949, 0.9964861, 0.07694459, 0.16199672], [-0.29381114, -0.06388649, 0.9537261, -26.911415]] 8228343272188092
[[0.95136327, -0.0573492, 0.30268624, -2.6664855], [0.03476424, 0.9962295, 0.07948676, 0.16857672], [-0.3061035, -0.06509812, 0.9497699, -26.948431]] 8228343305510438
[[0.94991016, -0.06710054, 0.30523467, -2.6607237], [0.042177334, 0.9952683, 0.08753381, 0.17258808], [-0.30966395, -0.07027527, 0.9482455, -26.984314]] 8228343338833169
[[0.9526445, -0.07314377, 0.29515818, -2.6543202], [0.044635937, 0.9937619, 0.10220049, 0.17599949], [-0.3007923, -0.08418608, 0.94996667, -27.020613]] 8228343372158246
[[0.95642823, -0.0732102, 0.28263995, -2.6513915], [0.044622883, 0.99333274, 0.10629602, 0.17439905], [-0.28853747, -0.08905229, 0.9533183, -27.041668]] 8228343405477823
[[0.9595844, -0.0779378, 0.27041343, -2.6449146], [0.049862593, 0.9927693, 0.109191656, 0.17616808], [-0.27696833, -0.09129509, 0.9565322, -27.076845]] 8228343438801554
[[0.960376, -0.0818042, 0.26643184, -2.6415665], [0.052671526, 0.9920004, 0.11472098, 0.17598908], [-0.27368513, -0.0961419, 0.95700216, -27.096601]] 8228343472131323
[[0.9573261, -0.08187984, 0.27716854, -2.6300676], [0.05183047, 0.99212, 0.114067666, 0.1724611], [-0.28432432, -0.094834186, 0.9540263, -27.165245]] 8228343538768515
[[0.954231, -0.07939567, 0.2883392, -2.6242044], [0.049724292, 0.9928171, 0.10881948, 0.16956726], [-0.29490787, -0.08950146, 0.95132476, -27.19947]] 8228343572092746
[[0.95319384, -0.08363474, 0.29056275, -2.6229854], [0.055764787, 0.99312514, 0.10292134, 0.16389152], [-0.29717296, -0.081900805, 0.9513046, -27.228374]] 8228343605420477
[[0.9554338, -0.08317823, 0.28324488, -2.6095498], [0.055114157, 0.99287385, 0.10565966, 0.15624152], [-0.290015, -0.08534001, 0.9532095, -27.29903]] 8228343672064284
[[0.95515734, -0.0774415, 0.28579235, -2.6019137], [0.04940019, 0.9933429, 0.104065076, 0.15390685], [-0.29194874, -0.08528033, 0.9526244, -27.334934]] 8228343705385900
[[0.9519358, -0.07328953, 0.29740015, -2.5950007], [0.04360612, 0.993489, 0.1052525, 0.14901066], [-0.30317768, -0.08722515, 0.94893366, -27.378994]] 8228343738706246
[[0.9456227, -0.07255855, 0.3170694, -2.5876608], [0.042187538, 0.9939271, 0.10163205, 0.15134388], [-0.32251817, -0.0827292, 0.94294107, -27.413881]] 8228343772031938
[[0.94330037, -0.07566373, 0.32320192, -2.5824661], [0.04845466, 0.99463195, 0.09142974, 0.15342078], [-0.3283849, -0.07058507, 0.94190294, -27.444017]] 8228343805349246
[[0.9484253, -0.08032611, 0.3066549, -2.5766568], [0.053835213, 0.9941248, 0.09390199, 0.15694368], [-0.31239602, -0.07255019, 0.94717747, -27.47836]] 8228343838674900
[[0.95429194, -0.08102099, 0.28768477, -2.572753], [0.05499222, 0.9937204, 0.09744547, 0.16091831], [-0.29377332, -0.077171, 0.95275486, -27.506567]] 8228343871996976
[[0.9560243, -0.07936145, 0.282346, -2.5680506], [0.053930443, 0.9938474, 0.096740745, 0.16432603], [-0.28828633, -0.07725946, 0.9544223, -27.540215]] 8228343905319784
[[0.953501, -0.07742337, 0.29127562, -2.5641487], [0.049247213, 0.99347585, 0.102861285, 0.16746657], [-0.29733914, -0.08373383, 0.9510931, -27.574047]] 8228343938643130
[[0.9484286, -0.07653782, 0.307612, -2.5609148], [0.0466342, 0.9935435, 0.10342393, 0.1702035], [-0.31354177, -0.083744965, 0.9458744, -27.608057]] 8228343971975361
[[0.9436012, -0.078553565, 0.32163045, -2.5578933], [0.04826858, 0.9937059, 0.10108761, 0.16929454], [-0.32754686, -0.07986174, 0.94145375, -27.657839]] 8228344005289092
[[0.9415262, -0.07727657, 0.32795858, -2.5549276], [0.045790803, 0.99366033, 0.102675855, 0.16911264], [-0.3338139, -0.08165452, 0.93909574, -27.692713]] 8228344038613515
[[0.94141114, -0.075343534, 0.32873762, -2.5491168], [0.044240933, 0.9938924, 0.10109722, 0.16703139], [-0.33434683, -0.080630384, 0.93899465, -27.74187]] 8228344071934861
[[0.9414321, -0.07581411, 0.32856923, -2.5462809], [0.04558097, 0.9940658, 0.09877013, 0.16409808], [-0.33410764, -0.07800886, 0.9393012, -27.777267]] 8228344105255515
[[0.94201577, -0.07240801, 0.3276635, -2.5434003], [0.043242373, 0.99449486, 0.09544668, 0.16040403], [-0.3327708, -0.075743325, 0.9399609, -27.812988]] 8228344138577092
[[0.94477004, -0.0688569, 0.320419, -2.5407565], [0.041693814, 0.9949884, 0.09088335, 0.15623584], [-0.32507116, -0.07250438, 0.9429061, -27.849384]] 8228344171901092
[[0.9493292, -0.070013314, 0.3063858, -2.5393448], [0.044193186, 0.9949225, 0.09042178, 0.14864549], [-0.31116083, -0.07229987, 0.9476031, -27.88773]] 8228344205226438
[[0.9541593, -0.06146589, 0.29291964, -2.536486], [0.03635495, 0.9952402, 0.09041699, 0.14450341], [-0.29708296, -0.07562313, 0.9518523, -27.926088]] 8228344238546861
[[0.95789903, -0.05204492, 0.2823487, -2.5338717], [0.026219899, 0.9951808, 0.09448632, 0.14162739], [-0.28590554, -0.0831052, 0.95464736, -27.965443]] 8228344271879861
[[0.9602882, -0.044464022, 0.27544418, -2.5351572], [0.016197514, 0.9944392, 0.104059145, 0.13801871], [-0.2785394, -0.09546526, 0.95566845, -27.987589]] 8228344305195745
[[0.95953214, -0.025126569, 0.28047594, -2.5315084], [-0.003591991, 0.99483806, 0.10141155, 0.1395966], [-0.28157625, -0.098315105, 0.9544889, -28.027332]] 8228344338516015
[[0.95764184, -0.023482436, 0.28700298, -2.5291855], [-0.006207999, 0.9947543, 0.102104485, 0.14278355], [-0.28789514, -0.099561244, 0.95247257, -28.06659]] 8228344371843553
[[0.9565527, -0.032210205, 0.28977486, -2.5274293], [8.0948696E-4, 0.9941684, 0.10783563, 0.14636903], [-0.2915584, -0.10291589, 0.9510005, -28.105537]] 8228344405171245
[[0.9564506, -0.03869233, 0.28931847, -2.5241654], [0.0048230514, 0.9931351, 0.11687365, 0.14920779], [-0.2918544, -0.11038847, 0.9500713, -28.147068]] 8228344438486784
[[0.95594907, -0.042053625, 0.29050443, -2.5187027], [0.0077133607, 0.99294114, 0.11835686, 0.14971903], [-0.29343113, -0.11090236, 0.9495256, -28.205889]] 8228344471813130
[[0.95944214, -0.047938503, 0.27779976, -2.510494], [0.016457746, 0.99327946, 0.1145648, 0.151348], [-0.28142485, -0.10534633, 0.9537831, -28.281649]] 8228344538455822
[[0.96069574, -0.048787847, 0.27328274, -2.5061994], [0.01746518, 0.99310756, 0.11589775, 0.14947113], [-0.27705356, -0.106569536, 0.9549263, -28.31954]] 8228344571779937
[[0.96135986, -0.050183583, 0.27068225, -2.5015244], [0.020164784, 0.99344, 0.11256283, 0.14628515], [-0.27455536, -0.10275514, 0.95606524, -28.35735]] 8228344605101476
[[0.9624607, -0.052285586, 0.2663375, -2.4960895], [0.021209296, 0.9927576, 0.1182477, 0.14141896], [-0.27059126, -0.10815993, 0.95659906, -28.401844]] 8228344638425091
[[0.9623781, -0.053140387, 0.26646665, -2.4899566], [0.022692047, 0.9929817, 0.11607117, 0.13737656], [-0.27076456, -0.105657674, 0.95682967, -28.439808]] 8228344671753822
[[0.9624709, -0.05555921, 0.26563686, -2.4840217], [0.028894484, 0.994235, 0.10325679, 0.13340816], [-0.26984233, -0.09170622, 0.95852757, -28.46918]] 8228344705071245
[[0.963497, -0.055281907, 0.26194942, -2.4770951], [0.028561614, 0.9940896, 0.1047383, 0.12953389], [-0.2661913, -0.09343334, 0.9593812, -28.506832]] 8228344738388207
[[0.962966, -0.047501728, 0.2654053, -2.4699817], [0.020741716, 0.9944924, 0.10273545, 0.12666793], [-0.26882368, -0.09342579, 0.9586477, -28.544035]] 8228344771715745
[[0.95908046, -0.046212222, 0.27933687, -2.4618666], [0.020154092, 0.99523026, 0.09544893, 0.123115376], [-0.2824154, -0.08591343, 0.9554373, -28.58001]] 8228344805035476
[[0.9542156, -0.05486758, 0.29404452, -2.4562464], [0.028556198, 0.99525267, 0.09304148, 0.12408064], [-0.29775354, -0.080384836, 0.9512524, -28.614897]] 8228344838363860
[[0.95428246, -0.06549374, 0.29164279, -2.4510057], [0.042597514, 0.99553937, 0.08418358, 0.12623793], [-0.29585534, -0.06791166, 0.95281565, -28.649391]] 8228344871684091
[[0.9608689, -0.07394624, 0.2669512, -2.442419], [0.05151868, 0.994602, 0.09007035, 0.12814574], [-0.27217054, -0.07279283, 0.9594917, -28.68127]] 8228344905005168
[[0.9679929, -0.068844095, 0.24135089, -2.4362617], [0.046431836, 0.994166, 0.09735523, 0.13093151], [-0.24664518, -0.0830328, 0.9655422, -28.717335]] 8228344938327476
[[0.9706356, -0.058965877, 0.23321562, -2.4303927], [0.036379516, 0.9943229, 0.09999271, 0.13472603], [-0.23778777, -0.08857222, 0.9672704, -28.722412]] 8228344971653014
[[0.96810865, -0.05531455, 0.24434789, -2.4260416], [0.03022702, 0.9939858, 0.10525496, 0.1383881], [-0.24870045, -0.09451233, 0.96395826, -28.75785]] 8228345004973168
[[0.9622349, -0.0575806, 0.26606095, -2.4232268], [0.030028481, 0.9938603, 0.10648921, 0.14135006], [-0.27055913, -0.094478235, 0.95805615, -28.793118]] 8228345038296591
[[0.9560529, -0.06488013, 0.28592554, -2.4188032], [0.03644052, 0.9939417, 0.10369134, 0.14235207], [-0.29092082, -0.088715136, 0.95262516, -28.853558]] 8228345071622399
[[0.95391804, -0.06786838, 0.2922913, -2.4167116], [0.03791062, 0.9935393, 0.10696958, 0.14060484], [-0.29766276, -0.090959266, 0.950328, -28.889711]] 8228345104940976
[[0.9537944, -0.0687334, 0.2924925, -2.4145536], [0.038797524, 0.9935071, 0.10695062, 0.13687699], [-0.2979445, -0.09066092, 0.9502682, -28.926258]] 8228345138265014
[[0.95408326, -0.07130301, 0.29093125, -2.4122696], [0.04267736, 0.9937045, 0.10358585, 0.13196674], [-0.2964857, -0.086413346, 0.95111984, -28.963114]] 8228345171588014
[[0.9553017, -0.07314918, 0.28643999, -2.4111166], [0.04323883, 0.9930574, 0.10939537, 0.12903644], [-0.29245356, -0.092120245, 0.95183235, -28.97948]] 8228345204911745
[[0.9563327, -0.07658421, 0.28206858, -2.4085796], [0.048187062, 0.993168, 0.106279574, 0.12389973], [-0.2882808, -0.08804657, 0.95348936, -29.016598]] 8228345238231937
[[0.9580933, -0.0781544, 0.27558887, -2.4036334], [0.052770704, 0.9937508, 0.09835938, 0.11962177], [-0.28155386, -0.07969444, 0.9562302, -29.061167]] 8228345271559052
[[0.96249783, -0.06511117, 0.26335993, -2.3999424], [0.04107836, 0.99455667, 0.09575834, 0.11582884], [-0.26816133, -0.0813488, 0.9599333, -29.098913]] 8228345304880437
[[0.96746886, -0.055915114, 0.24673377, -2.396735], [0.033232067, 0.9949071, 0.09516068, 0.11392523], [-0.2507981, -0.08386552, 0.96439976, -29.137383]] 8228345338205398
[[0.97030294, -0.0561816, 0.23527819, -2.3938863], [0.034246195, 0.99476266, 0.09630374, 0.11436244], [-0.23945647, -0.08538642, 0.96714514, -29.176395]] 8228345371528206
[[0.96923244, -0.044931285, 0.24201162, -2.3869662], [0.022120588, 0.99512, 0.09616076, 0.12062904], [-0.24515124, -0.087848686, 0.9654965, -29.228077]] 8228345404847745
[[0.9668116, -0.045341164, 0.25143498, -2.38372], [0.02115144, 0.9949529, 0.09808843, 0.12344606], [-0.2546134, -0.08951482, 0.96289104, -29.266115]] 8228345438172783
[[0.9663729, -0.049820993, 0.25227216, -2.37983], [0.024043147, 0.9942601, 0.10425397, 0.12643614], [-0.2560182, -0.09468279, 0.96202385, -29.304356]] 8228345471494052
[[0.9685362, -0.052047946, 0.24336936, -2.3761082], [0.024607224, 0.9931226, 0.1144639, 0.13016108], [-0.24765323, -0.104873784, 0.9631559, -29.345768]] 8228345504819898
[[0.97149444, -0.05174792, 0.23134536, -2.3703415], [0.025154423, 0.99287707, 0.116457656, 0.13255589], [-0.23572394, -0.10731861, 0.9658762, -29.383888]] 8228345538140706
[[0.9738387, -0.05135119, 0.22136228, -2.3645906], [0.02542559, 0.9926385, 0.11841562, 0.13389091], [-0.22581352, -0.10968944, 0.96797544, -29.422022]] 8228345571462937
[[0.97428113, -0.05037986, 0.21963169, -2.3592548], [0.024628017, 0.9926547, 0.11844914, 0.13353558], [-0.22398587, -0.10999367, 0.9683655, -29.459965]] 8228345604784591
[[0.97267294, -0.052254803, 0.22622289, -2.3545985], [0.02636879, 0.9929023, 0.11597284, 0.13286398], [-0.23067735, -0.10683841, 0.9671471, -29.486193]] 8228345638111629
[[0.9712769, -0.05255655, 0.23207548, -2.3451107], [0.026630651, 0.9931849, 0.1134658, 0.13147351], [-0.23645726, -0.10402638, 0.9660572, -29.522263]] 8228345671429129
[[0.97213835, -0.052728098, 0.22840062, -2.332505], [0.028348628, 0.99366635, 0.10873592, 0.12337121], [-0.23268744, -0.09923151, 0.96747595, -29.597012]] 8228345738080898
[[0.97327375, -0.0527395, 0.2235101, -2.3256693], [0.029304655, 0.9938379, 0.10689925, 0.11912215], [-0.22777061, -0.09749234, 0.9688219, -29.634768]] 8228345771400783
[[0.9734884, -0.052488826, 0.22263263, -2.3168666], [0.030000418, 0.99420625, 0.10321785, 0.114453286], [-0.22676052, -0.09380231, 0.96942294, -29.674152]] 8228345804726898
[[0.9718382, -0.04917293, 0.23046176, -2.3092258], [0.0273585, 0.9949167, 0.096913844, 0.111864805], [-0.2340558, -0.08787948, 0.9682433, -29.711683]] 8228345838047513
[[0.96801054, -0.05148283, 0.24557105, -2.3018782], [0.027515631, 0.99460185, 0.100050464, 0.11087992], [-0.2493963, -0.09009287, 0.9642016, -29.748915]] 8228345871370283
[[0.96542, -0.0566687, 0.25446582, -2.2946124], [0.03290434, 0.99476993, 0.09669592, 0.111335605], [-0.2586146, -0.084979154, 0.96223545, -29.785528]] 8228345904697321
[[0.9708765, -0.06539116, 0.23048374, -2.273485], [0.03930973, 0.9924721, 0.11599088, 0.11462125], [-0.23633346, -0.103552565, 0.96613836, -29.885754]] 8228345971338321
[[0.9732725, -0.06243445, 0.22100352, -2.2649565], [0.03528948, 0.99156535, 0.12471093, 0.117859855], [-0.22692569, -0.11357862, 0.96726656, -29.904541]] 8228346004665936
[[0.97286844, -0.061723158, 0.22297375, -2.2582192], [0.03183326, 0.9903014, 0.1352399, 0.12031935], [-0.22915865, -0.12447265, 0.9653978, -29.941511]] 8228346037981552
[[0.97031087, -0.060337923, 0.23421401, -2.2512126], [0.026332146, 0.9889798, 0.14568993, 0.1243857], [-0.24042356, -0.13519716, 0.9612067, -29.977947]] 8228346071306398
[[0.9667287, -0.06354434, 0.24778563, -2.2463918], [0.027278885, 0.9887404, 0.14713351, 0.12645957], [-0.25434518, -0.13547887, 0.95757717, -30.013699]] 8228346104629936
[[0.9642606, -0.06838743, 0.25597793, -2.241987], [0.03130739, 0.98875606, 0.14622355, 0.12668788], [-0.26309955, -0.1329836, 0.9555595, -30.049414]] 8228346137954398
[[0.96440274, -0.06386672, 0.2566095, -2.2368865], [0.025902838, 0.98854506, 0.14868648, 0.12431912], [-0.2631662, -0.13674675, 0.9550099, -30.088495]] 8228346171277744
[[0.9645869, -0.058454715, 0.25720644, -2.231877], [0.020782903, 0.9889457, 0.14681445, 0.120481715], [-0.26294518, -0.1362698, 0.9551389, -30.12453]] 8228346204597052
[[0.96412367, -0.05789603, 0.25906304, -2.2269733], [0.020727348, 0.98936534, 0.1439673, 0.11562988], [-0.2646431, -0.1334326, 0.95507056, -30.16086]] 8228346237920821
[[0.9646516, -0.05429111, 0.2578755, -2.2216458], [0.016293634, 0.9889639, 0.14725813, 0.110163644], [-0.2630244, -0.13785106, 0.9548902, -30.197798]] 8228346271241629
[[0.9666904, -0.04827109, 0.25135538, -2.2185755], [0.011760386, 0.9893944, 0.14477707, 0.10246043], [-0.25567815, -0.13699858, 0.9570058, -30.211836]] 8228346304565436
[[0.9687635, -0.044967767, 0.24387547, -2.2127943], [0.0100570135, 0.98973715, 0.14254571, 0.097604744], [-0.24778256, -0.13564043, 0.9592734, -30.249132]] 8228346337886975
[[0.9699459, -0.036717147, 0.24053429, -2.205462], [0.0024496615, 0.9899724, 0.14123943, 0.09402106], [-0.24330823, -0.13640538, 0.9603097, -30.287643]] 8228346371211398
[[0.97299546, -0.027415488, 0.22919026, -2.198518], [-0.0056837536, 0.9897748, 0.14252533, 0.09076032], [-0.23075417, -0.13997917, 0.9628906, -30.32551]] 8228346404535128
[[0.9756434, -0.012203186, 0.21902302, -2.1909542], [-0.021062147, 0.9886272, 0.14890465, 0.08859043], [-0.21834922, -0.14989093, 0.96429056, -30.36406]] 8228346437856436
[[0.97350615, -0.011857417, 0.22835313, -2.1846032], [-0.02255946, 0.9888019, 0.14751893, 0.08832124], [-0.22754522, -0.1487621, 0.96233726, -30.402016]] 8228346471180782
[[0.9710828, -0.014239827, 0.23831795, -2.179076], [-0.021265006, 0.98909307, 0.14574896, 0.088606074], [-0.23779406, -0.14660214, 0.9601884, -30.428713]] 8228346504503590
[[0.9714223, -0.015977303, 0.23681939, -2.1730108], [-0.023946887, 0.986044, 0.16475368, 0.09105775], [-0.23614666, -0.16571647, 0.9574825, -30.466633]] 8228346537824167
[[0.97295195, -0.016239783, 0.23043592, -2.1684217], [-0.024202423, 0.9848701, 0.17159595, 0.09229997], [-0.22973613, -0.17253171, 0.95783824, -30.498205]] 8228346571149282
[[0.9736074, -0.017166974, 0.22758259, -2.161348], [-0.022761872, 0.9848918, 0.1716684, 0.09462628], [-0.22709124, -0.17231785, 0.95850724, -30.53308]] 8228346604469398
[[0.97389793, -0.017756404, 0.22629072, -2.1544514], [-0.021020645, 0.9855962, 0.16780451, 0.09600605], [-0.22601087, -0.16818124, 0.9594968, -30.567358]] 8228346637792705
[[0.974393, -0.016763654, 0.22422586, -2.1479633], [-0.019856926, 0.9869054, 0.16007337, 0.095993176], [-0.22397311, -0.1604268, 0.96130085, -30.601084]] 8228346671113128
[[0.97332567, -0.019328583, 0.22861227, -2.142046], [-0.01695738, 0.98765874, 0.15570071, 0.094454154], [-0.22880039, -0.15542418, 0.9609858, -30.634834]] 8228346704444897
[[0.9719602, -0.022093978, 0.2341053, -2.140825], [-0.013978678, 0.98838645, 0.15131697, 0.09178228], [-0.23472969, -0.15034655, 0.9603634, -30.628656]] 8228346737758282
[[0.97110873, -0.02496371, 0.23732813, -2.1350803], [-0.010504432, 0.98907775, 0.14702006, 0.08860761], [-0.23840614, -0.14526545, 0.96023977, -30.662064]] 8228346771093090
[[0.9706338, -0.03055638, 0.23861328, -2.1356483], [-0.004766342, 0.9892625, 0.1460717, 0.083573386], [-0.2405146, -0.14291945, 0.960066, -30.664349]] 8228346804406205
[[0.9698319, -0.03930536, 0.24058513, -2.1297274], [0.003651781, 0.98914754, 0.14688015, 0.080602914], [-0.24374737, -0.14157048, 0.95945036, -30.698263]] 8228346837731320
[[0.9676004, -0.045160003, 0.24841504, -2.1235914], [0.0107206125, 0.99033546, 0.13827778, 0.07857727], [-0.25225884, -0.13113447, 0.95873314, -30.731476]] 8228346871051090
[[0.96553385, -0.048241004, 0.25576782, -2.115441], [0.015868204, 0.99175596, 0.12715444, 0.076708846], [-0.25979334, -0.11871334, 0.9583395, -30.76475]] 8228346904378167
[[0.9628085, -0.05107411, 0.26531342, -2.1087172], [0.018078713, 0.99194807, 0.12534809, 0.07796532], [-0.2695792, -0.11588968, 0.9559794, -30.797596]] 8228346937697205
[[0.9592855, -0.0552067, 0.2769901, -2.1019185], [0.02259212, 0.9925668, 0.119585685, 0.08048617], [-0.2815331, -0.10845902, 0.9534022, -30.829895]] 8228346971020859
[[0.9580864, -0.06088937, 0.2799338, -2.089524], [0.031673647, 0.9936752, 0.107733205, 0.081539266], [-0.2847231, -0.09435119, 0.95395523, -30.87365]] 8228347004346628
[[0.95729774, -0.06755312, 0.2811008, -2.0828545], [0.035842378, 0.99254805, 0.11646316, 0.08313954], [-0.28687352, -0.1014146, 0.9525853, -30.907213]] 8228347037662897
[[0.95595354, -0.0692544, 0.28523085, -2.077186], [0.03403108, 0.9913637, 0.12664883, 0.0845312], [-0.2915385, -0.11136368, 0.9500544, -30.941437]] 8228347070987205
[[0.95486903, -0.06537861, 0.28974268, -2.074651], [0.028018748, 0.9909514, 0.13126402, 0.087169185], [-0.2957028, -0.11722171, 0.94806063, -30.955765]] 8228347104313436
[[0.9519195, -0.06300144, 0.2998001, -2.068398], [0.015685821, 0.987365, 0.15768431, 0.091496706], [-0.30594647, -0.14540015, 0.9408802, -31.023912]] 8228347170958551
[[0.95254755, -0.06460403, 0.29745492, -2.064072], [0.020072468, 0.98842204, 0.15039612, 0.09389399], [-0.30372718, -0.13728882, 0.9428158, -31.04524]] 8228347204280166
[[0.9541024, -0.065751344, 0.29217345, -2.0598786], [0.024660332, 0.9895367, 0.1421583, 0.09249707], [-0.29846346, -0.12842849, 0.9457408, -31.07706]] 8228347237604782
[[0.9557849, -0.0679185, 0.28611588, -2.0559058], [0.02623336, 0.9887762, 0.14708287, 0.089503124], [-0.29289424, -0.1330738, 0.9468391, -31.109858]] 8228347270938782
[[0.9560198, -0.0664083, 0.28568524, -2.051535], [0.027688893, 0.99011517, 0.13749655, 0.08561418], [-0.2919922, -0.12353911, 0.9484085, -31.143291]] 8228347304251743
[[0.954236, -0.066263355, 0.29162118, -2.0411055], [0.031410545, 0.99195707, 0.1226157, 0.077926144], [-0.29740062, -0.10784433, 0.94864243, -31.202686]] 8228347337576359
[[0.9509709, -0.069178514, 0.30144432, -2.037154], [0.03854394, 0.9935739, 0.1064203, 0.07343741], [-0.30686918, -0.08958376, 0.9475263, -31.236298]] 8228347370893820
[[0.9499591, -0.072846055, 0.30376175, -2.0341218], [0.048233226, 0.99497265, 0.08776696, 0.06977629], [-0.3086281, -0.06872362, 0.94869685, -31.27079]] 8228347404220166
[[0.94908595, -0.07828322, 0.30513546, -2.0355854], [0.059665915, 0.9957692, 0.06988353, 0.06782535], [-0.30931517, -0.04811929, 0.94974136, -31.276142]] 8228347437538589
[[0.9484931, -0.078035004, 0.30703628, -2.0341384], [0.061177302, 0.9960622, 0.06416659, 0.06745069], [-0.31083447, -0.04207792, 0.9495322, -31.31057]] 8228347470867782
[[0.949056, -0.07275738, 0.30659267, -2.03521], [0.048611283, 0.99513614, 0.085679375, 0.0750853], [-0.31133524, -0.06641067, 0.94797677, -31.363878]] 8228347537509435
[[0.94874084, -0.06793766, 0.30866703, -2.032996], [0.03197647, 0.9922457, 0.12010826, 0.078401476], [-0.31443343, -0.10408153, 0.94355637, -31.399632]] 8228347570834666
[[0.9496784, -0.062713444, 0.30688414, -2.037256], [0.017358478, 0.9887832, 0.14834596, 0.08602046], [-0.31274518, -0.13555391, 0.9401147, -31.394665]] 8228347604157705
[[0.9500714, -0.061811514, 0.30584905, -2.0335972], [0.01149155, 0.9864494, 0.1636629, 0.08898042], [-0.31182083, -0.15197675, 0.9379077, -31.429245]] 8228347637478397
[[0.9484906, -0.06384415, 0.31030554, -2.029536], [0.009540761, 0.9847956, 0.17345521, 0.091542676], [-0.3166616, -0.16156009, 0.93467844, -31.463236]] 8228347670797589
[[0.94617414, -0.061705403, 0.31772137, -2.0290363], [0.004486054, 0.98406404, 0.17775786, 0.09995727], [-0.32362682, -0.16676459, 0.93137276, -31.4665]] 8228347704122512
[[0.9452046, -0.058407575, 0.3212115, -2.0242946], [0.0015339665, 0.9846506, 0.17453031, 0.10101761], [-0.326475, -0.16447411, 0.9307859, -31.49738]] 8228347737447358
[[0.9466681, -0.05707457, 0.31711516, -2.0200908], [0.0017728638, 0.9850944, 0.17200539, 0.09996703], [-0.3222055, -0.1622698, 0.9326586, -31.52869]] 8228347770771820
[[0.947934, -0.05611867, 0.31348342, -2.0117702], [0.002409894, 0.98558754, 0.16914912, 0.098283924], [-0.31845778, -0.15958674, 0.9344072, -31.585659]] 8228347804093474
[[0.9481287, -0.05518631, 0.31305972, -2.00765], [0.0066502187, 0.9880435, 0.15403196, 0.09491502], [-0.31781706, -0.14396021, 0.9371594, -31.617216]] 8228347837420166
[[0.9459253, -0.059034526, 0.31896746, -2.0039678], [0.012753338, 0.98930836, 0.14528017, 0.0908121], [-0.3241337, -0.13335629, 0.9365647, -31.649101]] 8228347870736704
[[0.94234926, -0.0651096, 0.3282356, -1.9965128], [0.015147455, 0.98818266, 0.15253066, 0.08523637], [-0.3342879, -0.13876523, 0.9321995, -31.707388]] 8228347904058858
[[0.94274276, -0.06999728, 0.3260927, -1.9926859], [0.01925304, 0.9875197, 0.1563145, 0.08229548], [-0.3329645, -0.14108609, 0.9323247, -31.740498]] 8228347937381204
[[0.94301564, -0.074321434, 0.3243421, -1.9889083], [0.02085414, 0.9860213, 0.16530919, 0.08028562], [-0.33209422, -0.14912528, 0.93138343, -31.773907]] 8228347970704704
[[0.94245034, -0.080162466, 0.32459417, -1.9796898], [0.020163441, 0.9826925, 0.18414383, 0.08440927], [-0.33373764, -0.16700147, 0.9277552, -31.829536]] 8228348004028973
[[0.9411123, -0.08517803, 0.32718858, -1.9756813], [0.021547858, 0.98088765, 0.19337818, 0.08572948], [-0.33740678, -0.17494038, 0.92496085, -31.863039]] 8228348037353127
[[0.93828475, -0.0919915, 0.3334055, -1.9705343], [0.025365409, 0.9796863, 0.19892545, 0.0960858], [-0.34493226, -0.17819177, 0.92155814, -31.942623]] 8228348070677435
[[0.9363575, -0.09555587, 0.33779237, -1.9662207], [0.031340446, 0.98115253, 0.1906764, 0.098868534], [-0.34964606, -0.16795473, 0.9217043, -31.97458]] 8228348103998012
[[0.93431675, -0.095878385, 0.34330666, -1.962328], [0.03669574, 0.9838996, 0.17491429, 0.10120228], [-0.35454977, -0.15082745, 0.9227922, -32.00592]] 8228348137318089
[[0.9383318, -0.08761436, 0.33445054, -1.9582945], [0.031552356, 0.9850218, 0.16951825, 0.10563213], [-0.3442933, -0.14851166, 0.92704177, -32.07166]] 8228348203964204
[[0.9368217, -0.08647673, 0.33894965, -1.9527239], [0.026860524, 0.9838838, 0.17678005, 0.10782357], [-0.3487744, -0.15650702, 0.9240465, -32.13485]] 8228348237285781
[[0.9356207, -0.08423918, 0.34280843, -1.9416916], [0.021908669, 0.9830945, 0.18178335, 0.107926294], [-0.35232633, -0.16256979, 0.92164916, -32.22693]] 8228348270613935
[[0.93652767, -0.08412576, 0.34035096, -1.9407837], [0.021442432, 0.9827114, 0.18389814, 0.10726988], [-0.34993735, -0.16492774, 0.9221403, -32.2585]] 8228348303932166
[[0.93519235, -0.082444265, 0.3444099, -1.9397044], [0.018838976, 0.9827289, 0.18408962, 0.10528763], [-0.35363874, -0.16567086, 0.92059374, -32.28933]] 8228348337255204
[[0.9324169, -0.080290265, 0.35235226, -1.9387891], [0.015259512, 0.9828847, 0.18358856, 0.10204539], [-0.36106205, -0.16580436, 0.91768354, -32.31993]] 8228348370580127
[[0.93120486, -0.081631556, 0.3552376, -1.93495], [0.015595257, 0.9826295, 0.18492182, 0.09723244], [-0.3641624, -0.16666009, 0.91630244, -32.367603]] 8228348403909281
[[0.9310392, -0.080953136, 0.35582662, -1.9351219], [0.018168151, 0.98415715, 0.17636494, 0.09272676], [-0.3644666, -0.15773796, 0.91775966, -32.400402]] 8228348437227473
[[0.9303606, -0.07741005, 0.35838082, -1.9383123], [0.015683258, 0.98496544, 0.17203803, 0.09030418], [-0.3663102, -0.15443684, 0.9175871, -32.43596]] 8228348470548396
[[0.93056685, -0.074076526, 0.35854992, -1.9389247], [0.012311326, 0.98509526, 0.17156863, 0.088003784], [-0.36591503, -0.15524185, 0.9176089, -32.469433]] 8228348503872550
[[0.931515, -0.07151416, 0.35660282, -1.9394004], [0.017250828, 0.9880622, 0.15308636, 0.08694098], [-0.36329362, -0.13645053, 0.9216284, -32.50291]] 8228348537199665
[[0.93348813, -0.06724263, 0.35224757, -1.9397925], [0.023120807, 0.9915044, 0.12800188, 0.08771545], [-0.3578622, -0.11134399, 0.9271123, -32.53626]] 8228348570518742
[[0.9368153, -0.06624813, 0.34349418, -1.9488178], [0.028312886, 0.9930421, 0.11430538, 0.09174037], [-0.34867668, -0.09735772, 0.9321728, -32.528862]] 8228348603842742
[[0.93916506, -0.0632648, 0.33758935, -1.9500028], [0.029924002, 0.9942237, 0.10307135, 0.09482251], [-0.34216014, -0.08669898, 0.9356333, -32.562588]] 8228348637167511
[[0.94102895, -0.05678516, 0.33352652, -1.9506093], [0.024558917, 0.9946784, 0.10005896, 0.09867787], [-0.3374335, -0.08596733, 0.9374157, -32.596973]] 8228348670486896
[[0.9435181, -0.053700175, 0.32694027, -1.948881], [0.0188579, 0.9938822, 0.10882378, 0.10100095], [-0.33078393, -0.0965118, 0.9387585, -32.63905]] 8228348703804473
[[0.94523376, -0.055261385, 0.32168195, -1.9483165], [0.017574135, 0.9927503, 0.11890344, 0.10255584], [-0.3259206, -0.10673827, 0.9393523, -32.67409]] 8228348737127281
[[0.9468699, -0.057565317, 0.31642306, -1.9469453], [0.018138697, 0.9918437, 0.12616275, 0.1041104], [-0.32110482, -0.113720216, 0.94019115, -32.709564]] 8228348770455858
[[0.9499946, -0.056201633, 0.30716705, -1.9428015], [0.017074753, 0.9915478, 0.12861301, 0.10445255], [-0.3117991, -0.11693686, 0.94292474, -32.727905]] 8228348803778434
[[0.9540689, -0.053325593, 0.29480323, -1.9400945], [0.016313946, 0.99181855, 0.1266088, 0.105223104], [-0.2991428, -0.11598412, 0.9471332, -32.762753]] 8228348837103088
[[0.9558227, -0.05295442, 0.2891345, -1.9379994], [0.015317718, 0.99127555, 0.13091277, 0.10393486], [-0.29354435, -0.12070052, 0.9482948, -32.796463]] 8228348870423011
[[0.95523924, -0.05146101, 0.29132423, -1.9304509], [0.011826327, 0.99060965, 0.13620837, 0.09628545], [-0.295598, -0.12666629, 0.9468777, -32.818615]] 8228348903743204
[[0.9531999, -0.051114593, 0.29798862, -1.9286106], [0.009663083, 0.99025226, 0.1389499, 0.09254047], [-0.30218628, -0.12956753, 0.9444023, -32.85138]] 8228348937071627
[[0.95035535, -0.052082643, 0.306777, -1.9269502], [0.009404426, 0.9902499, 0.13898462, 0.088184185], [-0.31102455, -0.12919971, 0.9415791, -32.884544]] 8228348970390280
[[0.9479531, -0.055351403, 0.31356204, -1.9251069], [0.011399996, 0.99004304, 0.14030272, 0.083746046], [-0.31820583, -0.1294258, 0.9391453, -32.91831]] 8228349003714088
[[0.94715166, -0.058566265, 0.3153945, -1.92653], [0.014810564, 0.990128, 0.13938178, 0.077488795], [-0.32044396, -0.12734453, 0.9386688, -32.948227]] 8228349037036742
[[0.9463109, -0.060515072, 0.3175432, -1.9242944], [0.015722197, 0.9897747, 0.14177032, 0.07341292], [-0.3228755, -0.12916632, 0.937586, -32.983574]] 8228349070364896
[[0.94349104, -0.06456761, 0.32504714, -1.922276], [0.016436452, 0.9887463, 0.1486964, 0.07005729], [-0.33099014, -0.13495108, 0.93393457, -33.018795]] 8228349103681550
[[0.93919855, -0.06737064, 0.33670053, -1.9179844], [0.01690381, 0.9884461, 0.15062706, 0.065387376], [-0.34295818, -0.13577719, 0.92948604, -33.015743]] 8228349137004357
[[0.93347824, -0.06890566, 0.35195222, -1.9158874], [0.014260987, 0.9877245, 0.15555371, 0.06555037], [-0.35835037, -0.14018683, 0.923002, -33.05064]] 8228349170326473
[[0.92770183, -0.070101716, 0.36668116, -1.9054427], [0.013961872, 0.9880393, 0.15356885, 0.06856595], [-0.37306082, -0.13734655, 0.91758466, -33.10055]] 8228349203651280
[[0.92482007, -0.07005377, 0.37389877, -1.9019917], [0.014765624, 0.988767, 0.14873362, 0.070941836], [-0.38011816, -0.132031, 0.915466, -33.13414]] 8228349236970126
[[0.92430013, -0.06951355, 0.37528276, -1.8950592], [0.015866304, 0.98942244, 0.14419271, 0.07345615], [-0.3813365, -0.12732299, 0.91562617, -33.18759]] 8228349270296973
[[0.9243354, -0.06903545, 0.37528414, -1.8924208], [0.013508143, 0.9888015, 0.14862418, 0.0752608], [-0.38134187, -0.1323092, 0.91491675, -33.22091]] 8228349303619780
[[0.92457235, -0.06797312, 0.3748942, -1.8905635], [0.0068879407, 0.9867785, 0.16192837, 0.076609805], [-0.3809443, -0.14713223, 0.9128163, -33.254093]] 8228349336943203
[[0.9238668, -0.06703827, 0.37679708, -1.888466], [0.0018848479, 0.9853241, 0.17068358, 0.07749733], [-0.38270956, -0.15697868, 0.91043454, -33.28685]] 8228349370265011
[[0.9230882, -0.06693948, 0.37871793, -1.8804798], [0.0017191619, 0.9854443, 0.16998982, 0.08086121], [-0.38458446, -0.15626451, 0.9097671, -33.336426]] 8228349403587972
[[0.9229303, -0.06783098, 0.37894404, -1.8774643], [0.0044132397, 0.9861541, 0.16577297, 0.07930724], [-0.38494176, -0.15132454, 0.9104508, -33.367775]] 8228349436911549
[[0.9226662, -0.0675184, 0.37964243, -1.8749273], [0.0046992116, 0.98644644, 0.16401613, 0.07672441], [-0.38557106, -0.14954811, 0.9104781, -33.39917]] 8228349470230934
[[0.9224199, -0.06513409, 0.38065612, -1.8726529], [0.0028689075, 0.986803, 0.16189986, 0.07204327], [-0.38617784, -0.1482476, 0.9104336, -33.427906]] 8228349503553280
[[0.92159164, -0.06251406, 0.38309377, -1.8706325], [3.8799457E-4, 0.9870938, 0.16014268, 0.06860374], [-0.38816065, -0.1474375, 0.9097216, -33.45981]] 8228349536879011
[[0.92116857, -0.05865955, 0.38471746, -1.868837], [-0.0014950335, 0.9880339, 0.15422957, 0.06528121], [-0.38916093, -0.1426466, 0.9100581, -33.492535]] 8228349570196780
[[0.9221058, -0.05604402, 0.38285756, -1.8644922], [-8.053165E-4, 0.989175, 0.14673845, 0.06164241], [-0.38693696, -0.1356167, 0.91207886, -33.545174]] 8228349603522895
[[0.92319405, -0.05668351, 0.38013119, -1.862926], [0.003520893, 0.99027014, 0.13911386, 0.059563123], [-0.384318, -0.12709068, 0.91441107, -33.57903]] 8228349636846934
[[0.92512006, -0.06006659, 0.37489313, -1.8617858], [0.009877568, 0.99087965, 0.13438717, 0.059061944], [-0.37954617, -0.120621234, 0.91727597, -33.613663]] 8228349670169703
[[0.92758876, -0.060162745, 0.36872682, -1.8608526], [0.014164932, 0.99190265, 0.1262082, 0.06109891], [-0.37333414, -0.11184631, 0.92092997, -33.648746]] 8228349703494818
[[0.9285268, -0.059318878, 0.36649588, -1.8589236], [0.016265655, 0.9927053, 0.119463995, 0.067041315], [-0.3709089, -0.10496423, 0.92271835, -33.67766]] 8228349736816626
[[0.92996705, -0.056214217, 0.3633198, -1.8572174], [0.012955558, 0.9926381, 0.12042319, 0.07180689], [-0.3674146, -0.10728259, 0.923849, -33.710983]] 8228349770138241
[[0.93162555, -0.05010028, 0.35994968, -1.8536723], [0.0047602877, 0.99204934, 0.12575965, 0.07606685], [-0.36338845, -0.11544743, 0.924457, -33.730244]] 8228349803459626
[[0.93202955, -0.047696862, 0.35922968, -1.8500268], [0.0011243857, 0.9916761, 0.12875292, 0.07949857], [-0.36238056, -0.119597614, 0.924325, -33.761497]] 8228349836786934
[[0.93267083, -0.0492784, 0.3573469, -1.8455825], [0.002753619, 0.9915689, 0.12955117, 0.08243854], [-0.36071813, -0.1198446, 0.9249431, -33.793068]] 8228349870104664
[[0.9346696, -0.0525617, 0.35161048, -1.842216], [0.0068966784, 0.991505, 0.12988542, 0.08438252], [-0.35545057, -0.11897501, 0.92709213, -33.817444]] 8228349903430972
[[0.9381775, -0.0541604, 0.34189123, -1.8373256], [0.008292237, 0.9909168, 0.13422063, 0.08572927], [-0.3460552, -0.123087734, 0.930105, -33.849762]] 8228349936756587
[[0.9417705, -0.05466924, 0.33178255, -1.8326237], [0.0074476134, 0.98984426, 0.14196074, 0.085628726], [-0.33617392, -0.13122344, 0.93261325, -33.88235]] 8228349970076357
[[0.943919, -0.053945474, 0.32574028, -1.8282453], [0.0063359123, 0.98934036, 0.14548352, 0.085482255], [-0.3301162, -0.13526079, 0.934199, -33.91073]] 8228350003399895
[[0.9442806, -0.05218321, 0.32497853, -1.8233421], [0.005842978, 0.9898541, 0.1419674, 0.083572775], [-0.32908964, -0.13215823, 0.93500495, -33.94205]] 8228350036722664
[[0.9424446, -0.052758664, 0.33017367, -1.8184869], [0.0060375687, 0.9899971, 0.14095868, 0.07877512], [-0.33430773, -0.1308523, 0.93333596, -33.963017]] 8228350070044318
[[0.94046706, -0.053686194, 0.3356181, -1.8129293], [0.0062702987, 0.9900189, 0.14079498, 0.07617084], [-0.33982703, -0.13030861, 0.9314168, -33.99479]] 8228350103369280
[[0.9392986, -0.05509849, 0.33864772, -1.8068959], [0.00915054, 0.9906931, 0.13580662, 0.0736196], [-0.34297872, -0.124464154, 0.93106085, -34.027214]] 8228350136690664
[[0.93788165, -0.05555369, 0.34247887, -1.800763], [0.009141805, 0.99071205, 0.13566902, 0.071235], [-0.34683484, -0.12411061, 0.9296785, -34.060345]] 8228350170008703
[[0.93547684, -0.054380417, 0.34917882, -1.7947338], [0.0053382963, 0.9901509, 0.1399024, 0.06987324], [-0.3533477, -0.12901144, 0.92655355, -34.093845]] 8228350203334818
[[0.9310335, -0.052299406, 0.36116663, -1.786088], [-6.7426637E-4, 0.98942935, 0.14501429, 0.070160404], [-0.36493304, -0.13525668, 0.9211566, -34.137787]] 8228350236660703
[[0.9269438, -0.05060702, 0.37177163, -1.7795706], [-0.0055607483, 0.9889001, 0.14847767, 0.07236491], [-0.37515903, -0.13969779, 0.91637343, -34.17133]] 8228350269981087
[[0.92563826, -0.05221647, 0.37478957, -1.7732083], [-0.005210448, 0.9885811, 0.15059972, 0.07517975], [-0.37837365, -0.1413537, 0.9147964, -34.204414]] 8228350303329856
[[0.926418, -0.056964584, 0.37216213, -1.7665017], [-0.0015746839, 0.98789275, 0.1551305, 0.07933177], [-0.3764932, -0.14430174, 0.9151119, -34.252445]] 8228350336625626
[[0.9274209, -0.05988531, 0.36919388, -1.7621623], [0.0028792247, 0.9882126, 0.15306091, 0.08196442], [-0.37400815, -0.1408889, 0.91666144, -34.28393]] 8228350369953664
[[0.9273471, -0.060776908, 0.36923367, -1.7547617], [0.001286637, 0.98723423, 0.15927011, 0.08622193], [-0.37420005, -0.14722359, 0.915587, -34.358974]] 8228350403271972
[[0.9259759, -0.059914947, 0.37279865, -1.7521795], [-0.0065549854, 0.9846304, 0.17452809, 0.08907224], [-0.37752572, -0.16405249, 0.91135126, -34.39018]] 8228350436597049
[[0.92509264, -0.060188696, 0.3749412, -1.7496172], [-0.009171268, 0.98352987, 0.18051273, 0.091064155], [-0.3796307, -0.17042968, 0.90930426, -34.421223]] 8228350469916779
[[0.92660993, -0.062159143, 0.3708507, -1.7477719], [-0.0049006194, 0.9841622, 0.17720243, 0.089703366], [-0.37599203, -0.16601494, 0.9116299, -34.46898]] 8228350503236818
[[0.92845535, -0.06501365, 0.36571008, -1.7449322], [1.5273318E-4, 0.9846299, 0.1746536, 0.08808792], [-0.371444, -0.16210221, 0.9141949, -34.499985]] 8228350536563702
[[0.9288498, -0.06662296, 0.3644165, -1.7422398], [0.002423495, 0.9847676, 0.17385891, 0.085259646], [-0.37044856, -0.16060564, 0.91486263, -34.531086]] 8228350569886625
[[0.9278635, -0.06462917, 0.3672771, -1.7395402], [0.002843054, 0.9860654, 0.16633384, 0.08190401], [-0.37290925, -0.15329091, 0.9151178, -34.56232]] 8228350603206972
[[0.9261361, -0.06071402, 0.37227112, -1.7342755], [0.0025026742, 0.9879276, 0.1548958, 0.07772708], [-0.3771813, -0.14252292, 0.91510737, -34.5918]] 8228350636531664
[[0.92409456, -0.05760584, 0.37779737, -1.7315526], [0.002289204, 0.98939073, 0.14526103, 0.07483697], [-0.3821571, -0.13337006, 0.9144224, -34.623882]] 8228350669857356
[[0.92273605, -0.054710463, 0.38152975, -1.7236308], [0.0017006136, 0.99044275, 0.13791417, 0.07290116], [-0.38542873, -0.12660955, 0.9140102, -34.66136]] 8228350703179125
[[0.92192435, -0.05149354, 0.38393214, -1.7219821], [0.0026660953, 0.99194527, 0.12663913, 0.07242468], [-0.38736078, -0.115728095, 0.9146358, -34.693115]] 8228350736503741
[[0.92319095, -0.047844883, 0.38135192, -1.7222812], [0.0027878396, 0.99302894, 0.11783773, 0.07280328], [-0.38433143, -0.10772358, 0.9168888, -34.7144]] 8228350769823356
[[0.9261246, -0.044829503, 0.37454456, -1.7207961], [0.0019873325, 0.9934792, 0.11399619, 0.07571493], [-0.37721264, -0.104830325, 0.92017454, -34.74589]] 8228350803143895
[[0.9285082, -0.042411037, 0.3688818, -1.7190808], [0.0039016977, 0.9945151, 0.10452035, 0.07992094], [-0.3712913, -0.09560874, 0.9235809, -34.77694]] 8228350836469664
[[0.931593, -0.038405053, 0.36146855, -1.7168576], [0.0020730644, 0.99494827, 0.10036778, 0.08387894], [-0.36349714, -0.09275257, 0.9269664, -34.80801]] 8228350869790471
