[[[721.5377, 0, 609.5593], [0, 721.5377, 172.854], [0, 0, 1]], [[0.2805929384545511, 0.0005598497984180663, -0.959826697616629, 0.0], [0.003457360547027236, 0.9999927528964878, 0.0015939926448336021, 0.0], [0.9598206340496584, -0.0037657300364119756, 0.28058896936587596, 0.0]]]
[[[721.5377, 0, 609.5593], [0, 721.5377, 172.854], [0, 0, 1]], [[0.2806665919571437, 0.0004405700737981817, -0.9598052250624459, -0.0005925488739806981], [0.0034781984486694523, 0.9999928615874055, 0.0014761130660376643, -2.9588295724043505e-05], [0.9597990239079814, -0.003752688668425235, 0.28066305605306163, 0.0008773803699995142]]]
[[[721.5377, 0, 609.5593], [0, 721.5377, 172.854], [0, 0, 1]], [[0.28065891762348, 0.00045695700489543965, -0.9598074614987697, -0.0008503983278321504], [0.003477822641441462, 0.9999928377575975, 0.0014930449363815773, 0.00046885387674613737], [0.9598012693824131, -0.0037570764968329474, 0.2806553182608617, 0.0005340576200012492]]]
[[[721.5377, 0, 609.5593], [0, 721.5377, 172.854], [0, 0, 1]], [[0.2806858767520952, 0.0004847310292545498, -0.9597995642985763, -0.0007214844452772656], [0.0034711384868543207, 0.9999928201643533, 0.0015201372794353511, -0.00014727440624092772], [0.959793409953159, -0.003758278272364652, 0.2806821789051004, 0.00021362305000138804]]]
[[[721.5377, 0, 609.5593], [0, 721.5377, 172.854], [0, 0, 1]], [[0.2806234179415105, 0.0004831316037978202, -0.9598178284896973, -0.0008192912903681112], [0.0034765407428744804, 0.9999928019170566, 0.0015197955578197249, -9.733091850713381e-05], [0.9598116539026225, -0.0037633360104894382, 0.28061971836416755, 0.0001983642499965299]]]
[[[721.5377, 0, 609.5593], [0, 721.5377, 172.854], [0, 0, 1]], [[0.28063305006011674, 0.0005199687206772081, -0.9598149930306805, -0.00025201242336000946], [0.003473853310800346, 0.9999927533539248, 0.001557428268544951, -0.0002682974593944962], [0.9598088474051127, -0.0037713223365470564, 0.28062921011666414, 0.001190185550001388]]]
[[[721.5377, 0, 609.5593], [0, 721.5377, 172.854], [0, 0, 1]], [[0.2806060973959608, 0.0004471636803832489, -0.9598229097853684, -0.0005016047540623568], [0.0034799746047035948, 0.9999928448393941, 0.001483255462235821, 3.5150130241889804e-05], [0.9598167053562671, -0.0037563698777650267, 0.28060253349601505, 0.0010681152400024985]]]
[[[721.5377, 0, 609.5593], [0, 721.5377, 172.854], [0, 0, 1]], [[0.2806283416037989, 0.0005047152833303592, -0.9598163778302515, -0.0007396747259304919], [0.0034664975739950375, 0.9999928068468995, 0.0015393664375053823, 1.3341447585795874e-06], [0.9598102506658652, -0.0037591909957069547, 0.28062457340686825, 0.0006637573199981261]]]
[[[721.5377, 0, 609.5593], [0, 721.5377, 172.854], [0, 0, 1]], [[0.2806283277355636, 0.000545826681576358, -0.959816359386302, -0.0005115594868922182], [0.0034676200873337178, 0.9999927355834917, 0.0015825268322847755, 9.12166152770558e-06], [0.9598102506658652, -0.0037723803465001954, 0.28062439641494163, 0.0005874633800004858]]]
[[[721.5377, 0, 609.5593], [0, 721.5377, 172.854], [0, 0, 1]], [[0.28065301642920903, 0.0005119607569898112, -0.9598091592943722, -0.0006651944016263168], [0.003489258062422766, 0.9999927055654249, 0.0015536711734869927, 8.754139423002079e-05], [0.9598029534479251, -0.003785064348833338, 0.2806491828609434, 0.0005874633800004858]]]
[[[721.5377, 0, 609.5593], [0, 721.5377, 172.854], [0, 0, 1]], [[0.2806464411411222, 0.0005222729964046504, -0.9598110763612493, -0.0014996490418507829], [0.0034776680374360137, 0.9999927345268048, 0.0015609992392470917, 0.00027741991129231943], [0.9598049181473515, -0.003775993183357269, 0.2806425858198203, -0.0009002685600023597]]]
[[[721.5377, 0, 609.5593], [0, 721.5377, 172.854], [0, 0, 1]], [[0.28067225628848586, 0.0005239251605542151, -0.9598035267972069, -0.0012409977119778371], [0.0034858479619469074, 0.9999926994510118, 0.001565218407963392, 0.0007052274967189582], [0.9597973397618461, -0.0037850425499028543, 0.280668380903476, -0.0009460449199991672]]]
[[[721.5377, 0, 609.5593], [0, 721.5377, 172.854], [0, 0, 1]], [[0.2807008556960696, 0.0005168017720279781, -0.9597951669639844, -0.0007938842484210878], [0.0035016440952329174, 0.9999926484612288, 0.0015625338803888346, 0.0002136820938953208], [0.9597889185128804, -0.003799465676311774, 0.2806969824569725, 1.525879000041641e-05]]]
[[[721.5377, 0, 609.5593], [0, 721.5377, 172.854], [0, 0, 1]], [[0.28069043865830784, 0.0004637428406412024, -0.9597982405632886, -0.0010453187078949076], [0.003490284787208612, 0.999992778090411, 0.0015038880032216114, 0.00021991100079245688], [0.9597920064044662, -0.003772096181144879, 0.2806867929427555, -0.0004730224599995836]]]
[[[721.5377, 0, 609.5593], [0, 721.5377, 172.854], [0, 0, 1]], [[0.2807249009621069, 0.0004981140936301158, -0.9597881442600575, -0.0009308748252955832], [0.0034977325234299968, 0.9999926939963875, 0.0015420184959458732, 6.852034697884996e-05], [0.9597819001455538, -0.003789965197337067, 0.2807211077151007, -0.0006713867200005552]]]
[[[721.5377, 0, 609.5593], [0, 721.5377, 172.854], [0, 0, 1]], [[0.2808045207087345, 0.00040909885945088307, -0.9597648950590248, -0.0008381173359284089], [0.003501533038669553, 0.9999928173250775, 0.0014507117679174346, 0.00017241370857276478], [0.9597585948643111, -0.003768014912080968, 0.280801071307973, -0.001396179200000347]]]
[[[721.5377, 0, 609.5593], [0, 721.5377, 172.854], [0, 0, 1]], [[0.2808371462998716, 0.0004761133853704906, -0.959755318075492, -0.0004112891933282366], [0.0035022207490674876, 0.9999927106747347, 0.0015208705471227817, 0.00011134655180327826], [0.9597490462136283, -0.003788391933337341, 0.2808334317323885, -0.0006866455100009716]]]
[[[721.5377, 0, 609.5593], [0, 721.5377, 172.854], [0, 0, 1]], [[0.2807565361584422, 0.0003478613769580168, -0.9597789570504116, -0.0005893414065272345], [0.0035009346883019374, 0.9999929104603495, 0.0013865371785971364, 0.00020100060535775595], [0.959772634982172, -0.003749402819357872, 0.28075332788388563, -0.0004348754900007634]]]
[[[721.5377, 0, 609.5593], [0, 721.5377, 172.854], [0, 0, 1]], [[0.2807614953937609, 0.0005070960453753952, -0.959777435428579, -0.000885124573483049], [0.003488079498639407, 0.9999927173827686, 0.0015487035989917538, 0.0003761956263745027], [0.9597712310783598, -0.0037825963341497574, 0.2807576819239369, -0.0006713867099961135]]]
[[[721.5377, 0, 609.5593], [0, 721.5377, 172.854], [0, 0, 1]], [[0.28075270436530747, 0.00046217062550224085, -0.9597800296890321, -0.0009552921455397134], [0.003500325314492676, 0.9999927406573447, 0.0015054418970538621, 0.00037886549663189716], [0.959773758087946, -0.0037821992181277624, 0.280749048537685, -0.0004425048900031925]]]
[[[721.5377, 0, 609.5593], [0, 721.5377, 172.854], [0, 0, 1]], [[0.2807927692573514, 0.00044483976382024467, -0.9597683172778587, -0.0005898977194735077], [0.003520202558806881, 0.9999926889914773, 0.0014933645033129322, 0.0006241378937592484], [0.959761964711424, -0.0037979048407391605, 0.2807891504529474, -0.0011901855399969463]]]
[[[721.5377, 0, 609.5593], [0, 721.5377, 172.854], [0, 0, 1]], [[0.2807247608282261, 0.0004993852778686288, -0.959788184586724, -0.0005916025336289698], [0.0035089615166673006, 0.9999926475405042, 0.0015466266542129411, 0.0005141270674547851], [0.9597819001455538, -0.0038020362014612734, 0.28072094448707063, -0.0008544921900011104]]]
[[[721.5377, 0, 609.5593], [0, 721.5377, 172.854], [0, 0, 1]], [[0.2807688614025928, 0.00044781946764598185, -0.9597753101244145, -0.0004573932923349919], [0.003513163324524062, 0.9999927123320743, 0.0014943112783850055, 0.0006720801643551731], [0.9597689847823522, -0.0037914034955260118, 0.2807652419894372, -0.0009231567400007634]]]
[[[721.5377, 0, 609.5593], [0, 721.5377, 172.854], [0, 0, 1]], [[0.280784202412742, 0.00045623585810500034, -0.9597708182291657, -0.00048441867961906965], [0.0035144785939715656, 0.9999926938947312, 0.001503528307273661, 0.0004417133572764309], [0.9597644920060613, -0.0037952609923477924, 0.28078054754264425, -0.0006179809600013186]]]
[[[721.5377, 0, 609.5593], [0, 721.5377, 172.854], [0, 0, 1]], [[0.28074753679043907, 0.00035143160519551895, -0.9597815882178236, -0.00037568168999702533], [0.003529743999268035, 0.999992792320425, 0.0013986473818247396, 0.0007101222588575146], [0.9597751619485684, -0.0037804501089055, 0.28074427278855285, -0.0011520385699981261]]]
[[[721.5377, 0, 609.5593], [0, 721.5377, 172.854], [0, 0, 1]], [[0.28079473788554804, 0.000497222775194259, -0.9597677156194088, -0.00031544730277138945], [0.0035162954953358917, 0.9999926214982828, 0.0015468079976184925, 0.0007274748347903434], [0.9597614030798363, -0.0038091624412519, 0.2807909176588878, -0.0014419555700015962]]]
[[[721.5377, 0, 609.5593], [0, 721.5377, 172.854], [0, 0, 1]], [[0.280772738804124, 0.0004540053520627034, -0.9597741729300552, -0.0002872948408644147], [0.0035101228578463955, 0.9999927146678932, 0.0014998828822666548, 0.0007096772804812822], [0.9597678616113138, -0.0037900514875118378, 0.2807690996669114, -0.0014801025400004164]]]
[[[721.5377, 0, 609.5593], [0, 721.5377, 172.854], [0, 0, 1]], [[0.28071893937610404, 0.0004958050687212097, -0.959789889117868, -0.00014135392388245276], [0.003513942482072187, 0.9999926336005306, 0.0015443292743803072, 0.0010183539588159874], [0.95978358460842, -0.0038061689411861372, 0.28071512925776415, -0.0010528564399976403]]]
[[[721.5377, 0, 609.5593], [0, 721.5377, 172.854], [0, 0, 1]], [[0.2807852253172648, 0.00048478940713300825, -0.9597705049764572, -0.0003680168284568421], [0.0035094364725816616, 0.9999926686836709, 0.0015318076103151804, 0.0006284762353349851], [0.959764211199385, -0.0037983625604775468, 0.2807814654543305, -0.0009765625]]]
[[[721.5377, 0, 609.5593], [0, 721.5377, 172.854], [0, 0, 1]], [[0.2807254989125847, 0.0005064464611142104, -0.9597879650069917, -0.0005839451704256136], [0.003526659226085615, 0.9999925658151139, 0.0015591629832785402, 0.00063959911400056], [0.9597816193983835, -0.0038225418882447465, 0.2807216258832389, -0.002090454099999306]]]
[[[721.5377, 0, 609.5593], [0, 721.5377, 172.854], [0, 0, 1]], [[0.28075637833211525, 0.00044202964965733556, -0.9597789644681859, -0.00031351115594246786], [0.003513568728880107, 0.9999927198038607, 0.0014883460836502718, 0.0007400448811413207], [0.959772634982172, -0.0037901120123427865, 0.2807527812690594, -0.0018615722700019433]]]
[[[721.5377, 0, 609.5593], [0, 721.5377, 172.854], [0, 0, 1]], [[0.28077944260425236, 0.0005497951602050428, -0.9597721616801184, 9.44044470106433e-05], [0.0035113299597776867, 0.9999925551450871, 0.0016000675965403396, 0.00048587291648932116], [0.9597658960250458, -0.0038193428337537157, 0.2807754217298219, -0.001533508299999653]]]
[[[721.5377, 0, 609.5593], [0, 721.5377, 172.854], [0, 0, 1]], [[0.28078714820453227, 0.00047234502440947736, -0.9597699486300578, -0.00016788064833378268], [0.0035091796750698714, 0.9999926894642895, 0.001518774501009456, 0.0006318131779716694], [0.9597636495831534, -0.00379445755737966, 0.280783437956499, -0.0013122558600002776]]]
[[[721.5377, 0, 609.5593], [0, 721.5377, 172.854], [0, 0, 1]], [[0.2807084527868033, 0.0005235251286428412, -0.9597929414490808, -7.159802662439285e-05], [0.0035081961672341977, 0.9999926114677381, 0.0015714864254577998, 0.0007430474972182424], [0.9597866727006014, -0.0038082714415958252, 0.280704542134494, -0.0015640258800004858]]]
[[[721.5377, 0, 609.5593], [0, 721.5377, 172.854], [0, 0, 1]], [[0.28077953730781713, 0.0005623983771540041, -0.9597721266724063, -0.0004281864643519334], [0.0035037489135484132, 0.9999925642133429, 0.0016109815560379282, 0.0005303675926320916], [0.9597658960250458, -0.0038151312019982504, 0.2807754789883771, -0.0017852783199998612]]]
[[[721.5377, 0, 609.5593], [0, 721.5377, 172.854], [0, 0, 1]], [[0.2806710553741956, 0.00047796474162315714, -0.9598039019637505, 9.492506923737372e-06], [0.003505202353677987, 0.9999926970049106, 0.001522988281215717, 0.00010133493352310786], [0.9597976204552682, -0.0037917656244440016, 0.28066733027171914, -0.0020370483400000694]]]
[[[721.5377, 0, 609.5593], [0, 721.5377, 172.854], [0, 0, 1]], [[0.2806652198516659, 0.00046942492937749377, -0.9598056126142688, 1.690434135929655e-05], [0.003511305075453957, 0.9999926864388157, 0.0015158514266396745, 6.0066548200551824e-05], [0.9597993045956447, -0.0037956170929419625, 0.28066151889527113, -0.0012741088799970157]]]
[[[721.5377, 0, 609.5593], [0, 721.5377, 172.854], [0, 0, 1]], [[0.28064597964395077, 0.0004478626269864258, -0.9598112489071767, -4.530230034068963e-05], [0.0035147133372616184, 0.9999927068966664, 0.00149430372900345, 7.152375342588933e-05], [0.9598049181473515, -0.0037928317316995672, 0.28064235875507276, -0.0012435913100006246]]]
[[[721.5377, 0, 609.5593], [0, 721.5377, 172.854], [0, 0, 1]], [[0.2806228968218815, 0.00039940029768904757, -0.9598180193446557, 0.000198626461856336], [0.0035183535934017103, 0.9999927668700391, 0.0014447821964685352, 0.00026407135037546475], [0.9598116539026225, -0.003782418142622663, 0.28061946180852626, -0.001953125]]]
[[[721.5377, 0, 609.5593], [0, 721.5377, 172.854], [0, 0, 1]], [[0.280654589071955, 0.0004023960109880506, -0.9598087516324815, -0.00013349399470451075], [0.003517066747849821, 0.9999927672389448, 0.0014476571723762745, 0.00013125676543679625], [0.9598023920965937, -0.00378200307349218, 0.2806511439107435, -0.0010681152400024985]]]
[[[721.5377, 0, 609.5593], [0, 721.5377, 172.854], [0, 0, 1]], [[0.2807334507836879, 0.0005085922375203183, -0.9597856380176871, 0.0003027977834732605], [0.0035048584791724526, 0.999992648858379, 0.0015550550612904656, 3.904349344139398e-05], [0.9597793733864693, -0.0038004688051089448, 0.2807296045285173, -0.0010223388599968075]]]
[[[721.5377, 0, 609.5593], [0, 721.5377, 172.854], [0, 0, 1]], [[0.2807631874677112, 0.00044496828400719516, -0.9597769712626976, -7.932772680193822e-05], [0.00350635295907479, 0.9999927436735797, 0.001489325052744485, 0.0003417125685119027], [0.9597706695101165, -0.0037834644722228583, 0.28075958994251676, -0.0010299682700036783]]]
[[[721.5377, 0, 609.5593], [0, 721.5377, 172.854], [0, 0, 1]], [[0.2808101560794311, 0.000501725014016036, -0.9597632023132872, 0.000673791170550394], [0.0035114331977369653, 0.9999926334241575, 0.001550140095758791, -0.00024160112793090454], [0.9597569098889277, -0.0038054394528042263, 0.28080632569624864, -0.0013351440399986814]]]
[[[721.5377, 0, 609.5593], [0, 721.5377, 172.854], [0, 0, 1]], [[0.2808314547383987, 0.0005603994481702557, -0.9597569379702203, 0.00033666446962551147], [0.003496813145433306, 0.9999925947613296, 0.0016070844188123391, -0.00012513930072624766], [0.9597507313502505, -0.0038074105323375675, 0.2808274155022931, -0.0003356933600002776]]]
[[[721.5377, 0, 609.5593], [0, 721.5377, 172.854], [0, 0, 1]], [[0.2807192510051972, 0.0005512117695036936, -0.9597897677515981, 0.0008316520210943707], [0.0034889584825837272, 0.9999926419421832, 0.0015947508267986621, -0.00030923230852740734], [0.95978358460842, -0.0037963439093328427, 0.28071526230173904, 0.00029754639000145744]]]
[[[721.5377, 0, 609.5593], [0, 721.5377, 172.854], [0, 0, 1]], [[0.2808181240151464, 0.0005587804167244022, -0.9597608394746368, 0.00045768969619684665], [0.0034882213092747435, 0.9999926315992401, 0.0016028285384811244, 2.6690798872768167e-06], [0.9597546632013367, -0.0037979615153570525, 0.2808141056849112, -0.00032806397000229026]]]
[[[721.5377, 0, 609.5593], [0, 721.5377, 172.854], [0, 0, 1]], [[0.28086024839920604, 0.0004605116248027224, -0.9597485654056378, 0.00028431862848489454], [0.003496890770041015, 0.9999927561215188, 0.0015031498365421871, 0.00023982200479609253], [0.959742305321631, -0.0037783109363995443, 0.28085660352284614, -0.0006027221700009022]]]
[[[721.5377, 0, 609.5593], [0, 721.5377, 172.854], [0, 0, 1]], [[0.28091889591128416, 0.0005642205006239668, -0.9597313455208243, 0.0001669055104993406], [0.003488911136903477, 0.9999926190979382, 0.0016091142671193616, 0.00019844296765706663], [0.9597251697330147, -0.0038004479831372285, 0.28091485396123783, -0.00025939940999819555]]]
[[[721.5377, 0, 609.5593], [0, 721.5377, 172.854], [0, 0, 1]], [[0.28094104102461903, 0.0005928107372665829, -0.9597248460071424, 0.0008894087183108823], [0.0034832855008593185, 0.999992592878292, 0.0016373486709033139, -0.0002337037497154263], [0.9597187078462746, -0.0038029940810349744, 0.2809368951310895, -1.525879000041641e-05]]]
[[[721.5377, 0, 609.5593], [0, 721.5377, 172.854], [0, 0, 1]], [[0.28089873968616635, 0.0005671392573724523, -0.9597372434139387, 0.0010227727221643135], [0.003488941745944938, 0.9999926142125054, 0.0016120812425422383, 0.00012580637310553747], [0.9597310692731671, -0.003801298922986833, 0.28089468631193676, 0.0003356933600002776]]]
[[[721.5377, 0, 609.5593], [0, 721.5377, 172.854], [0, 0, 1]], [[0.28093914262867153, 0.0006429656658499714, -0.9597253694334748, 0.0011635485589084097], [0.0034815760694838194, 0.9999925127570836, 0.0016890997147694937, 4.271397226772313e-05], [0.9597192697696235, -0.0038158911051777785, 0.2809348006351902, 0.0004577636699991672]]]
[[[721.5377, 0, 609.5593], [0, 721.5377, 172.854], [0, 0, 1]], [[0.2809189865280231, 0.0005767840702224422, -0.9597313115284948, 0.0011573142445525], [0.0034816072444313548, 0.9999926268691504, 0.001620067384939266, 0.00012369292341096294], [0.9597251697330147, -0.003796515174809456, 0.2809149071399799, -7.629393999764034e-05]]]
[[[721.5377, 0, 609.5593], [0, 721.5377, 172.854], [0, 0, 1]], [[0.28091637482058246, 0.0006701103336859657, -0.9597320153614771, 0.0003703358479773419], [0.0034599410131241496, 0.9999925506908119, 0.0017109561857309888, 0.00018976628450559347], [0.9597260125503777, -0.003801251770729872, 0.28091196364542365, -0.0004577636699991672]]]
[[[721.5377, 0, 609.5593], [0, 721.5377, 172.854], [0, 0, 1]], [[0.2808328354745987, 0.0006401252123995975, -0.9597564840932358, 0.0005540735800919137], [0.003462844347319403, 0.999992592759507, 0.0016802187788568675, -0.00015016637050137957], [0.9597504504965462, -0.003795347919629447, 0.28082853862427465, 9.155272999805675e-05]]]
[[[721.5377, 0, 609.5593], [0, 721.5377, 172.854], [0, 0, 1]], [[0.2808318307564086, 0.0007115876983813026, -0.9597567277581083, 0.0005407378469030425], [0.0034664833279871056, 0.9999924504105231, 0.0017557378205700761, -2.2469432074442588e-05], [0.9597507313502505, -0.0038200477621759027, 0.2808272438844815, 0.00018310547000055521]]]
[[[721.5377, 0, 609.5593], [0, 721.5377, 172.854], [0, 0, 1]], [[0.280812626747772, 0.0006136476376856551, -0.9597624144003523, 0.0010699965739350652], [0.0034670888471399655, 0.9999926221096449, 0.0016537899513241912, -0.00010456122434332223], [0.9597563482227885, -0.003791986663192003, 0.28080842737212086, 0.0004043579099999306]]]
[[[721.5377, 0, 609.5593], [0, 721.5377, 172.854], [0, 0, 1]], [[0.2808654088992548, 0.0006153585686525772, -0.9597469684337046, 0.0010653406554316926], [0.003467740528693083, 0.9999926162246343, 0.0016559806269821234, -0.00022374824771360848], [0.9597409008995501, -0.0037932611356544573, 0.2808612011483193, 0.0005798339850002776]]]
[[[721.5377, 0, 609.5593], [0, 721.5377, 172.854], [0, 0, 1]], [[0.2809181902011199, 0.0006170693986285321, -0.9597315195613223, 0.0010653406491925317], [0.0034683921997562877, 0.9999926103343769, 0.0016581713384620621, -0.00022374903808372614], [0.9597254506730954, -0.00379453580775087, 0.28091397407093793, 0.0005798339850002776]]]
[[[721.5377, 0, 609.5593], [0, 721.5377, 172.854], [0, 0, 1]], [[0.28092594018688616, 0.0006754683286745047, -0.9597292117429014, 0.0007706663862345044], [0.0034625875434205937, 0.9999925305650074, 0.001717353107789006, -0.0005486093349472674], [0.9597232031255774, -0.0038055954500763336, 0.28092150296061735, 0.00016021727999770974]]]
[[[721.5377, 0, 609.5593], [0, 721.5377, 172.854], [0, 0, 1]], [[0.28092594018688616, 0.000647636181253825, -0.9597292309279168, 0.0007995914954394375], [0.0034625875434205937, 0.9999925799477507, 0.0016883533236845374, -0.0005379306442878073], [0.9597232031255774, -0.0037974487248913645, 0.28092161320475795, 0.00025939942000263727]]]
[[[721.5377, 0, 609.5593], [0, 721.5377, 172.854], [0, 0, 1]], [[0.28094709395967354, 0.000652834490258253, -0.9597230351527167, 0.0011727665136014858], [0.003459476400062477, 0.999992582950552, 0.0016929462249633737, -0.0005791990296103633], [0.9597170220531945, -0.003795767512840614, 0.2809427516956732, 0.0008926391599999306]]]
[[[721.5377, 0, 609.5593], [0, 721.5377, 172.854], [0, 0, 1]], [[0.2809105995933082, 0.0005614819321954162, -0.9597337754680555, 0.0009047020046707043], [0.0034612746479825624, 0.9999927327406782, 0.001598137554067523, -0.00039766444988001057], [0.959727698159191, -0.0037708359643858604, 0.28090661469995754, 0.0006713867200005552]]]
[[[721.5377, 0, 609.5593], [0, 721.5377, 172.854], [0, 0, 1]], [[0.2809204170816065, 0.0007578866123501412, -0.9597307668688021, 0.0015367162955850873], [0.0034434139932385554, 0.9999924557496299, 0.0017975939184044529, -0.0006991100320084096], [0.9597248887919743, -0.003809731185679141, 0.2809156880302797, 0.001106262199996877]]]
[[[721.5377, 0, 609.5593], [0, 721.5377, 172.854], [0, 0, 1]], [[0.2809740917096867, 0.0006734127799125648, -0.9597151172630055, 0.0010496390175057672], [0.003449411227195328, 0.9999925860473342, 0.0017115526724649326, -0.00039822008007271286], [0.9597091545619966, -0.0037913540579552134, 0.28096968570346686, 0.0013122558600002776]]]
[[[721.5377, 0, 609.5593], [0, 721.5377, 172.854], [0, 0, 1]], [[0.280983089080273, 0.0008110080986277407, -0.959712376661243, 0.0010159746878561353], [0.003420014051452305, 0.9999924472132204, 0.0018463532712749055, -0.0006010013893055161], [0.9597066255657483, -0.0038010238592304283, 0.2809781932158194, 0.001190185550001388]]]
[[[721.5377, 0, 609.5593], [0, 721.5377, 172.854], [0, 0, 1]], [[0.2809413741254502, 0.000647541861250515, -0.9597247131308236, 0.0008309007113783964], [0.0034563151449114025, 0.999992604803739, 0.0016864825679994196, -0.00039632951475131336], [0.9597187078462746, -0.003790913791032192, 0.28093705840010874, 0.0006713867200005552]]]
[[[721.5377, 0, 609.5593], [0, 721.5377, 172.854], [0, 0, 1]], [[0.2809594688640505, 0.0006631338589351719, -0.9597194054040565, 0.0011039857854218118], [0.003467777842886552, 0.9999925317412153, 0.0017061590274570393, -0.0007343716044368869], [0.959713369382996, -0.0038074552236003773, 0.2809550709851261, 0.0006179809499968769]]]
[[[721.5377, 0, 609.5593], [0, 721.5377, 172.854], [0, 0, 1]], [[0.28102022978585023, 0.0006414873401379698, -0.9597016301669495, 0.0010746704122699396], [0.0034437942714963528, 0.9999926642306695, 0.0016768320916220267, -0.0006272519520227577], [0.9596956656837227, -0.0037762387160145618, 0.28101595913584004, 0.0001373291100037477]]]
[[[721.5377, 0, 609.5593], [0, 721.5377, 172.854], [0, 0, 1]], [[0.280911886802621, 0.0006276854681246746, -0.959733357690533, 0.0009435242663667908], [0.003434599858779144, 0.9999927250708004, 0.0016593159086719007, -0.0007242493343402466], [0.9597274172267881, -0.0037624216174961676, 0.280907687340113, 9.155272999805675e-05]]]
[[[721.5377, 0, 609.5593], [0, 721.5377, 172.854], [0, 0, 1]], [[0.2809098712124226, 0.0006851095162786529, -0.959733908372717, 0.0008672811045721026], [0.0034424418698444496, 0.9999925930988844, 0.0017214358372058915, -0.000582647414433635], [0.9597279790906342, -0.0037873965094216535, 0.28090543209109986, -6.103516000166564e-05]]]
[[[721.5377, 0, 609.5593], [0, 721.5377, 172.854], [0, 0, 1]], [[0.28077750134547363, 0.0006374477881675351, -0.9597726753760548, 0.0008159323501499548], [0.0034354841558638955, 0.9999927055881731, 0.0016691971303814926, -0.0006525026965411823], [0.9597667384249192, -0.0037659568190070883, 0.2807732632969707, -0.0002975463799970157]]]
[[[721.5377, 0, 609.5593], [0, 721.5377, 172.854], [0, 0, 1]], [[0.2807813641646786, 0.0007192948524214565, -0.9597714874660206, 0.0002113624833124972], [0.003433565656183697, 0.9999925671528809, 0.001753928697495954, -0.0005264742294325874], [0.9597656152231684, -0.003787908909478161, 0.2807768074136229, 0.0]]]
[[[721.5377, 0, 609.5593], [0, 721.5377, 172.854], [0, 0, 1]], [[0.2807418685981667, 0.0006409384789485264, -0.9597830965451913, 0.0002916365906481957], [0.003445156392248458, 0.9999926617422678, 0.0016755175461394545, -0.00039766365950989296], [0.9597771273131293, -0.0037769907970068898, 0.2807376003086809, -2.2888190002845477e-05]]]
[[[721.5377, 0, 609.5593], [0, 721.5377, 172.854], [0, 0, 1]], [[0.2807014123661516, 0.0006336098171030735, -0.9597949341574208, -0.00011055754965745538], [0.003456731913692127, 0.9999926291850963, 0.0016711014198412674, -0.0004789769372128953], [0.9597889185128804, -0.0037868343082585144, 0.2806971531487222, -0.0001144409099964605]]]
[[[721.5377, 0, 609.5593], [0, 721.5377, 172.854], [0, 0, 1]], [[0.280729499071374, 0.0006124805710181507, -0.9597867331958102, 0.0004046214070173394], [0.003436300676454358, 0.9999927457956804, 0.0016432266054221896, -0.000873080769712929], [0.959780777151114, -0.0037594179823336065, 0.2807253579348287, 0.0005798339799980567]]]
[[[721.5377, 0, 609.5593], [0, 721.5377, 172.854], [0, 0, 1]], [[0.28067266566450416, 0.0006227282283325377, -0.9598033480658081, 0.0007454755995773039], [0.0034527286115132515, 0.9999926640353994, 0.0016584753600179004, -0.0010427139562118294], [0.9597973397618461, -0.00377942918152815, 0.28066845654819333, 0.0010147094699988202]]]
[[[721.5377, 0, 609.5593], [0, 721.5377, 172.854], [0, 0, 1]], [[0.2807477094269142, 0.0006274841681717437, -0.9597813969415951, 0.00056109512691324], [0.0034384891109285032, 0.9999927112780611, 0.0016595732543601414, -0.0007253621754658864], [0.9597754427178136, -0.0037661192720432014, 0.28074350553744565, 0.0004043579099999306]]]
[[[721.5377, 0, 609.5593], [0, 721.5377, 172.854], [0, 0, 1]], [[0.28069380025340723, 0.0005537808594215546, -0.9597972097407139, -0.00015137356192251083], [0.0034513041836635476, 0.9999927860329298, 0.0015863106666240297, -0.0006394876718139725], [0.959791164263733, -0.00375781969484394, 0.28068986407137847, -0.0002899169899990284]]]
[[[721.5377, 0, 609.5593], [0, 721.5377, 172.854], [0, 0, 1]], [[0.28064091857638535, 0.0005547820865900322, -0.9598126728885378, -0.0003018947824793242], [0.0034585131070905585, 0.9999927564660309, 0.0015892459084738996, -0.0003152399117916037], [0.9598066021379988, -0.003765532141134507, 0.2806369670232405, -0.0001678466800001388]]]
[[[721.5377, 0, 609.5593], [0, 721.5377, 172.854], [0, 0, 1]], [[0.28069957581344557, 0.0005414819584887158, -0.9597955276700555, -0.00015599700320102615], [0.00344997148777582, 0.9999928114527755, 0.001573130480064382, -0.00043492723944635726], [0.9597894799563523, -0.0037528442630097142, 0.28069568989397103, 0.0002517700200002082]]]
[[[721.5377, 0, 609.5593], [0, 721.5377, 172.854], [0, 0, 1]], [[0.2806419991864512, 0.0006204920619118341, -0.9598123166964637, -0.00036889820665166127], [0.003448702466629047, 0.9999926839469265, 0.001654842566159009, -0.0005576195542883856], [0.9598063214752904, -0.0037745254301977363, 0.2806378061021861, -0.00019836426000097163]]]
[[[721.5377, 0, 609.5593], [0, 721.5377, 172.854], [0, 0, 1]], [[0.28067933536383854, 0.0005242393506288212, -0.9598014564860887, 4.672541515457468e-05], [0.0034567407656476974, 0.9999928132233055, 0.0015570629462640507, -0.0004456067204759351], [0.9597953748810175, -0.003754820214440551, 0.28067550602459823, -1.525879000041641e-05]]]
[[[721.5377, 0, 609.5593], [0, 721.5377, 172.854], [0, 0, 1]], [[0.28056322760224045, 0.0006391549088441786, -0.9598353331683597, 7.921938968289987e-05], [0.0034536271917080057, 0.9999926327148743, 0.0016754029949490482, 4.104629131949864e-05], [0.9598293326298348, -0.0037849698779897248, 0.280558953210174, -0.00025939940999819555]]]
[[[721.5377, 0, 609.5593], [0, 721.5377, 172.854], [0, 0, 1]], [[0.28053438986111134, 0.0005561999423577537, -0.9598438137253782, 0.0004722388321274174], [0.0034569197102865923, 0.9999927610599175, 0.0015898219647435203, -5.69524899370426e-05], [0.959837749732407, -0.0037641027333310284, 0.28053043635092845, 0.00029754639000145744]]]
[[[721.5377, 0, 609.5593], [0, 721.5377, 172.854], [0, 0, 1]], [[0.2804490214819688, 0.0006099295120688758, -0.9598687276580045, 0.00032247614670079044], [0.003451660374552629, 0.9999926917701053, 0.0016439121138420556, -0.0002546161526581143], [0.9598627153871875, -0.0037741743957587425, 0.28044486662651796, -4.5776370001249234e-05]]]
[[[721.5377, 0, 609.5593], [0, 721.5377, 172.854], [0, 0, 1]], [[0.2804767723459078, 0.0005426265100104409, -0.9598606595391292, 0.00034567279849902747], [0.003458734385867766, 0.9999927767021491, 0.0015759758798051546, -0.0002486093397640356], [0.9598545813459817, -0.003761927696852451, 0.2804728695776721, 3.814696999882017e-05]]]
[[[721.5377, 0, 609.5593], [0, 721.5377, 172.854], [0, 0, 1]], [[0.28041157565068664, 0.0005897587586448194, -0.9598796801816913, 0.00012159584587827635], [0.003452321321700777, 0.9999927237481944, 0.0016229381255234913, -0.0005075646243680041], [0.9598736529974093, -0.0037689037231201897, 0.28040749926871583, 1.525879000041641e-05]]]
[[[721.5377, 0, 609.5593], [0, 721.5377, 172.854], [0, 0, 1]], [[0.28039511029422, 0.0004796312182314967, -0.9598845514315701, 7.06732858290608e-05], [0.003464177430140724, 0.9999928572371485, 0.0015116049141311162, 6.640768765439308e-05], [0.959878420216761, -0.003749057025229078, 0.28039144597080146, -0.0001525878899997224]]]
[[[721.5377, 0, 609.5593], [0, 721.5377, 172.854], [0, 0, 1]], [[0.28031055274669714, 0.0004846382583118749, -0.9599092452646759, -0.0003206628995160811], [0.0034707022957168377, 0.9999928243445555, 0.0015183823542031386, -3.0256158473450938e-05], [0.9599030931528534, -0.00375717781820744, 0.28030685929963745, 0.0002899169899990284]]]
[[[721.5377, 0, 609.5593], [0, 721.5377, 172.854], [0, 0, 1]], [[0.2802933693708982, 0.0004886677442264096, -0.9599142609059129, 9.201319464410257e-05], [0.003462920458826484, 0.9999928485039731, 0.0015202377464542186, -0.0005167961473420619], [0.95990813897404, -0.0037502192930088636, 0.28028967263645177, 0.0008926391599999306]]]
[[[721.5377, 0, 609.5593], [0, 721.5377, 172.854], [0, 0, 1]], [[0.2802136258793503, 0.0004948172904135681, -0.959937539128144, -0.0003455498541171408], [0.003468100900016993, 0.9999928189776567, 0.0015278315572081896, 5.617318500104765e-05], [0.9599314017926983, -0.0037572794637886135, 0.28020989758275167, 0.00022125243999937538]]]
[[[721.5377, 0, 609.5593], [0, 721.5377, 172.854], [0, 0, 1]], [[0.2802213532607737, 0.0005673431843390255, -0.9599352432838436, 0.00011378658867355373], [0.0034642728397620737, 0.9999927157009512, 0.001602297952518737, 2.469432395560464e-05], [0.9599291598812865, -0.003774475691820385, 0.28021734661305225, 0.0006561279300001388]]]
[[[721.5377, 0, 609.5593], [0, 721.5377, 172.854], [0, 0, 1]], [[0.2801694859880004, 0.0005181890780097091, -0.9599504104907185, 3.1656006750922524e-05], [0.0034664337472747283, 0.9999927882982416, 0.0015515117092441122, -0.00017541711501980412], [0.9599442915910774, -0.0037622907367185422, 0.2801656692211182, 0.0010299682700036783]]]
[[[721.5377, 0, 609.5593], [0, 721.5377, 172.854], [0, 0, 1]], [[0.28021290120352293, 0.0006146571935633242, -0.9599376814125171, -0.0003525356425772867], [0.003449034550914509, 0.999992695578743, 0.0016471034654922982, -5.83980768822097e-05], [0.9599316820273052, -0.0037723978705645096, 0.2802087344365533, 0.001564025869996044]]]
[[[721.5377, 0, 609.5593], [0, 721.5377, 172.854], [0, 0, 1]], [[0.2801925054700114, 0.00046990135553080353, -0.9599437166163199, -0.0001824804490794101], [0.0034681197359142046, 0.9999928583523792, 0.0015017955040304844, -0.00014082340534073425], [0.9599375667323031, -0.003749991593941792, 0.28018887475970633, 0.0009384155300011798]]]
[[[721.5377, 0, 609.5593], [0, 721.5377, 172.854], [0, 0, 1]], [[0.2801320404135964, 0.0005105360012377132, -0.9599613426001626, -0.00034979768479616704], [0.0034668109717913595, 0.9999927993939002, 0.0015434966915562247, -0.00010545039072566942], [0.9599552183072922, -0.0037603873925990887, 0.28012825336130687, 0.0006866455100009716]]]
[[[721.5377, 0, 609.5593], [0, 721.5377, 172.854], [0, 0, 1]], [[0.2801878688356712, 0.0005610772392534232, -0.9599450210036282, 0.00018151967358366855], [0.0034548915056367515, 0.9999927631785133, 0.0015928952527528638, -0.0002203559791686893], [0.959938967790145, -0.003762815825091011, 0.2801839027050938, 0.0009689331100020127]]]
[[[721.5377, 0, 609.5593], [0, 721.5377, 172.854], [0, 0, 1]], [[0.2801877892990569, 0.0005447970209424065, -0.9599450535962532, -0.0009959925327878896], [0.003461335825705585, 0.9999927647985761, 0.001577816466242595, 0.00041957746139163326], [0.959938967790145, -0.0037647771123177414, 0.2801838763585185, 0.0013122558499958359]]]
[[[721.5377, 0, 609.5593], [0, 721.5377, 172.854], [0, 0, 1]], [[0.28015305360529824, 0.000509252148311569, -0.959955211047826, -0.0007976552823125935], [0.003475476905260973, 0.9999927673404979, 0.0015447740850211933, 0.0005501663640790221], [0.9599490546981688, -0.003769075343130661, 0.28014925745957264, 0.0003890991300039559]]]
[[[721.5377, 0, 609.5593], [0, 721.5377, 172.854], [0, 0, 1]], [[0.2801625270402421, 0.0005020132936069899, -0.9599524500854606, -0.0007695173392853106], [0.003485681836943321, 0.9999927387991602, 0.001540250332349611, 0.0008463852286194549], [0.9599462529040661, -0.00377760924497777, 0.280158742865246, 3.814696999882017e-05]]]
[[[721.5377, 0, 609.5593], [0, 721.5377, 172.854], [0, 0, 1]], [[0.28014736033122134, 0.0005196350115012114, -0.9599568669887746, -0.00028792331847003093], [0.0034700826588031143, 0.9999927717907331, 0.0015539924800422212, 0.00035583964399463463], [0.9599507357285528, -0.0037664765685951097, 0.28014353219103294, 0.00017547606999812615]]]
[[[721.5377, 0, 609.5593], [0, 721.5377, 172.854], [0, 0, 1]], [[0.28017038341727635, 0.0005529827036422876, -0.9599501291556483, -0.00036325624117259465], [0.0034714886908644113, 0.9999927115215596, 0.0015892356742843194, 0.00032091239812591984], [0.9599440113996678, -0.003777712785362315, 0.28016642172827516, 3.051758000083282e-05]]]
[[[721.5377, 0, 609.5593], [0, 721.5377, 172.854], [0, 0, 1]], [[0.28009451459396206, 0.000605639328685427, -0.9599722371482293, -0.0003155844279953371], [0.0034736301411453186, 0.9999926148917173, 0.0016444013099023722, 0.0004789761468427776], [0.9599661435634151, -0.003795176284315571, 0.28009034229861557, -0.00041198729999791794]]]
[[[721.5377, 0, 609.5593], [0, 721.5377, 172.854], [0, 0, 1]], [[0.2800990946538073, 0.0004840625899961444, -0.9599709697993615, -0.0005554386444920436], [0.0034913359121571, 0.9999927455858832, 0.0015229409560569792, 0.0004051168497192564], [0.95996474297115, -0.0037781555044915536, 0.2800953726738767, -0.0004730224599995836]]]
[[[721.5377, 0, 609.5593], [0, 721.5377, 172.854], [0, 0, 1]], [[0.28010976849472813, 0.0006274170907733381, -0.9599677723453135, -0.0007515583377554094], [0.00348222390308168, 0.9999925431525407, 0.0016696574507318576, 0.0005711902092082976], [0.9599616615836898, -0.003810510085038923, 0.28010549495212195, -0.0006866455100009716]]]
[[[721.5377, 0, 609.5593], [0, 721.5377, 172.854], [0, 0, 1]], [[0.2800329487400464, 0.0005909222198951174, -0.9599902074661412, -0.00040316206660256443], [0.003483509517554848, 0.9999926013321487, 0.001631699238013357, 0.0003317025309719676], [0.9599840690247915, -0.003801064573545523, 0.2800288183860941, -0.0004577636699991672]]]
[[[721.5377, 0, 609.5593], [0, 721.5377, 172.854], [0, 0, 1]], [[0.28005982262072626, 0.0005994156242689397, -0.959982362574728, -0.00010907653588370432], [0.0034841239221626874, 0.9999925842401872, 0.0016408367155324043, 0.0002608450595552504], [0.9599762271192669, -0.0038042299538024447, 0.28005565732603266, -0.00036621094000111043]]]
[[[721.5377, 0, 609.5593], [0, 721.5377, 172.854], [0, 0, 1]], [[0.28014882309710254, 0.0004615851148892088, -0.9599564697716715, -0.0006716598697948564], [0.0035068059638986827, 0.9999927197535844, 0.0015042445814187908, 0.000811345750194035], [0.9599501753889312, -0.0037877934224130904, 0.2801451648552036, -0.000839233400000694]]]
[[[721.5377, 0, 609.5593], [0, 721.5377, 172.854], [0, 0, 1]], [[0.28003386682728804, 0.0006125181556429129, -0.9599899261196785, -0.0003972022593205553], [0.0034868818651399053, 0.9999925509849952, 0.0016551825822523954, 0.0008799775393594724], [0.9599837889696967, -0.003810878642917018, 0.28002964507236316, -0.0006790161099985426]]]
[[[721.5377, 0, 609.5593], [0, 721.5377, 172.854], [0, 0, 1]], [[0.2800414448532464, 0.0005364484867087014, -0.9599877610613207, -0.0005062859923436471], [0.0034950986879922134, 0.9999926464877309, 0.0015783711937567193, 0.00045839886082996986], [0.9599815484943799, -0.003797261313788379, 0.2800375106246437, -0.0007934570299994448]]]
[[[721.5377, 0, 609.5593], [0, 721.5377, 172.854], [0, 0, 1]], [[0.2799816637143847, 0.00047988453538189103, -0.9600052279516804, -0.00105109818411304], [0.0035156345218087383, 0.9999926570216255, 0.0015251940004034638, 0.0006354836567979984], [0.9599989105710663, -0.0038020538742239546, 0.27997792071644373, -0.0008773803800039559]]]
[[[721.5377, 0, 609.5593], [0, 721.5377, 172.854], [0, 0, 1]], [[0.2799194505062909, 0.0005186909126757111, -0.9600233498139475, -0.00040017853150609153], [0.003500295234770807, 0.9999926557557872, 0.0015608868495752919, 0.00038832069434924764], [0.9600171087858411, -0.00379728774585808, 0.2799155791381565, -0.0004043579099999306]]]
[[[721.5377, 0, 609.5593], [0, 721.5377, 172.854], [0, 0, 1]], [[0.2798917029728586, 0.0005409607031374047, -0.9600314275941546, -0.0012559155788541448], [0.0034926699417104057, 0.9999926496408008, 0.0015817462024079792, 0.0007280304649830456], [0.9600252266808572, -0.003795790548518255, 0.27988775627111734, -0.0011215209899972933]]]
[[[721.5377, 0, 609.5593], [0, 721.5377, 172.854], [0, 0, 1]], [[0.27991752011953713, 0.0005310589112233556, -0.9600239059036818, -0.0005760996676965353], [0.0035011109798576715, 0.9999926323463469, 0.001573999660235415, 0.00042369291859419483], [0.9600176686665903, -0.00380174031944732, 0.27991359848801245, -0.000556945799999653]]]
[[[721.5377, 0, 609.5593], [0, 721.5377, 172.854], [0, 0, 1]], [[0.27991095777739167, 0.0005367241309231271, -0.9600258161337905, -0.000451989776608909], [0.003488430943812525, 0.999992673231567, 0.0015761766190688406, 0.0006230258430037263], [0.9600196282189721, -0.0037901728709298786, 0.2799070346095556, -0.0005493164100016656]]]
[[[721.5377, 0, 609.5593], [0, 721.5377, 172.854], [0, 0, 1]], [[0.2798456285189022, 0.0005872649722880002, -0.9600448319316723, -0.0006907170871632751], [0.0034918151056321438, 0.9999925758885705, 0.0016295382811728667, 0.0008260292462395869], [0.9600386614226162, -0.0038083182107135185, 0.2798415002930718, -0.0006103515599988896]]]
[[[721.5377, 0, 609.5593], [0, 721.5377, 172.854], [0, 0, 1]], [[0.27985596053751555, 0.0004502204239319788, -0.9600418942177442, -0.0006259893752471328], [0.0035101375092656743, 0.9999927261484783, 0.001492174520714049, 0.00039454960124638374], [0.9600355828229965, -0.0037874729971442097, 0.27985234457121366, -0.00024414063000222086]]]
[[[721.5377, 0, 609.5593], [0, 721.5377, 172.854], [0, 0, 1]], [[0.2798581603744899, 0.0005772542848520046, -0.9600411849755701, -0.000474297803789818], [0.0034877729485146705, 0.9999926087557225, 0.001617984482029621, 0.0006852058408988526], [0.9600350230651307, -0.0038012118350730442, 0.27985407854258443, -0.0003738403299990978]]]
[[[721.5377, 0, 609.5593], [0, 721.5377, 172.854], [0, 0, 1]], [[0.2798534163361974, 0.000610553936890727, -0.9600425472805094, -0.0007311648622953577], [0.003483235476021789, 0.9999925700662984, 0.0016513275925888525, 0.001069743823865066], [0.960036422452595, -0.0038061839274540145, 0.27984921034073484, -0.0007476806599981956]]]
[[[721.5377, 0, 609.5593], [0, 721.5377, 172.854], [0, 0, 1]], [[0.27989186681920536, 0.0007175645838501497, -0.9600312640687947, -0.0010544068353896998], [0.0034795150278178703, 0.9999923943715873, 0.0017618666666263708, 0.000638153527055393], [0.9600252266808572, -0.003833575360910943, 0.2798872412889177, -0.0006713867200005552]]]
[[[721.5377, 0, 609.5593], [0, 721.5377, 172.854], [0, 0, 1]], [[0.27984649060183914, 0.0005179794537186922, -0.9600446205229839, -0.0005003479439997557], [0.0034996627868296827, 0.99999265988228, 0.001559660841656493, 0.0006566181537437438], [0.9600383815547237, -0.0037962980452069914, 0.2798426237422361, -5.340575999923658e-05]]]
[[[721.5377, 0, 609.5593], [0, 721.5377, 172.854], [0, 0, 1]], [[0.27994908588083184, 0.0005824549706004474, -0.9600146717944958, -0.0007269098832130933], [0.003510465569217722, 0.9999925091952645, 0.0016303940769331116, 0.0009817574512588126], [0.9600084301431805, -0.0038265257827413772, 0.27994494414877374, -0.0002670288100006246]]]
[[[721.5377, 0, 609.5593], [0, 721.5377, 172.854], [0, 0, 1]], [[0.2799810155725421, 0.0006130479279178718, -0.960005341178478, -0.0007284992147428557], [0.0034907041718492482, 0.999992535251813, 0.0016566306275075735, 0.0009479422561456201], [0.9599991905743216, -0.0038149197749674226, 0.27997678561580425, -0.0005950927800029149]]]
[[[721.5377, 0, 609.5593], [0, 721.5377, 172.854], [0, 0, 1]], [[0.2799244562468457, 0.0006986342423191625, -0.9600217761619281, -0.000497082735586798], [0.0034838397165873197, 0.9999924114275622, 0.0017435446992581038, 0.0010094551816614567], [0.9600157090671677, -0.0038326227944635214, 0.2799198980901116, -0.0004730224599995836]]]
[[[721.5377, 0, 609.5593], [0, 721.5377, 172.854], [0, 0, 1]], [[0.279977085020258, 0.0006446637693137333, -0.9600064667866481, -0.0003621004275293665], [0.0034979357052138125, 0.9999924513443182, 0.0016916560476293843, 0.0009503892420298396], [0.9600003105777422, -0.0038316658264813406, 0.27997271657722783, -9.918213000048581e-05]]]
[[[721.5377, 0, 609.5593], [0, 721.5377, 172.854], [0, 0, 1]], [[0.27999822779173983, 0.0006218194137238354, -0.9600003155072928, -0.000140616975341327], [0.0034962395622403783, 0.9999924979261784, 0.0016674532333934467, 0.0006885427835355369], [0.959994150368849, -0.003823275033115614, 0.2799939531947302, -0.00034332274999826495]]]
[[[721.5377, 0, 609.5593], [0, 721.5377, 172.854], [0, 0, 1]], [[0.2800376890244109, 0.0006900619861290887, -0.9599887585489335, -0.00024139306561082527], [0.0034883298633980276, 0.9999924082131377, 0.001736395937954541, 0.0008315910807574332], [0.9599826687397182, -0.0038350137606688074, 0.28003315587412864, -0.0011444091800001388]]]
[[[721.5377, 0, 609.5593], [0, 721.5377, 172.854], [0, 0, 1]], [[0.2800452005139974, 0.0006391517118211239, -0.9599866025909759, -0.0003822774840634796], [0.0035018676948194074, 0.9999924448670359, 0.0016873445101653268, 0.0009312567525920813], [0.9599804282336818, -0.003834278802758217, 0.28004084651053984, -0.0012359619099981956]]]
[[[721.5377, 0, 609.5593], [0, 721.5377, 172.854], [0, 0, 1]], [[0.2801030109549366, 0.000763319208095018, -0.959969645664781, 0.00012526576718143134], [0.00348522150549513, 0.9999922847828456, 0.0018120722507335323, 0.0008338151822684776], [0.9599636224800585, -0.003853273747191786, 0.28009818956286187, -0.0008163452200022903]]]
[[[721.5377, 0, 609.5593], [0, 721.5377, 172.854], [0, 0, 1]], [[0.280106888830994, 0.0006619873910008868, -0.9599685893830668, -5.4151775126689536e-05], [0.003482188104137782, 0.9999924825393542, 0.0017056467355492629, 0.0005443824355581184], [0.9599625019736076, -0.0038205546028350877, 0.2801024779738626, -0.0004501342699967381]]]
[[[721.5377, 0, 609.5593], [0, 721.5377, 172.854], [0, 0, 1]], [[0.28008472070085877, 0.0007339929028816065, -0.959975005135207, 5.362448544149803e-05], [0.0034891958484434896, 0.9999923238836829, 0.001782606530581052, 0.00042480575971983467], [0.959968944675948, -0.003848821654764602, 0.2800800096929745, -0.000419616700000347]]]
[[[721.5377, 0, 609.5593], [0, 721.5377, 172.854], [0, 0, 1]], [[0.28010104584449746, 0.0006716094530157571, -0.9599702875910073, -4.727454571690865e-05], [0.003488838932260372, 0.9999924389215288, 0.0017175862940203757, 0.0005818688998677577], [0.9599641827275242, -0.0038302794304439737, 0.280096584841303, -0.0008087158199998612]]]
[[[721.5377, 0, 609.5593], [0, 721.5377, 172.854], [0, 0, 1]], [[0.2801011608236672, 0.0006556507204835804, -0.9599702650745838, -9.203390911232061e-06], [0.0034795955958495084, 0.9999925041259616, 0.0016982656970901812, 0.0005687424329539605], [0.9599641827275242, -0.003815994499641981, 0.2800967798212882, -0.0008697509800015268]]]
[[[721.5377, 0, 609.5593], [0, 721.5377, 172.854], [0, 0, 1]], [[0.28021803847321264, 0.0006410622116266858, -0.9599361645200507, 0.00023820009157931143], [0.003499264522776318, 0.9999924506882776, 0.001689294010013963, 0.00024082340373514488], [0.9599300006052653, -0.0038324412185256453, 0.2802136797736359, -0.00019073485999854256]]]
[[[721.5377, 0, 609.5593], [0, 721.5377, 172.854], [0, 0, 1]], [[0.2802508724128205, 0.0007075307450819905, -0.9599265325597047, 0.00030545636233116665], [0.003483697762064217, 0.9999923934122374, 0.0017541287203910478, 9.543956281561665e-05], [0.9599204718942895, -0.0038356900174382827, 0.2802462758366907, -0.0004577636800036089]]]
[[[721.5377, 0, 609.5593], [0, 721.5377, 172.854], [0, 0, 1]], [[0.28027872525486913, 0.0008237700040848862, -0.959918307759825, 0.00041621620325465905], [0.003482642380638748, 0.9999921777046045, 0.0018750284401565162, 0.00027508357722456987], [0.9599123435874518, -0.003868582761579089, 0.28027366393555897, -0.0002899169899990284]]]
[[[721.5377, 0, 609.5593], [0, 721.5377, 172.854], [0, 0, 1]], [[0.2802355252851423, 0.0006741147079658732, -0.9599310370737686, 0.00016559071751926185], [0.003482666150990703, 0.9999924580899737, 0.0017189530688570263, 0.00021946602241622448], [0.9599249561318015, -0.003824831046293872, 0.2802310640575491, -1.525879000041641e-05]]]
[[[721.5377, 0, 609.5593], [0, 721.5377, 172.854], [0, 0, 1]], [[0.2802489875423534, 0.0007559354221751012, -0.9599270459483489, 0.0002857129457750536], [0.0034808714093474895, 0.9999923150333713, 0.0018037207185477406, 0.0002992214806173546], [0.9599210324374174, -0.0038468735144831724, 0.28024420252423804, 0.00010681153000291488]]]
[[[721.5377, 0, 609.5593], [0, 721.5377, 172.854], [0, 0, 1]], [[0.2802757027164196, 0.0006320746016176084, -0.959919335646759, -0.00017243189132780005], [0.0034940979075560466, 0.9999924866577738, 0.0016786625075526425, 0.0001976636627210717], [0.9599131844842166, -0.0038245404560339554, 0.28027138837860455, -7.629395000208206e-05]]]
[[[721.5377, 0, 609.5593], [0, 721.5377, 172.854], [0, 0, 1]], [[0.2802818132245363, 0.0007992851979511103, -0.9599174268231296, 4.504938041290273e-05], [0.0034658612578902168, 0.9999922925347324, 0.001844634617265484, 6.162436770242408e-05], [0.9599115026820478, -0.0038439581556638704, 0.28027688275059415, -0.00039672850999750153]]]
[[[721.5377, 0, 609.5593], [0, 721.5377, 172.854], [0, 0, 1]], [[0.2802566871901125, 0.0007119885127542071, -0.959924831618383, 7.263825288913307e-05], [0.0034792852444772916, 0.9999924028401548, 0.0017575085095215147, 0.00042369291859419483], [0.9599187902418678, -0.003832405815044121, 0.2802520808241356, -0.0002212524500038171]]]
[[[721.5377, 0, 609.5593], [0, 721.5377, 172.854], [0, 0, 1]], [[0.2803084208541868, 0.0007327371683345984, -0.9599097104907702, -1.0063045267688835e-05], [0.0034877773473472673, 0.9999923302365388, 0.001781818529646182, 4.3826023023245335e-05], [0.9599036538150104, -0.003847410082042232, 0.28030371533080534, 5.34057700036783e-05]]]
[[[721.5377, 0, 609.5593], [0, 721.5377, 172.854], [0, 0, 1]], [[0.28030371228981593, 0.0006838831387524061, -0.9599111215005277, -5.629738625660593e-05], [0.0034804297378957247, 0.9999924489714221, 0.001728759375173477, 0.00030478331513520085], [0.9599050554536046, -0.003825480883524221, 0.2802992155012606, 7.629393999764034e-05]]]
[[[721.5377, 0, 609.5593], [0, 721.5377, 172.854], [0, 0, 1]], [[0.2804105502051375, 0.0007992140849899353, -0.9598798282027279, 0.00015068736154295935], [0.0034576373060706874, 0.9999923245799158, 0.0018426951771692217, 0.00024671877444263604], [0.959873933429756, -0.003835627471828849, 0.2804056345439328, -4.5776370001249234e-05]]]
[[[721.5377, 0, 609.5593], [0, 721.5377, 172.854], [0, 0, 1]], [[0.280407608518707, 0.0007716269219025607, -0.9598807101284581, -3.6770705444710163e-05], [0.0034626491387319868, 0.9999923571499232, 0.0018154070294543944, 0.00027619562798009205], [0.959874774721037, -0.0038327840578291097, 0.2804027935320981, -0.00016021727999770974]]]
[[[721.5377, 0, 609.5593], [0, 721.5377, 172.854], [0, 0, 1]], [[0.2804342397577964, 0.0007197577268118915, -0.9598729703040302, 3.654677744526333e-05], [0.003482611405184607, 0.9999923739826793, 0.0017673127301151724, 0.0003800889895740069], [0.959866922333126, -0.0038384795557933646, 0.2804295945249583, -0.00034332276000270667]]]
[[[721.5377, 0, 609.5593], [0, 721.5377, 172.854], [0, 0, 1]], [[0.2804230414229746, 0.0008194820886740945, -0.9598761619543403, -0.00015108478957465382], [0.003456669467934815, 0.9999922892240956, 0.0018635794971525257, 0.00018131248572729531], [0.9598702877343783, -0.0038405652525510306, 0.28041804646502827, -0.0003814697199970851]]]
[[[721.5377, 0, 609.5593], [0, 721.5377, 172.854], [0, 0, 1]], [[0.280456381044852, 0.0006369234484962577, -0.9598665598195124, -0.0004266406459122912], [0.0034775568780368105, 0.9999925426909759, 0.001679631089509219, 0.00027931047661371893], [0.9598604715943796, -0.003809053813952055, 0.28045207465743166, -0.0003051757799994448]]]
[[[721.5377, 0, 609.5593], [0, 721.5377, 172.854], [0, 0, 1]], [[0.28042047053188474, 0.0006516887388149409, -0.9598770416092178, -0.00039387203352408344], [0.003509084494843173, 0.9999923911974807, 0.0017040754539579973, -1.2013625788157422e-05], [0.9598708486211488, -0.0038461472842875777, 0.2804160500370532, -0.0008697509800015268]]]
[[[721.5377, 0, 609.5593], [0, 721.5377, 172.854], [0, 0, 1]], [[0.28048973275935696, 0.0006973713173169851, -0.9598567723831668, -0.00011325219052709678], [0.0034973272109538253, 0.9999923556579665, 0.0017485216643078505, 0.0004745271534505712], [0.9598506542785519, -0.0038473755830196166, 0.28048514966421867, 4.5776370001249234e-05]]]
[[[721.5377, 0, 609.5593], [0, 721.5377, 172.854], [0, 0, 1]], [[0.280436409365911, 0.0007677526921718094, -0.9598722992449356, -0.00019462429722191517], [0.003462443831337588, 0.99999236507163, 0.0018114306949937038, 0.0003113465485920995], [0.9598663614194791, -0.0038314950413116857, 0.28043160995344013, -0.0006484985400021515]]]
[[[721.5377, 0, 609.5593], [0, 721.5377, 172.854], [0, 0, 1]], [[0.2804179823981599, 0.0007080265127667256, -0.9598777285916174, -0.00036835666207498145], [0.003477641671024726, 0.9999924154686184, 0.0017535716825929893, 0.0007591765802089614], [0.9598716899441057, -0.0038298438212620426, 0.2804133932966674, -0.0008163452099978485]]]
[[[721.5377, 0, 609.5593], [0, 721.5377, 172.854], [0, 0, 1]], [[0.2804858761630087, 0.0006741494434498106, -0.9598579159415196, 5.187618505203433e-05], [0.0034986817719187798, 0.999992392274231, 0.0017247085317768712, 0.00034638444627728415], [0.9598517763170146, -0.0038419937777977946, 0.28048138366901143, 0.0004653930599971545]]]
[[[721.5377, 0, 609.5593], [0, 721.5377, 172.854], [0, 0, 1]], [[0.28042752816502053, 0.0006574729566673265, -0.9598749758049576, -5.9996123575120195e-05], [0.003481967114802243, 0.9999924891672212, 0.001702208611370005, 0.0002242493423681935], [0.9598688855006542, -0.0038195992533821637, 0.2804231326215359, 9.155274000249847e-05]]]
[[[721.5377, 0, 609.5593], [0, 721.5377, 172.854], [0, 0, 1]], [[0.28034709196748897, 0.0006916354585557816, -0.9598984475796203, -0.0004115639434750966], [0.003465827300839047, 0.9999924927795903, 0.00173275087124229, 0.000574416500028512], [0.9598924398423466, -0.0038126139135113753, 0.28034259025102387, -0.0004272461000027761]]]
[[[721.5377, 0, 609.5593], [0, 721.5377, 172.854], [0, 0, 1]], [[0.2804467065924244, 0.000746463801079342, -0.9598693075378836, -0.0006109778853096651], [0.003483607696200023, 0.9999923203383172, 0.001795478155635465, 0.00035583964399463463], [0.9598632763257909, -0.003847344042591765, 0.28044195246955533, -0.0003662109299966687]]]
[[[721.5377, 0, 609.5593], [0, 721.5377, 172.854], [0, 0, 1]], [[0.28038811711273376, 0.0007001426264824458, -0.9598864586930469, -0.0005737304480728988], [0.0034862450959089798, 0.9999923957082786, 0.001747747335568535, 0.00013292523675513838], [0.9598803831088054, -0.0038364470438569313, 0.280383544090898, -0.00024414063000222086]]]
[[[721.5377, 0, 609.5593], [0, 721.5377, 172.854], [0, 0, 1]], [[0.2805935789364609, 0.000719321237155394, -0.9598264041151328, -0.0009095787554646896], [0.003483186996642919, 0.9999923713108878, 0.001767690123855734, -8.899567524648196e-07], [0.9598203534349408, -0.0038392573481516776, 0.28058893284490066, -0.00048828125]]]
[[[721.5377, 0, 609.5593], [0, 721.5377, 172.854], [0, 0, 1]], [[0.2804869512441493, 0.0006495538943978163, -0.9598576187443117, -0.0008728225515853184], [0.0034894376763484284, 0.9999924730182638, 0.0016963877858708774, 0.0002020027946669259], [0.9598514958088387, -0.0038251779769632225, 0.2804825734461581, -0.0004730224599995836]]]
[[[721.5377, 0, 609.5593], [0, 721.5377, 172.854], [0, 0, 1]], [[0.2804670983583824, 0.0007750280903855518, -0.9598633267657894, -0.0007380352334581449], [0.003464786306027751, 0.9999923417219442, 0.001819822330929222, -0.0004842052355410967], [0.9598573862789633, -0.0038361215989198543, 0.2804622651566433, -6.103516000166564e-05]]]
[[[721.5377, 0, 609.5593], [0, 721.5377, 172.854], [0, 0, 1]], [[0.280520672207913, 0.0005865955681520391, -0.9598478047949374, -0.00021633278306912835], [0.0034794763202857116, 0.9999926213622545, 0.0016280250560220299, -0.0004083423501693531], [0.9598416774179778, -0.003796462390948831, 0.2805165613021037, 0.0009307861400031925]]]
[[[721.5377, 0, 609.5593], [0, 721.5377, 172.854], [0, 0, 1]], [[0.28053635085343936, 0.0007112089627530635, -0.9598431382427273, -0.00025283618655430346], [0.003453576927961105, 0.9999925045197273, 0.0017503458989538547, -0.0004042268929667916], [0.9598371886191108, -0.003805927767920661, 0.28053179188389105, 0.0009765625]]]
[[[721.5377, 0, 609.5593], [0, 721.5377, 172.854], [0, 0, 1]], [[0.28054941637201286, 0.0006751845940933114, -0.9598393454631284, -0.0003232494056221082], [0.0034837611492232736, 0.9999924495658691, 0.0017216908862526601, -0.00016173501791330458], [0.9598332607185366, -0.0038268703945315407, 0.28054494592026663, 0.0005111694299984038]]]
[[[721.5377, 0, 609.5593], [0, 721.5377, 172.854], [0, 0, 1]], [[0.2805243997886744, 0.0005353836843962741, -0.9598467453127684, -0.00020622622671089601], [0.00348850072128008, 0.9999926711789632, 0.001577324024963151, -0.0008382649660308017], [0.9598405552412972, -0.0037909039387169744, 0.28052047618918274, 0.0007858276400014574]]]
[[[721.5377, 0, 609.5593], [0, 721.5377, 172.854], [0, 0, 1]], [[0.28057642518783704, 0.0006046563632347258, -0.9598314977221244, 3.852607480598093e-05], [0.0034731523723328327, 0.9999926152001541, 0.0016452227067750111, 5.294768455095091e-05], [0.9598254043530067, -0.003795251749058162, 0.2805722531234131, 0.00048828125]]]
[[[721.5377, 0, 609.5593], [0, 721.5377, 172.854], [0, 0, 1]], [[0.28059655906989256, 0.0006187330482933877, -0.9598256030173145, 0.00024527253219472974], [0.00347508543970889, 0.9999925831723052, 0.0016605365298683608, -0.0003210230499423897], [0.9598195115850287, -0.0038014168141961967, 0.28059232778335497, 0.0010299682599992366]]]
[[[721.5377, 0, 609.5593], [0, 721.5377, 172.854], [0, 0, 1]], [[0.28059270618160376, 0.0006272260298150243, -0.9598267238544631, -0.00025160797131273585], [0.0034761602661295796, 0.9999925642062166, 0.0016696832274581217, -0.00021735336309176758], [0.9598206340496584, -0.0038050124550907216, 0.2805884394139007, 0.0004959106399979873]]]
[[[721.5377, 0, 609.5593], [0, 721.5377, 172.854], [0, 0, 1]], [[0.28061578172561563, 0.0005517910037030492, -0.9598200240530566, -3.2075012097361837e-06], [0.0034730782348914233, 0.9999927043337264, 0.0015902851614334901, -0.00021890960185340456], [0.9598138990315237, -0.0037797891486939382, 0.2806118180331959, 0.0005340576200012492]]]
[[[721.5377, 0, 609.5593], [0, 721.5377, 172.854], [0, 0, 1]], [[0.28060532169683006, 0.0006671762693802532, -0.95982300884655, 0.00021217886655450075], [0.003465090625143716, 0.9999925377063875, 0.0017081213361017397, -0.0002211344937345666], [0.9598169859834624, -0.003805181646765462, 0.280600915911294, 0.0011520385800025679]]]
[[[721.5377, 0, 609.5593], [0, 721.5377, 172.854], [0, 0, 1]], [[0.2806159169622584, 0.000652219195013993, -0.9598199215256747, 0.0001927894927886209], [0.0034621342167656223, 0.9999925758314369, 0.001691717669426816, -3.804209450234165e-05], [0.9598138990315237, -0.0037977482972947943, 0.2806115755519975, 0.0002822875899965993]]]
[[[721.5377, 0, 609.5593], [0, 721.5377, 172.854], [0, 0, 1]], [[0.28058615447428487, 0.0006570155612511301, -0.9598286192065149, 0.0005441332198567386], [0.003462608904946456, 0.9999925656944245, 0.00169673081349705, -0.0008132371058855521], [0.9598225983258074, -0.0037995902982241015, 0.28058179352313917, 0.0011672973700029843]]]
[[[721.5377, 0, 609.5593], [0, 721.5377, 172.854], [0, 0, 1]], [[0.28062161303719607, 0.0006476339992529794, -0.9598182592900623, 0.00016855261074771988], [0.0034672564518415903, 0.9999925635873975, 0.0016884616080417771, -0.0002499442748927328], [0.9598122151906067, -0.0038017548721188937, 0.280617280705934, 0.0006179809499968769]]]
[[[721.5377, 0, 609.5593], [0, 721.5377, 172.854], [0, 0, 1]], [[0.28057385737513035, 0.0007282612069967647, -0.9598321625124124, 0.00028576351480025675], [0.0034478650979049646, 0.9999924956526182, 0.0017665969305107885, -0.0002768634907294995], [0.9598262461424498, -0.00380503272819367, 0.28056924090504065, 0.0005798339900024985]]]
[[[721.5377, 0, 609.5593], [0, 721.5377, 172.854], [0, 0, 1]], [[0.2806524076826782, 0.0006734317855032797, -0.9598092375839826, 6.355767055616688e-05], [0.003460900254982631, 0.9999925428307815, 0.0017136079634522724, 0.0003099001712768148], [0.9598032341221512, -0.003802732235856182, 0.2806479841299444, -3.814696999882017e-05]]]
[[[721.5377, 0, 609.5593], [0, 721.5377, 172.854], [0, 0, 1]], [[0.28060830475452037, 0.0006194190369175766, -0.9598221687494257, 0.0002473746118477997], [0.0034567079320991624, 0.9999926545110512, 0.0016559269952168272, -0.0019631813663279806], [0.959816144098997, -0.0037824917710458012, 0.28060410239862066, 0.0008010864199974321]]]
[[[721.5377, 0, 609.5593], [0, 721.5377, 172.854], [0, 0, 1]], [[0.28071985727441495, 0.0007002961564510862, -0.9597894932312635, 0.000322866430735607], [0.0034398325604838875, 0.9999925773965177, 0.0017357142119245011, -0.0012329252190936553], [0.95978358460842, -0.0037887645958678494, 0.28071536470070385, 0.0012054443400018044]]]
[[[721.5377, 0, 609.5593], [0, 721.5377, 172.854], [0, 0, 1]], [[0.28072553290005686, 0.0006100482400496873, -0.9597878948075579, 0.00027998420423597773], [0.003446640533807509, 0.9999927094323572, 0.0016437004483538479, -0.0017493886206161899], [0.9597819001455538, -0.003769472546393703, 0.2807213836345785, 0.0009536743099971545]]]
[[[721.5377, 0, 609.5593], [0, 721.5377, 172.854], [0, 0, 1]], [[0.280748334274874, 0.0005746310445056662, -0.9597812472647328, -0.0001940390936423321], [0.003465733469689296, 0.9999926942770951, 0.0016124775822376088, -0.0009031148341833225], [0.9597751619485684, -0.003779046387494308, 0.28074429168729415, 0.00011444092000090222]]]
[[[721.5377, 0, 609.5593], [0, 721.5377, 172.854], [0, 0, 1]], [[0.28077230246905927, 6.068627061788208e-06, -0.9597744079362582, 0.0014555611501443839], [0.0034679950539016177, 0.9999934654166123, 0.0010208498325641688, 0.0017835373519190273], [0.9597681424055131, -0.0036151192575484925, 0.2807704466930672, 0.000625610349999306]]]
[[[721.5377, 0, 609.5593], [0, 721.5377, 172.854], [0, 0, 1]], [[0.2807747868375971, -0.0005814424310574632, -0.9597735050526252, 0.002941969717536243], [0.003421971742668294, 0.9999940669200786, 0.00039526451115997263, 0.007984983629687772], [0.9597675808161549, -0.0033952981225171966, 0.28077511065791594, -0.0008163452099978485]]]
[[[721.5377, 0, 609.5593], [0, 721.5377, 172.854], [0, 0, 1]], [[0.280776483206827, -0.0008729552343990252, -0.9597727879176221, 0.0038675727979852444], [0.003440245614120506, 0.9999940776439248, 9.688751507003654e-05, 0.01306562817399178], [0.9597670192229575, -0.0033290578599338237, 0.28077782352893244, -0.00018310547000055521]]]
[[[721.5377, 0, 609.5593], [0, 721.5377, 172.854], [0, 0, 1]], [[0.2806603401128026, -0.0004237453575064269, -0.9598070607823419, 0.006561145874560784], [0.003361068234148561, 0.999994205072429, 0.000541333433598823, 0.017771524259606687], [0.9598012693824131, -0.003377907848495303, 0.28066013794352007, 0.0015106201200012492]]]
[[[721.5377, 0, 609.5593], [0, 721.5377, 172.854], [0, 0, 1]], [[0.28074068958582055, 0.00014419982847054322, -0.9597836445873036, 0.008114448806468878], [0.0032210792627884993, 0.9999942156165529, 0.0010924201654427114, 0.024956173575579412], [0.9597782503574775, -0.003398225984907574, 0.2807386011949456, 0.0006561279300001388]]]
[[[721.5377, 0, 609.5593], [0, 721.5377, 172.854], [0, 0, 1]], [[0.28068384575887934, 0.00026506551402349785, -0.9598002440457487, 0.00863802188665734], [0.003155300012616862, 0.9999943033425434, 0.0011989012851777868, 0.026817018609445232], [0.9597950941799172, -0.0033649699455561826, 0.28068141043793676, 0.0005111694299984038]]]
[[[721.5377, 0, 609.5593], [0, 721.5377, 172.854], [0, 0, 1]], [[0.28063292890266833, 0.0003153721188278484, -0.9598151174866629, 0.01054796358784774], [0.0030727727281504545, 0.9999945262563761, 0.0012269983892300928, 0.033982536226350314], [0.9598102506658652, -0.00329362986880804, 0.28063042372311714, 0.0010833740199984732]]]
[[[721.5377, 0, 609.5593], [0, 721.5377, 172.854], [0, 0, 1]], [[0.28078501523684857, -7.477042530025084e-06, -0.9597706888431927, 0.010966770122261247], [0.0030331577083593615, 0.9999950131405355, 0.0008795728374783762, 0.03493036704030935], [0.9597658960250458, -0.003158106735695388, 0.28078363768048703, 0.001472473150002429]]]
[[[721.5377, 0, 609.5593], [0, 721.5377, 172.854], [0, 0, 1]], [[0.28087972664207406, -0.0012910358060726872, -0.9597421072288228, 0.012113555091803958], [0.0031485127185123755, 0.9999949536456093, -0.00042373455981615046, 0.04100945532979582], [0.959737811086515, -0.0029027417837718564, 0.2808823740660877, 0.0004043579099999306]]]
[[[721.5377, 0, 609.5593], [0, 721.5377, 172.854], [0, 0, 1]], [[0.2809306413710728, -0.003614930295445341, -0.9597212652733066, 0.015444516317190134], [0.003311482829749936, 0.9999906046373583, -0.0027972698258893237, 0.054481312404262384], [0.9597223602794226, -0.002392261685023402, 0.2809399727054241, -0.000839233400000694]]]
[[[721.5377, 0, 609.5593], [0, 721.5377, 172.854], [0, 0, 1]], [[0.2813937172168488, -0.0062824502812680715, -0.9595718351063393, 0.01745401922702715], [0.003508598673229337, 0.9999786198965878, -0.005518105206122977, 0.06199076748156053], [0.9595859865828775, -0.001813992331577752, 0.2814097435867966, -0.0012741088900014574]]]
[[[721.5377, 0, 609.5593], [0, 721.5377, 172.854], [0, 0, 1]], [[0.28209385789132824, -0.008270703253228468, -0.9593511613625556, 0.02157926331746025], [0.0036112807319176508, 0.9999649098045218, -0.007558955689113675, 0.07489510561601524], [0.95938001542218, -0.001332151392199738, 0.28211382699400944, -0.0005493163999972239]]]
[[[721.5377, 0, 609.5593], [0, 721.5377, 172.854], [0, 0, 1]], [[0.28325030086371705, -0.00919119456706729, -0.95900197549486, 0.029261535260202955], [0.003647049144307651, 0.999957168125451, -0.008506523794567988, 0.10022046739650614], [0.9590390847578386, -0.0010880519100021256, 0.2832716894606454, 0.00010681151999847316]]]
[[[721.5377, 0, 609.5593], [0, 721.5377, 172.854], [0, 0, 1]], [[0.2844141037235816, -0.009342968345340557, -0.9586560001093248, 0.031132131469336306], [0.003674834698026448, 0.9999557903840014, -0.008655221975745189, 0.10790144622562459], [0.9586944837606264, -0.001061235131912778, 0.2844358637495294, -0.00013732909999930598]]]
[[[721.5377, 0, 609.5593], [0, 721.5377, 172.854], [0, 0, 1]], [[0.2859495618598168, -0.0094086447994735, -0.9581984791655727, 0.035755163898851465], [0.0037587375026760204, 0.999955116388492, -0.00869695928836812, 0.1252814235000618], [0.9582372983580658, -0.001114724860625237, 0.2859720920368285, -0.0005950927800029149]]]
[[[721.5377, 0, 609.5593], [0, 721.5377, 172.854], [0, 0, 1]], [[0.28789299928860207, -0.010207451996299369, -0.9576081812956466, 0.0456824281174113], [0.003789466486003811, 0.999947508111965, -0.009519504421086782, 0.15692458273370966], [0.9576550845186196, -0.0008882254302151341, 0.2879165680387648, -0.0014266967699967381]]]
[[[721.5377, 0, 609.5593], [0, 721.5377, 172.854], [0, 0, 1]], [[0.28984650549259533, -0.011237288504131969, -0.9570071716558899, 0.047788552952656764], [0.003764738104612998, 0.999936719129238, -0.010601154845537036, 0.16150500598240866], [0.9570657396442183, -0.0005301736793560364, 0.2898704692015645, -0.0004730224599995836]]]
[[[721.5377, 0, 609.5593], [0, 721.5377, 172.854], [0, 0, 1]], [[0.2923964623593243, -0.011392320906232274, -0.9562293259590617, 0.059384620874018246], [0.0035972427497267616, 0.9999350667369862, -0.010813054808818282, 0.19727074523411825], [0.9562904206590965, -0.00027809003648639733, 0.29241845704671215, -0.0001525878899997224]]]
[[[721.5377, 0, 609.5593], [0, 721.5377, 172.854], [0, 0, 1]], [[0.29488820995809184, -0.011970619702296261, -0.9554567744757768, 0.06076514507108656], [0.003478957602298863, 0.9999283481245594, -0.011454059144734083, 0.19883726354950526], [0.9555254263920525, 5.367338871429193e-05, 0.2949087259432206, -0.0003051757900038865]]]
[[[721.5377, 0, 609.5593], [0, 721.5377, 172.854], [0, 0, 1]], [[0.2975123596042844, -0.013318898523471878, -0.9546250587664312, 0.06611922889946723], [0.0035381837715733754, 0.9999112005994187, -0.012848041540540691, 0.21961612871859693], [0.9547114103949368, 0.00044481226415546, 0.29753306539569707, -0.002471923819996391]]]
[[[721.5377, 0, 609.5593], [0, 721.5377, 172.854], [0, 0, 1]], [[0.30079883925227346, -0.016033866571868387, -0.9535528162756589, 0.08153936966562661], [0.0037740202522614083, 0.9998708437736975, -0.015622181102832306, 0.2653402666786055], [0.9536801429596931, 0.0011004063020955206, 0.30082050134648375, -0.0032043457100030537]]]
[[[721.5377, 0, 609.5593], [0, 721.5377, 172.854], [0, 0, 1]], [[0.30389797264354873, -0.01705057184370718, -0.952551993448622, 0.08222353319531096], [0.0038442104791273717, 0.9998536420919776, -0.016670826050311734, 0.2652562851113853], [0.952696827048843, 0.0014044198838541347, 0.3039190407589771, -0.0020294189399976403]]]
[[[721.5377, 0, 609.5593], [0, 721.5377, 172.854], [0, 0, 1]], [[0.30721801195168286, -0.01708468051552286, -0.951485789081549, 0.090390978035628], [0.0038017097159086153, 0.999852889081514, -0.016725644937800935, 0.2873458289502638], [0.9516315674333694, 0.0015211466175006317, 0.30723776782367834, 0.0008087158199998612]]]
[[[721.5377, 0, 609.5593], [0, 721.5377, 172.854], [0, 0, 1]], [[0.31094154721213413, -0.01598213659478851, -0.9502946519512723, 0.11086616276439842], [0.00347864820628508, 0.9998710462989611, -0.015677684129931355, 0.34124293612059065], [0.9504226708280801, 0.0015691025736113788, 0.31095704637961236, 0.0025558471700009022]]]
[[[721.5377, 0, 609.5593], [0, 721.5377, 172.854], [0, 0, 1]], [[0.3141612915836233, -0.013961933814724693, -0.9492669525874493, 0.10683763669861682], [0.0034464876209222258, 0.9999020370622708, -0.01356606065886359, 0.33281334875010626], [0.9493633680491302, 0.0009902943372471567, 0.3141786350526356, 0.0049285888599968075]]]
[[[721.5377, 0, 609.5593], [0, 721.5377, 172.854], [0, 0, 1]], [[0.31730457287172625, -0.013128552636837697, -0.9482328032399814, 0.12682800070149425], [0.0036532889623705767, 0.9999136706360046, -0.01262159874933945, 0.39169221330746834], [0.9483166462286997, 0.0005407225662831334, 0.3173251425661974, 0.004341125490000763]]]
[[[721.5377, 0, 609.5593], [0, 721.5377, 172.854], [0, 0, 1]], [[0.3195151878387199, -0.011348114998267628, -0.9475132004496684, 0.12301165285098246], [0.0034087173359274637, 0.9999355817502359, -0.010826495090321719, 0.3737783094037593], [0.9475750236189804, 0.00022942494002622439, 0.31953328774587103, 0.00240325928000118]]]
[[[721.5377, 0, 609.5593], [0, 721.5377, 172.854], [0, 0, 1]], [[0.32092404335186187, -0.0070629561809509404, -0.947078599192632, 0.13040622633724497], [0.0027035280923526175, 0.9999749506658919, -0.006541328351384865, 0.386818353297043], [0.9471010766198855, -0.0004611840551646466, 0.3209350993187269, 0.004493713380000486]]]
[[[721.5377, 0, 609.5593], [0, 721.5377, 172.854], [0, 0, 1]], [[0.3215616132986147, -0.0039735134139102105, -0.9468803198102396, 0.1472386235701866], [0.002175075923590484, 0.9999916565287736, -0.0034577330096318653, 0.43718709730152383], [0.9468861588900319, -0.0009476623812078123, 0.32156757305190525, 0.001602172849999306]]]
[[[721.5377, 0, 609.5593], [0, 721.5377, 172.854], [0, 0, 1]], [[0.321102058224705, -0.0024323194064801695, -0.9470414732344952, 0.1361998728561517], [0.0019198920838963299, 0.9999963188460662, -0.001917370257110139, 0.40802892099550103], [0.9470426506859363, -0.0012025458916475277, 0.3211055459893742, -0.0005340576200012492]]]
[[[721.5377, 0, 609.5593], [0, 721.5377, 172.854], [0, 0, 1]], [[0.31961982168742914, -0.0014323345959950853, -0.9475447841670076, 0.1386359167210753], [0.0018685187636220772, 0.999997865930129, -0.0008813471607873713, 0.41726918783417033], [0.9475440244242618, -0.001488809186212704, 0.3196218159404659, -0.0007400512700002082]]]
[[[721.5377, 0, 609.5593], [0, 721.5377, 172.854], [0, 0, 1]], [[0.31704075962533146, -0.00024903030131335677, -0.9484118803136652, 0.15552199965250993], [0.001617873039858861, 0.9999986525291771, 0.00027825645930819223, 0.46967764158198994], [0.9484105330620384, -0.0016226286510710518, 0.3170407353215688, -0.0002975463799970157]]]
[[[721.5377, 0, 609.5593], [0, 721.5377, 172.854], [0, 0, 1]], [[0.3131077590544036, 0.0010265026373041774, -0.9497170512906804, 0.1438379881568264], [0.0012014003673974686, 0.9999981876512376, 0.0014769331052655135, 0.43677652926910315], [0.9497168461478857, -0.0016034296292072108, 0.3131059583532984, 0.00021362303999694632]]]
[[[721.5377, 0, 609.5593], [0, 721.5377, 172.854], [0, 0, 1]], [[0.3077124735856687, 0.002506168944318612, -0.9514760915109804, 0.14511760340615207], [0.0007966693741180511, 0.9999955019294642, 0.0028916152488546133, 0.4462999999475857], [0.9514790585807432, -0.0016477979431954342, 0.3077090928852135, 0.0005111694400028455]]]
[[[721.5377, 0, 609.5593], [0, 721.5377, 172.854], [0, 0, 1]], [[0.29986101500636647, 0.005055248845440495, -0.9539695048262614, 0.16072368614661217], [0.00014843121455127104, 0.999985700344562, 0.005345752947004933, 0.5034401561557313], [0.9539828875024574, -0.0017445817569084106, 0.29985597674044656, 0.0003890991199995142]]]
[[[721.5377, 0, 609.5593], [0, 721.5377, 172.854], [0, 0, 1]], [[0.289931812900276, 0.0066446047593580046, -0.9570242385101598, 0.14688889723155152], [-0.00047722819502126027, 0.9999767777782484, 0.006798246647599534, 0.46859143513894447], [0.9570471859431013, -0.0015143090251459566, 0.2899282510321599, -0.0009689331100020127]]]
[[[721.5377, 0, 609.5593], [0, 721.5377, 172.854], [0, 0, 1]], [[0.27628512317601167, 0.008935444627064608, -0.9610341765727859, 0.15938273111549423], [-0.0013402696457082248, 0.9999593886913024, 0.008912050571764727, 0.5301402663788554], [0.9610747808515697, -0.0011742220546221594, 0.27628587878079036, -0.00028228760000104103]]]
[[[721.5377, 0, 609.5593], [0, 721.5377, 172.854], [0, 0, 1]], [[0.2614640289076436, 0.012144362465402595, -0.9651368172687704, 0.14212813602964566], [-0.0020486125862101993, 0.9999255729687124, 0.01202712391487129, 0.49485283699197946], [0.9652110467529132, -0.0011674688436820624, 0.2614694480099817, 0.0011672973700029843]]]
[[[721.5377, 0, 609.5593], [0, 721.5377, 172.854], [0, 0, 1]], [[0.2441003894620461, 0.014813600205377827, -0.9696368171193959, 0.1363271783893817], [-0.0021854891806749187, 0.9998891840922872, 0.01472559582161427, 0.5084211342378305], [0.9697475050246422, -0.0014753929021182177, 0.2441057142187905, 0.002723693850001041]]]
[[[721.5377, 0, 609.5593], [0, 721.5377, 172.854], [0, 0, 1]], [[0.22406823795539918, 0.016525093042757514, -0.9744333461245519, 0.126887193757986], [-0.0021045107706369904, 0.99986210595355, 0.01647240457699138, 0.522775417418281], [0.9745711855857317, -0.0016402371962679495, 0.22407211751568085, -0.000701904300001388]]]
[[[721.5377, 0, 609.5593], [0, 721.5377, 172.854], [0, 0, 1]], [[0.19928973231570302, 0.018236938117395997, -0.9797709000994251, 0.13055376117425907], [-0.002067107229461863, 0.9998324133733022, 0.018189893782536066, 0.5899057839415905], [0.979938431566615, -0.0015997675519608052, 0.19929403172835447, -0.001747131350001041]]]
[[[721.5377, 0, 609.5593], [0, 721.5377, 172.854], [0, 0, 1]], [[0.17400213274019782, 0.023136595197055337, -0.9844734408629571, 0.11075142010665705], [-0.002315757093191862, 0.9997308038365195, 0.0230858642782141, 0.5504939930424078], [0.9847425526862074, -0.0017371882668226093, 0.17400887076806662, -4.5776370001249234e-05]]]
[[[721.5377, 0, 609.5593], [0, 721.5377, 172.854], [0, 0, 1]], [[0.1458043612691595, 0.025322294189789617, -0.9889893172587146, 0.09845536256289229], [-0.0019385832038193776, 0.9996777668601462, 0.02531016279428267, 0.5638562850593162], [0.9893115435140006, -0.001773094040644292, 0.14580646764622188, -0.0013809204099999306]]]
[[[721.5377, 0, 609.5593], [0, 721.5377, 172.854], [0, 0, 1]], [[0.11269440102945295, 0.027882601298941365, -0.9932384066886545, 0.0880558960492111], [-0.0016179519731676151, 0.9996100266262036, 0.027877892670950352, 0.6363987765638986], [0.9936283783226127, -0.00153467037658836, 0.1126955659234642, -0.0041656494099981956]]]
[[[721.5377, 0, 609.5593], [0, 721.5377, 172.854], [0, 0, 1]], [[0.08032820944007757, 0.02890832270607716, -0.9963491795783607, 0.06425412406088941], [-0.001142504825383158, 0.9995813659383522, 0.028909990514386936, 0.5908997771126406], [0.9967678132097139, -0.0011839540275155023, 0.0803276092136802, -0.004905700679998404]]]
[[[721.5377, 0, 609.5593], [0, 721.5377, 172.854], [0, 0, 1]], [[0.042732266072713306, 0.030084996770523967, -0.9986334895273683, 0.0473035017998397], [-0.0005634575798292422, 0.9995470825108858, 0.030088409056184803, 0.6638790880027311], [0.9990864006440316, -0.0007230582923480037, 0.04272986350152898, -0.007049560550001388]]]
[[[721.5377, 0, 609.5593], [0, 721.5377, 172.854], [0, 0, 1]], [[0.00816744379210189, 0.02865047897211105, -0.9995561229448656, 0.019938147991664514], [-8.719077446558186e-05, 0.9995894799813695, 0.02865072264959718, 0.612823804802963], [0.9999666420734602, -0.00014685109436230828, 0.00816658895037458, -0.008934021000001735]]]
[[[721.5377, 0, 609.5593], [0, 721.5377, 172.854], [0, 0, 1]], [[-0.027442249034711777, 0.027150104959116662, -0.9992546195883337, -0.0020357926298496974], [0.0002676252964963667, 0.9996312538084985, 0.027152988527045938, 0.6189241374508415], [0.9996233547414833, 0.0004777132593531744, -0.027439395864783583, -0.008659362789998681]]]
[[[721.5377, 0, 609.5593], [0, 721.5377, 172.854], [0, 0, 1]], [[-0.06844407879961824, 0.02823338652633961, -0.9972553754994384, -0.022713237753069295], [0.000772492672052346, 0.9996006819871491, 0.028246766645013334, 0.686509677334531], [0.9976546553453972, 0.001162951452347594, -0.06843855793027939, -0.009101867680001874]]]
[[[721.5377, 0, 609.5593], [0, 721.5377, 172.854], [0, 0, 1]], [[-0.10635185435432547, 0.027332160344721145, -0.9939528339344311, -0.046801569369734945], [0.0011843832091442724, 0.99962490500634, 0.027361405802325392, 0.6272290328700864], [0.9943278535331344, 0.0017327151976252004, -0.10634433405797264, -0.011589050289998681]]]
[[[721.5377, 0, 609.5593], [0, 721.5377, 172.854], [0, 0, 1]], [[-0.14517794658214037, 0.024194406562426014, -0.9891096979189343, -0.06999994204284392], [0.0014360018988716727, 0.9997050686222448, 0.024242806552447337, 0.6285809783444555], [0.9894045187509201, 0.0020991574702683854, -0.14516987226410094, -0.011100769039998681]]]
[[[721.5377, 0, 609.5593], [0, 721.5377, 172.854], [0, 0, 1]], [[-0.18828439297884053, 0.02847660868871529, -0.981701619698256, -0.10121202847013008], [0.0024323930916478574, 0.9995900061623874, 0.028528986033962558, 0.6957670746551301], [0.9821115368553804, 0.0029836785798929098, -0.1882764638442486, -0.004707336430001874]]]
[[[721.5377, 0, 609.5593], [0, 721.5377, 172.854], [0, 0, 1]], [[-0.22747597039822953, 0.03537039836742183, -0.9731411088895143, -0.11728598707464562], [0.003942780806771083, 0.9993653778989362, 0.035401919953952005, 0.6351581760605925], [0.9737757120461024, 0.004216204009076171, -0.2274710668477648, -0.002548217769998473]]]
[[[721.5377, 0, 609.5593], [0, 721.5377, 172.854], [0, 0, 1]], [[-0.27030316505459956, 0.03965578142505752, -0.9619582204862298, -0.1607056465695807], [0.005157199118067163, 0.9991966750337372, 0.03974176516941467, 0.6996780868193612], [0.9627614461842157, 0.005781314823840387, -0.2702905365346429, -0.004501342769998473]]]
[[[721.5377, 0, 609.5593], [0, 721.5377, 172.854], [0, 0, 1]], [[-0.30908602084469167, 0.043443972831934616, -0.950041290125315, -0.17480121625929676], [0.006691521142402548, 0.9990307051196826, 0.043507169212332386, 0.6346210231405005], [0.9510105442439614, 0.007090236431027556, -0.3090771316098241, -0.006584167479999792]]]
[[[721.5377, 0, 609.5593], [0, 721.5377, 172.854], [0, 0, 1]], [[-0.3482046732490903, 0.045500031499979575, -0.9363136507928287, -0.2002187029120665], [0.008270371043332034, 0.9989315928540096, 0.04546728231329562, 0.632371968854472], [0.9373820493749067, 0.008088258876431734, -0.3482089510309118, -0.010078430180001874]]]
[[[721.5377, 0, 609.5593], [0, 721.5377, 172.854], [0, 0, 1]], [[-0.3908033568067348, 0.04680189239628827, -0.9192835901813511, -0.25421090280362696], [0.009627042501848098, 0.9988597334228055, 0.046760592374237755, 0.6907409340341386], [0.9204238460411897, 0.009424214272196144, -0.39080830060797866, -0.013381958010000972]]]
[[[721.5377, 0, 609.5593], [0, 721.5377, 172.854], [0, 0, 1]], [[-0.42842713053381964, 0.046438523989465186, -0.9023822124312055, -0.261180691039958], [0.010473273027219567, 0.9988665762344512, 0.04643138414653071, 0.6220181313785443], [0.9035156359325802, 0.010441569390913176, -0.4284279043829895, -0.012847900389999722]]]
[[[721.5377, 0, 609.5593], [0, 721.5377, 172.854], [0, 0, 1]], [[-0.4653979766027015, 0.048193548751062035, -0.8837884957572657, -0.28899173143664053], [0.011793381087149245, 0.9987655204988509, 0.0482529918781496, 0.6164502781922522], [0.8850229598923661, 0.01203399025421359, -0.46539181722707257, -0.011520385739999028]]]
[[[721.5377, 0, 609.5593], [0, 721.5377, 172.854], [0, 0, 1]], [[-0.5050328304370217, 0.04775909521284721, -0.8617777607975392, -0.3528427438068703], [0.01252738258061145, 0.9987683170932108, 0.04800951422868781, 0.671770189098735], [0.8630092148212842, 0.013450561149847244, -0.5050090865898403, -0.015899658199998612]]]
[[[721.5377, 0, 609.5593], [0, 721.5377, 172.854], [0, 0, 1]], [[-0.5397342641850854, 0.04858185258672959, -0.8404324646655589, -0.35346578607920787], [0.013160789038544908, 0.9986983622574434, 0.04927854356800219, 0.6043753062466738], [0.8417325689887896, 0.01553656408418057, -0.5396711012088667, -0.013908386229999792]]]
[[[721.5377, 0, 609.5593], [0, 721.5377, 172.854], [0, 0, 1]], [[-0.5737183369703596, 0.04915476818535033, -0.8175763441958245, -0.38336475204109827], [0.013965914509174938, 0.9986395004376826, 0.050240435880855146, 0.5991563959347297], [0.8189335889166394, 0.01740565799446753, -0.5736242847142129, -0.01624298096000132]]]
[[[721.5377, 0, 609.5593], [0, 721.5377, 172.854], [0, 0, 1]], [[-0.6100369691796789, 0.04914061665064391, -0.7908477072289366, -0.4539219995385084], [0.01550803901093512, 0.9986243648364319, 0.05008870811937707, 0.6521081200673519], [0.7922211793180657, 0.018291466595855416, -0.6099598554738385, -0.020294189449998612]]]
[[[721.5377, 0, 609.5593], [0, 721.5377, 172.854], [0, 0, 1]], [[-0.6410612224743839, 0.05200875769685439, -0.7657255370969931, -0.4438003186025294], [0.01938390288997407, 0.998480235650877, 0.05158956603152858, 0.585701334225263], [0.7672449239639195, 0.018229320815633304, -0.6410950931914859, -0.01807403565000243]]]
[[[721.5377, 0, 609.5593], [0, 721.5377, 172.854], [0, 0, 1]], [[-0.6709383096737498, 0.047373736610577054, -0.7399983200600412, -0.47419188463706746], [0.019637259391777163, 0.9987422450237161, 0.04613356748147224, 0.576000890192999], [0.7412531029653174, 0.016421238824740482, -0.6710247240301577, -0.021224975590001804]]]
[[[721.5377, 0, 609.5593], [0, 721.5377, 172.854], [0, 0, 1]], [[-0.7015719494176625, 0.04102947268292994, -0.711416461829259, -0.5619867905052536], [0.0188656055425353, 0.9990605490746732, 0.03901420523509402, 0.618404227245236], [0.7123488532438402, 0.013949969676428763, -0.7016869028478532, -0.024353027339998334]]]
[[[721.5377, 0, 609.5593], [0, 721.5377, 172.854], [0, 0, 1]], [[-0.7276827945723413, 0.0424184353581622, -0.684600925229548, -0.5383715786849177], [0.022726369191731, 0.9990289754018952, 0.03774411809541544, 0.5556790873688685], [0.685537207324846, 0.011907251958573046, -0.7279402137016792, -0.018524169919999167]]]
[[[721.5377, 0, 609.5593], [0, 721.5377, 172.854], [0, 0, 1]], [[-0.7547012793967243, 0.040305890723246154, -0.6548293014595127, -0.6288842372729382], [0.022698443762898896, 0.9991176450001215, 0.03533712071114194, 0.5974906561355141], [0.6556758036771604, 0.011805364137418181, -0.7549502459433288, -0.01522064209000007]]]
[[[721.5377, 0, 609.5593], [0, 721.5377, 172.854], [0, 0, 1]], [[-0.7761362442650208, 0.04219387124331126, -0.6291519749374476, -0.6024581180308519], [0.024908549322303932, 0.9990314853798669, 0.036271964247267904, 0.527659399698803], [0.6300730866406263, 0.012480723104035286, -0.776435533088198, -0.011611938480001527]]]
[[[721.5377, 0, 609.5593], [0, 721.5377, 172.854], [0, 0, 1]], [[-0.7968249862091075, 0.04130768779342388, -0.6027964965741063, -0.6253094537676978], [0.02621702791990919, 0.9990844162770817, 0.03380823271526429, 0.5115915458907276], [0.6036411258354605, 0.01113571198638798, -0.797178391025907, -0.010444641109998543]]]
[[[721.5377, 0, 609.5593], [0, 721.5377, 172.854], [0, 0, 1]], [[-0.8174389065526074, 0.03865698363990108, -0.5747166881776986, -0.7132887863581127], [0.026737328844303954, 0.9992164977305455, 0.029180574178278084, 0.5433604008456645], [0.5753944293268307, 0.008486947564752463, -0.817832025797892, -0.010231018070001596]]]
[[[721.5377, 0, 609.5593], [0, 721.5377, 172.854], [0, 0, 1]], [[-0.834694160775469, 0.0386678963927131, -0.5493545774414716, -0.6687830086023554], [0.029372482105628612, 0.999237953970825, 0.02570542042359667, 0.4770325919472109], [0.5499299185007941, 0.005320256832309831, -0.8351938574995318, -0.010810852049999653]]]
[[[721.5377, 0, 609.5593], [0, 721.5377, 172.854], [0, 0, 1]], [[-0.8498023662634138, 0.03383095039166587, -0.5260146434166064, -0.6907110103081736], [0.02632339438586246, 0.9994168084116085, 0.021751367137734665, 0.4558829807537059], [0.5264437455237827, 0.0046378723517170335, -0.8501973141212221, -0.005149841310000625]]]
[[[721.5377, 0, 609.5593], [0, 721.5377, 172.854], [0, 0, 1]], [[-0.8634787955852034, 0.031064327255432893, -0.5034276285096935, -0.7802193921365548], [0.024695315583938917, 0.9995083588702327, 0.019317917505360414, 0.4840928812673934], [0.5037802208929368, 0.004248307981022079, -0.8638214172595874, -0.0016479492200005552]]]
[[[721.5377, 0, 609.5593], [0, 721.5377, 172.854], [0, 0, 1]], [[-0.8737444091870947, 0.02746471636449087, -0.4856093046568534, -0.7255954509817014], [0.022211870866581725, 0.9996159559518518, 0.016570256457630158, 0.42539354849188354], [0.4858779066873703, 0.003691877772002134, -0.8740188955804191, -0.0015563964799980567]]]
[[[721.5377, 0, 609.5593], [0, 721.5377, 172.854], [0, 0, 1]], [[-0.8816863812372889, 0.023545310269547242, -0.4712480700278835, -0.7400889726299605], [0.019099432017332253, 0.9997165284725243, 0.01421528738575967, 0.41155283595832504], [0.4714491879697212, 0.003532854816601936, -0.8818861503048653, -0.0009613037099995836]]]
[[[721.5377, 0, 609.5593], [0, 721.5377, 172.854], [0, 0, 1]], [[-0.8886206292371117, 0.021130127733192314, -0.4581559723459018, -0.827764629152425], [0.016868045108672645, 0.9997680257728548, 0.013392673238014035, 0.4387381536062994], [0.458332680864513, 0.004172810111592609, -0.8887709161011745, 0.0014419555700015962]]]
[[[721.5377, 0, 609.5593], [0, 721.5377, 172.854], [0, 0, 1]], [[-0.8934435128751274, 0.018263772046125257, -0.44880410418355077, -0.7615405412990673], [0.014473263852211574, 0.9998247397098314, 0.011874952531781485, 0.3949799775346927], [0.44894232807212175, 0.004113939087416253, -0.8935512640975718, 0.0010986328099988896]]]
[[[721.5377, 0, 609.5593], [0, 721.5377, 172.854], [0, 0, 1]], [[-0.896903227880153, 0.015783739550469363, -0.4419451022287329, -0.8475861081447266], [0.012584378004758407, 0.9998690908804657, 0.010170276894173526, 0.4270898779857622], [0.4420477725861715, 0.0035601499510212, -0.8969844436131156, 0.00029754639000145744]]]
[[[721.5377, 0, 609.5593], [0, 721.5377, 172.854], [0, 0, 1]], [[-0.8985934391127074, 0.014179465305817457, -0.43855304576212695, -0.7782651515874472], [0.011634739353777738, 0.9998962752740035, 0.0084894954705027, 0.38657463871941755], [0.4386279334741083, 0.0025261545509230664, -0.8986652071374623, -0.00012969971000131864]]]
[[[721.5377, 0, 609.5593], [0, 721.5377, 172.854], [0, 0, 1]], [[-0.8994014892923742, 0.01125486963748212, -0.43697859097226094, -0.783040807482578], [0.009858734548323174, 0.9999364787229102, 0.005462954542413178, 0.38339098994779014], [0.4370123183753119, 0.0006053335196871421, -0.8994553169332898, 0.0022811889599978485]]]
[[[721.5377, 0, 609.5593], [0, 721.5377, 172.854], [0, 0, 1]], [[-0.8995054614055796, 0.008988859752880845, -0.43681703870370986, -0.8680218071479218], [0.007815100081100356, 0.9999594073110497, 0.004484187870337498, 0.42383848659135176], [0.4368396148614016, 0.0006197826047378544, -0.8995391968987595, 0.003280639650000694]]]
[[[721.5377, 0, 609.5593], [0, 721.5377, 172.854], [0, 0, 1]], [[-0.8993343041208056, 0.00918020891263804, -0.43716533851149103, -0.7935705863523715], [0.007166047390994742, 0.9999547510150089, 0.00625649161284975, 0.38815372708115553], [0.43720299312371624, 0.0024939299974062836, -0.8993593959685037, 0.004730224610000278]]]
[[[721.5377, 0, 609.5593], [0, 721.5377, 172.854], [0, 0, 1]], [[-0.89882991920811, 0.011551238668910582, -0.43814534714128417, -0.7972016880994656], [0.007658216216876014, 0.9999139472278149, 0.010651284601689922, 0.3914956616955028], [0.43823067905010726, 0.006218281475173385, -0.8988410342851384, 0.006774902339998334]]]
[[[721.5377, 0, 609.5593], [0, 721.5377, 172.854], [0, 0, 1]], [[-0.8983330138101213, 0.015019445608530592, -0.4390583247729585, -0.8792733779345873], [0.010430114926911507, 0.99986286674368, 0.012863141518358169, 0.4341843160372475], [0.43919131252955784, 0.0069759559002536, -0.8983664770225133, 0.0004043579099999306]]]
[[[721.5377, 0, 609.5593], [0, 721.5377, 172.854], [0, 0, 1]], [[-0.897745688964072, 0.01800677190783516, -0.44014592365701044, -0.8027503611074908], [0.01318793494466386, 0.9998149589098554, 0.014004510415559664, 0.39955049981692803], [0.44031665460020813, 0.006767873044273494, -0.8978170412595975, -0.0007705688399965993]]]
[[[721.5377, 0, 609.5593], [0, 721.5377, 172.854], [0, 0, 1]], [[-0.8972558638099454, 0.02005169597589543, -0.44105537560170255, -0.8868531514580709], [0.014614001063181146, 0.9997695874253326, 0.015722691636792158, 0.44215906595465204], [0.44126901752966297, 0.007661693538022309, -0.8973421602825399, -0.0009155273500027761]]]
[[[721.5377, 0, 609.5593], [0, 721.5377, 172.854], [0, 0, 1]], [[-0.8967391829916108, 0.022147055720382523, -0.4420049158215964, -0.8097161040497147], [0.015594969539765092, 0.9997081136895622, 0.018452217978103154, 0.4052770854050565], [0.4422845629372475, 0.009653773675403104, -0.8968228197594171, 0.00024414063000222086]]]
[[[721.5377, 0, 609.5593], [0, 721.5377, 172.854], [0, 0, 1]], [[-0.8963137314185745, 0.023939416074311243, -0.44277375625541826, -0.8127216320576305], [0.015642262348149246, 0.9996271157221203, 0.02238189316627168, 0.40862936596424376], [0.443144462336091, 0.013135214923850122, -0.8963539767467767, -0.0009231567400007634]]]
[[[721.5377, 0, 609.5593], [0, 721.5377, 172.854], [0, 0, 1]], [[-0.8958085345342713, 0.026976728438524642, -0.44362070012378313, -0.8993859883418077], [0.014494551000388397, 0.9993984984465243, 0.03150475034228844, 0.4496892105505197], [0.444203756678012, 0.021792141372221303, -0.8956607198753079, -0.003623962399998959]]]
[[[721.5377, 0, 609.5593], [0, 721.5377, 172.854], [0, 0, 1]], [[-0.8952806794716909, 0.033716641529137815, -0.44422482263905877, -0.8173605536883555], [0.017411822890713517, 0.9990183011896749, 0.040734043645562684, 0.41341523881169273], [0.44516214280678673, 0.028733638337178957, -0.8949888516845215, -0.004447937009999237]]]
[[[721.5377, 0, 609.5593], [0, 721.5377, 172.854], [0, 0, 1]], [[-0.8951966650361088, 0.03200872867195514, -0.44452038445613934, -0.8164051085033412], [0.016845113046630396, 0.9991349281376265, 0.038021540498326824, 0.4127234705277071], [0.44535286355279563, 0.026548760125942258, -0.8949614462428537, -0.016380310060000625]]]
