[[[721.5377, 0, 609.5593], [0, 721.5377, 172.854], [0, 0, 1]], [[0.317964267390336, -0.010929892041624754, 0.9480396943814564, 0.0], [-0.0002530996102986973, 0.9999325342427107, 0.011613048847632543, 0.0], [-0.9481026635357134, -0.00393248304620131, 0.3179400493388292, 0.0]]]
[[[721.5377, 0, 609.5593], [0, 721.5377, 172.854], [0, 0, 1]], [[0.3224964333059059, -0.012260175668157198, 0.946491277613035, 0.36829630837611466], [-3.676459355613749e-05, 0.9999159537099679, 0.012964727712142573, -1.2660045606584405], [-0.9465706783718446, -0.004215875813074089, 0.32246887793676254, -0.010871887199996877]]]
[[[721.5377, 0, 609.5593], [0, 721.5377, 172.854], [0, 0, 1]], [[0.3267405398909866, -0.01281808034546894, 0.9450271511485815, 0.34169451294951214], [0.0007420290417498702, 0.9999111965012643, 0.013305957474436652, -1.1579727476241315], [-0.9451137862631398, -0.0036463581375695484, 0.3267210355757413, -0.011779785160001666]]]
[[[721.5377, 0, 609.5593], [0, 721.5377, 172.854], [0, 0, 1]], [[0.330834320500678, -0.011233724957866729, 0.9436219877696925, 0.3485874850503469], [0.001393482398523001, 0.9999338694498973, 0.01141555665576504, -1.163929143598776], [-0.943687824752264, -0.002461737298530666, 0.3308280962430691, -0.012985229489999028]]]
[[[721.5377, 0, 609.5593], [0, 721.5377, 172.854], [0, 0, 1]], [[0.3358370054114659, -0.012395045568347536, 0.9418385576316238, 0.389918356173603], [0.0022424170092890236, 0.9999210997547044, 0.012359847543512287, -1.2866945494981734], [-0.9419174472119175, -0.0020388993847180368, 0.335838302650373, -0.008735656740000763]]]
[[[721.5377, 0, 609.5593], [0, 721.5377, 172.854], [0, 0, 1]], [[0.3404995429633701, -0.013030883147538995, 0.9401543795176042, 0.3620866246123909], [0.002193868912874536, 0.9999122479080125, 0.013064586588884828, -1.1769057840012225], [-0.940242122105221, -0.0023859102959941383, 0.340498251465599, -0.004295349119999514]]]
[[[721.5377, 0, 609.5593], [0, 721.5377, 172.854], [0, 0, 1]], [[0.34576702046765034, -0.012977341528181332, 0.9382306518995125, 0.4074208734759315], [0.002213630707447057, 0.9999128546417165, 0.013014720947618796, -1.3027513910793995], [-0.9383177859318316, -0.0024231651025632354, 0.34576561551847695, -0.00724792481000236]]]
[[[721.5377, 0, 609.5593], [0, 721.5377, 172.854], [0, 0, 1]], [[0.35078039599063676, -0.010186124947925807, 0.9364023476301185, 0.3762675887711109], [0.002039460202024436, 0.9999467787933829, 0.010113366542447837, -1.1910783089271992], [-0.936455527182544, -0.0016378153994844318, 0.3507825012311486, -0.007759094240000763]]]
[[[721.5377, 0, 609.5593], [0, 721.5377, 172.854], [0, 0, 1]], [[0.3557858735785921, -0.009044902114736856, 0.9345237299863781, 0.3843222004366548], [0.0019682275305825197, 0.9999581996579014, 0.008928886678443257, -1.1950404896528464], [-0.9345654274807655, -0.001337416413632333, 0.3557888040327163, -0.006660461419997432]]]
[[[721.5377, 0, 609.5593], [0, 721.5377, 172.854], [0, 0, 1]], [[0.36029533929745067, -0.01028517397786864, 0.9327815841218029, 0.3918377752290618], [0.002196387595235944, 0.9999457969875433, 0.010177375323655102, -1.1978895439292414], [-0.9328357006258211, -0.0016181109949641554, 0.3602984004332264, -0.0017776489300018739]]]
[[[721.5377, 0, 609.5593], [0, 721.5377, 172.854], [0, 0, 1]], [[0.3644628134595803, -0.01344931657010676, 0.9311208157317311, 0.4397229729045628], [0.002705092672666816, 0.9999067706452754, 0.01338403867929736, -1.3191043377118694], [-0.9312140141120941, -0.002359216296505107, 0.3644652164743665, 0.0005035400400004164]]]
[[[721.5377, 0, 609.5593], [0, 721.5377, 172.854], [0, 0, 1]], [[0.36735402454919547, -0.015353091503281664, 0.9299544629866566, 0.4070548970517314], [0.0028782776790771463, 0.999877724111157, 0.015370502395661496, -1.2059234704380941], [-0.9300767367078435, -0.002969748741016632, 0.3673532964699024, -0.0010986328099988896]]]
[[[721.5377, 0, 609.5593], [0, 721.5377, 172.854], [0, 0, 1]], [[0.37026517988958013, -0.01566950632606844, 0.9287939293152352, 0.45208095686276717], [0.0030110628164379087, 0.999872710868195, 0.01566829798678192, -1.328618020446815], [-0.9289212184367694, -0.003004768307944991, 0.3702652310241447, -0.003135681149998959]]]
[[[721.5377, 0, 609.5593], [0, 721.5377, 172.854], [0, 0, 1]], [[0.3730702960753892, -0.015208225459094305, 0.9276784270772965, 0.4156582407200863], [0.0029551516197500478, 0.9998800537456076, 0.015203460151727277, -1.2117399329641503], [-0.9277983731744337, -0.002930528973790628, 0.3730704903028489, -0.004547119139999722]]]
[[[721.5377, 0, 609.5593], [0, 721.5377, 172.854], [0, 0, 1]], [[0.3757343985746713, -0.016915748443369617, 0.9265729972227394, 0.41918683377419447], [0.0030709456174577284, 0.999850633634744, 0.017008224869615583, -1.2168311455472973], [-0.9267223052353627, -0.003545119857131934, 0.37573022383680277, -0.001823425300003123]]]
[[[721.5377, 0, 609.5593], [0, 721.5377, 172.854], [0, 0, 1]], [[0.3786374997487922, -0.020309844201658152, 0.9253221893008337, 0.4687013063316816], [0.0036403330807199185, 0.9997841553942883, 0.020454598446092532, -1.3406570637475856], [-0.9255378932053754, -0.004376397037958002, 0.3786297074846628, -0.0016326904300001388]]]
[[[721.5377, 0, 609.5593], [0, 721.5377, 172.854], [0, 0, 1]], [[0.3811618097393413, -0.022816692489503552, 0.9242267434672455, 0.4301287212234921], [0.0041979047279590885, 0.9997278154687071, 0.022949348009514845, -1.2220028921032113], [-0.9244988114606342, -0.004867599203537247, 0.3811538456920887, -0.003929138179998404]]]
[[[721.5377, 0, 609.5593], [0, 721.5377, 172.854], [0, 0, 1]], [[0.38369971464675745, -0.02344823111207241, 0.9231601753962914, 0.4345315355315419], [0.0044787464594173865, 0.9997130720250682, 0.023531137931534878, -1.2208749722964671], [-0.9234470584771761, -0.004894290542612149, 0.38369463914672475, -0.003929138179998404]]]
[[[721.5377, 0, 609.5593], [0, 721.5377, 172.854], [0, 0, 1]], [[0.386780464598736, -0.020665648099333984, 0.9219402384067096, 0.47914992480610213], [0.004127491005054255, 0.9997776507504644, 0.020678802622145314, -1.3463035595509534], [-0.922162586544688, -0.004192856844317655, 0.38677976152934107, -0.00671386719000111]]]
[[[721.5377, 0, 609.5593], [0, 721.5377, 172.854], [0, 0, 1]], [[0.38997452736605503, -0.019218851370970968, 0.9206250614433665, 0.4392465836964233], [0.0037637610188286817, 0.9998070869536495, 0.019277525262612994, -1.2210615122901525], [-0.9208179527510392, -0.004052731083857386, 0.3899716313555985, -0.00244140625]]]
[[[721.5377, 0, 609.5593], [0, 721.5377, 172.854], [0, 0, 1]], [[0.3936587046967815, -0.016805432716136885, 0.9191030419097065, 0.4425084568628266], [0.0029918637592675967, 0.9998510058056146, 0.017000439428053325, -1.2247523921499581], [-0.9192518006333728, -0.003942539882401307, 0.39365033140031463, -0.0017013549799997918]]]
[[[721.5377, 0, 609.5593], [0, 721.5377, 172.854], [0, 0, 1]], [[0.3982517263524896, -0.014237330811365355, 0.9171656670790886, 0.49245438939241154], [0.0021856274166136085, 0.9998914274044071, 0.014572454699640029, -1.3450839821024063], [-0.9172735608803175, -0.0037989228137803267, 0.3982396046294209, -0.002021789549999653]]]
[[[721.5377, 0, 609.5593], [0, 721.5377, 172.854], [0, 0, 1]], [[0.40254295565404985, -0.013302577353103279, 0.9153044358512998, 0.4535501810964026], [0.0020187698468053933, 0.999904874566141, 0.013644280383201061, -1.223146940992946], [-0.9153988712149514, -0.0036446199574825026, 0.40253151842279167, -0.00013732909999930598]]]
[[[721.5377, 0, 609.5593], [0, 721.5377, 172.854], [0, 0, 1]], [[0.40669448737002234, -0.01276605007648696, 0.9134750253336319, 0.4597926228746558], [0.0018842290414680652, 0.9999119550392377, 0.013135138009513748, -1.2218620686978705], [-0.91356228229046, -0.0036207920479242837, 0.4066827341321385, 0.0004501342699967381]]]
[[[721.5377, 0, 609.5593], [0, 721.5377, 172.854], [0, 0, 1]], [[0.4110533064930413, -0.014997955598921834, 0.9114879267159771, 0.5128626614494147], [0.002517732987124155, 0.9998795185863019, 0.01531696223899088, -1.342385317080886], [-0.9116078324815684, -0.00400120475330804, 0.41104154305712054, -0.10236358641999743]]]
[[[721.5377, 0, 609.5593], [0, 721.5377, 172.854], [0, 0, 1]], [[0.41490182194295794, -0.018067849533490506, 0.9096867762926144, 0.47097560930486965], [0.0031035235094764796, 0.9998251031649232, 0.018442646856580532, -1.2193591767737497], [-0.9098608939229338, -0.00482865348576183, 0.41488533092322544, -0.0012893676800018739]]]
[[[721.5377, 0, 609.5593], [0, 721.5377, 172.854], [0, 0, 1]], [[0.4187134612888672, -0.02107341639732594, 0.9078738615341017, 0.4746235439131323], [0.0038514350321288537, 0.9997629318233155, 0.02143003966962589, -1.2138553949410442], [-0.9081102376824576, -0.005476428890560252, 0.4186953605462056, -0.0016860961899993754]]]
[[[721.5377, 0, 609.5593], [0, 721.5377, 172.854], [0, 0, 1]], [[0.4230664661831391, -0.023201103047673775, 0.9058015643664357, 0.5259551359001526], [0.004442784266012412, 0.9997132243058486, 0.023531485630315714, -1.3337568409739982], [-0.9060877589170249, -0.005931101531360356, 0.42304821849920154, -0.0027999877899986814]]]
[[[721.5377, 0, 609.5593], [0, 721.5377, 172.854], [0, 0, 1]], [[0.42688137267573345, -0.02490527750525172, 0.9039646125899331, 0.4817508203046006], [0.004918317904942562, 0.9996698395136753, 0.025219478894073354, -1.2083228033271807], [-0.9042942573142149, -0.006319740428933186, 0.42686292538640946, -0.003074646000001735]]]
[[[721.5377, 0, 609.5593], [0, 721.5377, 172.854], [0, 0, 1]], [[0.43097162699293656, -0.026795174261443032, 0.9019675578219873, 0.4864208735849816], [0.0057426057883842845, 0.9996202259538726, 0.026952297540058415, -1.2072104561828643], [-0.9023472054624098, -0.006436031403553317, 0.4309618292772019, -0.005996704099999306]]]
[[[721.5377, 0, 609.5593], [0, 721.5377, 172.854], [0, 0, 1]], [[0.4353445248245482, -0.030693732045036223, 0.8997405401105565, 0.5398482825554809], [0.007445552536062922, 0.9995072002087315, 0.030494597527028492, -1.3221879864851023], [-0.90023314116551, -0.006576590609901287, 0.435358518928054, -0.006233215329999098]]]
[[[721.5377, 0, 609.5593], [0, 721.5377, 172.854], [0, 0, 1]], [[0.4389200542391488, -0.03380205254303306, 0.8978900863861794, 0.4973549775994559], [0.009367536925674384, 0.9994099744576056, 0.03304470012867689, -1.1971519468243546], [-0.8984772869909672, -0.00609296303337577, 0.438977722171439, -0.006126403810000625]]]
[[[721.5377, 0, 609.5593], [0, 721.5377, 172.854], [0, 0, 1]], [[0.4421939123256792, -0.03563764884152344, 0.8962111926812552, 0.5016685834705205], [0.011103168518656005, 0.9993512534142003, 0.03426064722554315, -1.1936256947370927], [-0.8968507476447549, -0.005199065734827188, 0.44230273135549264, -0.006278991700000347]]]
[[[721.5377, 0, 609.5593], [0, 721.5377, 172.854], [0, 0, 1]], [[0.44565472884624885, -0.03623197765090348, 0.8944714117580734, 0.5558489584051354], [0.01212256898646455, 0.9993332524237871, 0.0344397143028786, -1.309522136210685], [-0.8951228440712173, -0.004504930143734058, 0.44579681428455187, -0.004425048830000833]]]
[[[721.5377, 0, 609.5593], [0, 721.5377, 172.854], [0, 0, 1]], [[0.4488293535536942, -0.03381434891625093, 0.8929774919873081, 0.5060764909826904], [0.011320978589102776, 0.9994187834034496, 0.03215479473039747, -1.189575305544836], [-0.8935457720969632, -0.004322636665157017, 0.4489512980044751, 0.0010299682599992366]]]
[[[721.5377, 0, 609.5593], [0, 721.5377, 172.854], [0, 0, 1]], [[0.45187788779100496, -0.030704065798125877, 0.891551251958632, 0.5056674030415433], [0.009932971585353974, 0.9995187285674787, 0.02938787706411395, -1.18843225805404], [-0.8920245011214796, -0.004423978561801679, 0.45196539448575074, 0.0039291381900028455]]]
[[[721.5377, 0, 609.5593], [0, 721.5377, 172.854], [0, 0, 1]], [[0.4549263125494745, -0.028191856046401873, 0.890082731774298, 0.5590521906556366], [0.0081108306045613, 0.9995884911686013, 0.027514773307869205, -1.3044889881682307], [-0.8904921473977421, -0.005297884100117141, 0.4549677657230452, 0.0046539306599981956]]]
[[[721.5377, 0, 609.5593], [0, 721.5377, 172.854], [0, 0, 1]], [[0.4572740145026624, -0.02606284824371394, 0.8889438697702144, 0.5115874394568082], [0.006755343114989509, 0.9996434347967733, 0.025833478416736527, -1.183475305642777], [-0.8893001973462155, -0.005807857533924645, 0.4572870299831911, 0.0021820068400018044]]]
[[[721.5377, 0, 609.5593], [0, 721.5377, 172.854], [0, 0, 1]], [[0.45941889246231515, -0.023285196908273235, 0.8879144558197275, 0.515486708826454], [0.005554645049811032, 0.9997120837734793, 0.023342996287075035, -1.1795249164489148], [-0.8882023571051083, -0.0057921638642852435, 0.4594159593121455, -0.0027160644600030537]]]
[[[721.5377, 0, 609.5593], [0, 721.5377, 172.854], [0, 0, 1]], [[0.4616053083651917, -0.021166605161542625, 0.8868328557935885, 0.5713044642436501], [0.004928747168485638, 0.9997610553047626, 0.021296472648230397, -1.294775416878683], [-0.8870717258150129, -0.0054595898969645815, 0.4615993350707207, -0.008766174309997155]]]
[[[721.5377, 0, 609.5593], [0, 721.5377, 172.854], [0, 0, 1]], [[0.4632228996520744, -0.020507814225054575, 0.8860045004364453, 0.5222605817088734], [0.0049052506226693144, 0.9997762450418602, 0.020576646138938916, -1.1770025584991668], [-0.8862282345729304, -0.005185499562140259, 0.46321984720005044, -0.005661010739999028]]]
[[[721.5377, 0, 609.5593], [0, 721.5377, 172.854], [0, 0, 1]], [[0.46447039847239485, -0.0198122855719644, 0.8853669986414162, 0.5260243371013582], [0.004813014529668959, 0.9997914266912217, 0.019847871570235195, -1.177078754130358], [-0.8855755664165718, -0.004957464588505524, 0.4644688791628797, -0.005958557130000486]]]
[[[721.5377, 0, 609.5593], [0, 721.5377, 172.854], [0, 0, 1]], [[0.4657389680548629, -0.019436778914776, 0.8847086668845341, 0.5822228658765531], [0.004731604953128905, 0.999799159398086, 0.01947441350716934, -1.2935337043246213], [-0.8849095013331922, -0.004883901339995801, 0.46573739591957, -0.004188537600001041]]]
[[[721.5377, 0, 609.5593], [0, 721.5377, 172.854], [0, 0, 1]], [[0.46673755000492234, -0.01790313972674814, 0.8842146441918541, 0.534157343570405], [0.004201684921676173, 0.9998286871498027, 0.01802615311487639, -1.1763286984213066], [-0.8843858915989228, -0.004698291202824829, 0.4667328152171774, -0.0035781860400021515]]]
[[[721.5377, 0, 609.5593], [0, 721.5377, 172.854], [0, 0, 1]], [[0.4676627549619983, -0.016800073748987846, 0.8837473084221431, 0.5336389481199714], [0.004449945406543505, 0.9998514369241137, 0.016652389217882927, -1.1802779755644133], [-0.883895777570655, -0.003855074942676303, 0.4676680369556525, -0.002548217769998473]]]
[[[721.5377, 0, 609.5593], [0, 721.5377, 172.854], [0, 0, 1]], [[0.46830968668823697, -0.015608570372340367, 0.8834265164035416, 0.589141170602578], [0.004805962709117764, 0.9998741616000698, 0.015118322889661093, -1.3014331477772167], [-0.8835513228309966, -0.002834342161627554, 0.46832576955374444, -0.0042343139599978485]]]
[[[721.5377, 0, 609.5593], [0, 721.5377, 172.854], [0, 0, 1]], [[0.4684560067035666, -0.01721303569889265, 0.8833191276007649, 0.538121788201208], [0.005556617272412071, 0.9998478154173261, 0.01653692866552094, -1.182349833612287], [-0.8834693507914329, -0.0028385572443133072, 0.46848036117316044, -0.0022506713900014574]]]
[[[721.5377, 0, 609.5593], [0, 721.5377, 172.854], [0, 0, 1]], [[0.4681032782450462, -0.01975318596805, 0.8834529600042963, 0.5392851975610986], [0.006202731430007644, 0.9997989482234387, 0.019068016522777058, -1.1856432703258457], [-0.8836519942935952, -0.0034459796019907134, 0.4681316889567877, 0.0020828247100013186]]]
[[[721.5377, 0, 609.5593], [0, 721.5377, 172.854], [0, 0, 1]], [[0.46789171504693533, -0.020291348836464117, 0.8835528304254558, 0.5957458869016343], [0.005816193564587206, 0.9997854418658144, 0.019880697311647613, -1.310300110953772], [-0.8837666631429683, -0.0041630992751824514, 0.46790934348607344, 0.0008010864199974321]]]
[[[721.5377, 0, 609.5593], [0, 721.5377, 172.854], [0, 0, 1]], [[0.4679442800074285, -0.01769842733518336, 0.8835807356875718, 0.5418752702040179], [0.0049332513514561225, 0.999836187178522, 0.017414414702171373, -1.198346273528383], [-0.8837442015874462, -0.0037900498911070508, 0.46795493552519585, 0.0018081665100027067]]]
[[[721.5377, 0, 609.5593], [0, 721.5377, 172.854], [0, 0, 1]], [[0.4678055997108187, -0.011937081168561778, 0.8837507719783765, 0.5429838464583384], [0.0031942262749426213, 0.999925093264449, 0.011815446609729623, -1.2067368189861662], [-0.8838256150382301, -0.0027044321507615713, 0.46780868765878664, 0.002128601069998126]]]
[[[721.5377, 0, 609.5593], [0, 721.5377, 172.854], [0, 0, 1]], [[0.46719657186386016, -0.007623731044641537, 0.8841206037434122, 0.6013408089208315], [0.0013754306812510913, 0.999967881302111, 0.007895856800139026, -1.3355032253977972], [-0.8841524028294545, -0.002472870624637974, 0.4671920520318981, 0.007766723629998751]]]
[[[721.5377, 0, 609.5593], [0, 721.5377, 172.854], [0, 0, 1]], [[0.4667767789186782, -0.005358655789592902, 0.8843589336182633, 0.550731338601486], [-0.000148901797525857, 0.9999811521614914, 0.006137845715799957, -1.221868186952951], [-0.8843751559663795, -0.002996686487594722, 0.4667671832718502, 0.011161804200000347]]]
[[[721.5377, 0, 609.5593], [0, 721.5377, 172.854], [0, 0, 1]], [[0.4661974446490021, -0.003383603106592786, 0.8846742303428746, 0.6069061295090641], [-0.0018144496161408778, 0.9999869257760606, 0.0047808000934514315, -1.3457879868965534], [-0.8846788402439222, -0.0038339936046001234, 0.46618521010185293, 0.009246826169999167]]]
[[[721.5377, 0, 609.5593], [0, 721.5377, 172.854], [0, 0, 1]], [[0.46550642160411554, -0.002343403564524972, 0.885041400107964, 0.5533079595423822], [-0.0025561214510214755, 0.9999887642013778, 0.003992206674099022, -1.2230834260599224], [-0.8850408113123706, -0.00412067115102195, 0.4654952012435854, 3.051758000083282e-05]]]
[[[721.5377, 0, 609.5593], [0, 721.5377, 172.854], [0, 0, 1]], [[0.4647222527200505, -0.002597535841932623, 0.885452698134887, 0.5558108655880787], [-0.0031090382536445274, 0.9999847459541809, 0.004565275467049932, -1.2208642936058076], [-0.8854510498655128, -0.004874491409629149, 0.4647070879872165, 0.0017318725600006246]]]
[[[721.5377, 0, 609.5593], [0, 721.5377, 172.854], [0, 0, 1]], [[0.46360147274159286, -0.006417946488223275, 0.8860205891708728, 0.555314189827847], [-0.0024135310713225937, 0.9999609094898759, 0.008506136605297763, -1.225081534672119], [-0.8860405461036159, -0.006081895679352667, 0.4635678604102657, 0.0014266967800011798]]]
[[[721.5377, 0, 609.5593], [0, 721.5377, 172.854], [0, 0, 1]], [[0.46220081557707754, -0.006001096494014265, 0.8867549790786369, 0.6114600767661793], [-0.002261104427162314, 0.9999658752674971, 0.00794579808941362, -1.3532946606614076], [-0.8867724023032368, -0.00567759996634069, 0.4621714739920329, -0.003318786619999514]]]
[[[721.5377, 0, 609.5593], [0, 721.5377, 172.854], [0, 0, 1]], [[0.4613432756243701, -0.004316515197390874, 0.887211220472739, 0.5546088834062843], [-0.0012876124256327025, 0.9999838542644687, 0.005534732569813112, -1.2338298111295884], [-0.8872207865522639, -0.003695795845103923, 0.4613302688992491, -0.0034408569400028455]]]
[[[721.5377, 0, 609.5593], [0, 721.5377, 172.854], [0, 0, 1]], [[0.4604744534492953, -0.0028766423858165276, 0.8876682953948266, 0.5535570349401047], [-0.00017590124977370222, 0.9999944337260247, 0.0033319027173004403, -1.2357527255095329], [-0.8876729390824771, -0.001690398045239584, 0.4604713843173379, -0.001106262199996877]]]
[[[721.5377, 0, 609.5593], [0, 721.5377, 172.854], [0, 0, 1]], [[0.4597010302713544, -0.006767022212198735, 0.8880479548863535, 0.6105248408503008], [0.003147622142742049, 0.9999771025871376, 0.0059905572595509785, -1.3570735261034494], [-0.8880681591197276, 4.137406250195236e-05, 0.45971180433602654, 0.007736206049997918]]]
[[[721.5377, 0, 609.5593], [0, 721.5377, 172.854], [0, 0, 1]], [[0.45837415265783765, -0.010484346710921374, 0.8886974820765807, 0.5514241263055807], [0.0034566650084632802, 0.9999438852340362, 0.0100138828673042, -1.2315047833063717], [-0.8887526020452646, -0.0015181755847118608, 0.4583846719739496, 0.014167785650002429]]]
[[[721.5377, 0, 609.5593], [0, 721.5377, 172.854], [0, 0, 1]], [[0.4575206899589939, -0.020831877173138336, 0.8889549207653273, 0.5502625570293548], [0.003575596984597504, 0.9997605526561919, 0.02158824816398144, -1.2330357057227705], [-0.8891917866049202, -0.006698525660859154, 0.45748562424224976, 0.016899108879997016]]]
[[[721.5377, 0, 609.5593], [0, 721.5377, 172.854], [0, 0, 1]], [[0.45746769824755557, -0.016212333480927214, 0.8890784359679335, 0.6009005897243672], [-0.0004995549250534345, 0.9998289407105505, 0.01848890917537331, -1.3609191327693353], [-0.8892260992036617, -0.008902222235012722, 0.4573813451971102, -0.0004577636699991672]]]
[[[721.5377, 0, 609.5593], [0, 721.5377, 172.854], [0, 0, 1]], [[0.4583373764970154, -0.0007931759425433921, 0.8887779363697984, 0.540405821720777], [-0.0059903522255689585, 0.999974130938392, 0.003981599455135452, -1.239835594961774], [-0.8887581026275073, -0.007149008737698137, 0.45832076833591284, -0.007530212399998959]]]
[[[721.5377, 0, 609.5593], [0, 721.5377, 172.854], [0, 0, 1]], [[0.4591176681665425, 0.011503846654163163, 0.8883009784355043, 0.5356979666316128], [-0.008705914218763652, 0.9999264013047018, -0.00844979475751728, -1.239538042742845], [-0.8883328057856088, -0.003854022053146113, 0.459184029207334, -0.00854492188000222]]]
[[[721.5377, 0, 609.5593], [0, 721.5377, 172.854], [0, 0, 1]], [[0.45924456013188464, 0.017639121024026136, 0.8881347281796672, 0.5897496655420609], [-0.009939144407723685, 0.9998422799628599, -0.014718308568321587, -1.3628498330853087], [-0.888254269563459, -0.0020679961725479385, 0.4593474458338874, 0.0014419555700015962]]]
[[[721.5377, 0, 609.5593], [0, 721.5377, 172.854], [0, 0, 1]], [[0.45944582674265677, 0.013792818340039458, 0.8880986940937337, 0.5402126630123392], [-0.008827959386154792, 0.9999009441475246, -0.010962163379795192, -1.2397755284135734], [-0.8881619218486193, -0.002803578985438511, 0.45952207838474896, 0.01167297362999875]]]
[[[721.5377, 0, 609.5593], [0, 721.5377, 172.854], [0, 0, 1]], [[0.45982774243572033, 0.010999743925733496, 0.8879400052481233, 0.5412646147034836], [-0.008642100248109501, 0.9999313572285985, -0.007911696042877675, -1.239957730065683], [-0.8879660812158146, -0.004035649209427096, 0.4598912394748219, 0.009147644050003123]]]
[[[721.5377, 0, 609.5593], [0, 721.5377, 172.854], [0, 0, 1]], [[0.4607800419966638, 0.0068929076774988055, 0.8874876003197465, 0.5948372670404906], [-0.007444088325553282, 0.9999646811061289, -0.0039015496048635033, -1.363280312121733], [-0.8874831482606045, -0.004808779893832451, 0.4608150791688338, 0.00406646727999771]]]
[[[721.5377, 0, 609.5593], [0, 721.5377, 172.854], [0, 0, 1]], [[0.46133675907771443, 0.00347089174792111, 0.8872183201637267, 0.5467602224035636], [-0.006547730889810836, 0.999978434688287, -0.0005073249039280549, -1.236023136418622], [-0.8872009478939173, -0.005575219173964532, 0.4613495366718132, -0.002265930180001874]]]
[[[721.5377, 0, 609.5593], [0, 721.5377, 172.854], [0, 0, 1]], [[0.46186751704675544, 0.0031482375186508613, 0.8869433382677787, 0.5459232088828673], [-0.006593144722394014, 0.9999782582407214, -0.00011614009996142168, -1.2365548389463827], [-0.8869244201958444, -0.00579410445016399, 0.46187823201996214, -0.003997802729998057]]]
[[[721.5377, 0, 609.5593], [0, 721.5377, 172.854], [0, 0, 1]], [[0.4623506508449179, 0.010186912825586892, 0.8866386538327576, 0.6031373883042299], [-0.008650665212872086, 0.9999382373770652, -0.00697763732381245, -1.3700479424043848], [-0.8866549732870479, -0.004443899001074294, 0.462410218428413, -0.0019226074199991672]]]
[[[721.5377, 0, 609.5593], [0, 721.5377, 172.854], [0, 0, 1]], [[0.46350909794745077, 0.015923351906180702, 0.8859490747125438, 0.5499140240597404], [-0.01144126390142099, 0.9998627200654364, -0.011984928188555033, -1.2520679643740602], [-0.8860182919106572, -0.004581253913363837, 0.4636276507201687, 0.005111694329997363]]]
[[[721.5377, 0, 609.5593], [0, 721.5377, 172.854], [0, 0, 1]], [[0.4647843741515664, 0.019747941267357714, 0.8852036513482294, 0.5477426809379922], [-0.01362719754714918, 0.9997923789651114, -0.015149206259529962, -1.2511745268315972], [-0.8853190300855097, -0.005021730676151463, 0.4649569842356049, 0.0023956298900031925]]]
[[[721.5377, 0, 609.5593], [0, 721.5377, 172.854], [0, 0, 1]], [[0.4651051703606796, 0.0229417955777576, 0.8849581089065357, 0.6015449563457205], [-0.014780433553120536, 0.9997260397968941, -0.018148943109745498, -1.3733285877679595], [-0.8851320349460554, -0.004638897249063794, 0.4653168397388683, -0.0013885498100023597]]]
[[[721.5377, 0, 609.5593], [0, 721.5377, 172.854], [0, 0, 1]], [[0.46518082268950833, 0.022714559338278484, 0.8849242063566687, 0.5523921905827], [-0.014796341565016328, 0.9997305896087783, -0.017883413454251255, -1.2487301444265453], [-0.8850920124361102, -0.004774619833259041, 0.4653915905205468, 0.0012741088900014574]]]
[[[721.5377, 0, 609.5593], [0, 721.5377, 172.854], [0, 0, 1]], [[0.46550129231664905, 0.021856633765704007, 0.8847772795522959, 0.5593382613404907], [-0.014460325706580221, 0.9997494031133909, -0.01708888395647838, -1.250685873393034], [-0.8849290625987991, -0.004839270074118243, 0.46570069318518353, 0.003585815430000139]]]
[[[721.5377, 0, 609.5593], [0, 721.5377, 172.854], [0, 0, 1]], [[0.4658639279674553, 0.02924836706111536, 0.8843728476400616, 0.6201467254499727], [-0.0154625736534838, 0.9995700344498106, -0.024912949364032107, -1.3763591766240848], [-0.8847212608696279, -0.002068635845793346, 0.46611587755728007, 0.003654479979999792]]]
[[[721.5377, 0, 609.5593], [0, 721.5377, 172.854], [0, 0, 1]], [[0.466300324522556, 0.04014898871958596, 0.8837149235216941, 0.5580845014929975], [-0.01739546943912356, 0.9991925555631884, -0.03621649555240256, -1.2544829805773912], [-0.8844554284943654, 0.0015151276841359749, 0.4666222234259201, 0.006523132319998126]]]
[[[721.5377, 0, 609.5593], [0, 721.5377, 172.854], [0, 0, 1]], [[0.4670233303491666, 0.04086926013864847, 0.8833000127280043, 0.5613233309548881], [-0.018341955673682443, 0.9991641326637237, -0.03653229612840214, -1.260681424239083], [-0.8840547390131664, 0.0008599849231681387, 0.4673825829599281, 0.020500183110002013]]]
[[[721.5377, 0, 609.5593], [0, 721.5377, 172.854], [0, 0, 1]], [[0.46803250683932907, 0.038543896495533, 0.8828702852540882, 0.6199933841455023], [-0.018499248770956947, 0.9992567805917074, -0.033818105156951966, -1.38394238034669], [-0.883517600467927, -0.0005044645062368257, 0.46839768912640717, 0.020851135249998265]]]
[[[721.5377, 0, 609.5593], [0, 721.5377, 172.854], [0, 0, 1]], [[0.46854303950624937, 0.03669808649824658, 0.8826781239940257, 0.5678396404614083], [-0.017803826020482666, 0.9993261696265296, -0.03209720359471624, -1.2595928806715997], [-0.8832612546179515, -0.000676126419756397, 0.4688806873222514, 0.009223937990000763]]]
[[[721.5377, 0, 609.5593], [0, 721.5377, 172.854], [0, 0, 1]], [[0.46876103688750426, 0.031038059522250055, 0.8827795473147558, 0.5707687933817308], [-0.016280987576964473, 0.999516297909229, -0.02649716319435196, -1.260275973853174], [-0.8831749655304268, -0.0019516851494680216, 0.4690396264553846, 0.00834655762000125]]]
[[[721.5377, 0, 609.5593], [0, 721.5377, 172.854], [0, 0, 1]], [[0.46892662442305155, 0.024997255652233864, 0.8828833207831368, 0.6304804549705811], [-0.015299936542113451, 0.9996793316269409, -0.020177855676954844, -1.3915382647674626], [-0.883104599041931, -0.004046125031382445, 0.4691587109105199, 0.009864807130000486]]]
[[[721.5377, 0, 609.5593], [0, 721.5377, 172.854], [0, 0, 1]], [[0.46911160602083624, 0.023306615241352427, 0.8828312991634036, 0.5753226244382643], [-0.015398016388586521, 0.9997156030887668, -0.018210272709651497, -1.2712294769929084], [-0.8830046444882657, -0.005051200535973198, 0.46933706777250916, 0.009140014650000694]]]
[[[721.5377, 0, 609.5593], [0, 721.5377, 172.854], [0, 0, 1]], [[0.46940866649227037, 0.025057771668446357, 0.8826254085969656, 0.5744149003510418], [-0.015868298117275213, 0.9996752131543705, -0.019941547573476697, -1.2751088988539074], [-0.8828384342204466, -0.004645027855240629, 0.46965383292315865, 0.0034332275299959747]]]
[[[721.5377, 0, 609.5593], [0, 721.5377, 172.854], [0, 0, 1]], [[0.46964578697253456, 0.028470154406483178, 0.8823957644317088, 0.636341775472511], [-0.016497453103836227, 0.9995883946252312, -0.023470734365155902, -1.4061726361487226], [-0.882700781023805, -0.003534351230988879, 0.46992216327955905, 0.002311706550003123]]]
[[[721.5377, 0, 609.5593], [0, 721.5377, 172.854], [0, 0, 1]], [[0.4696318361328033, 0.02959064756226427, 0.8823663253249059, 0.5800519491214695], [-0.016938976424203847, 0.9995561882787591, -0.024505051547344673, -1.2800616243657814], [-0.8826998411511311, -0.0034380300294814905, 0.4699246433006939, 0.0031585693299973627]]]
[[[721.5377, 0, 609.5593], [0, 721.5377, 172.854], [0, 0, 1]], [[0.4693935125158853, 0.029660020540463475, 0.8824908008526428, 0.5842604693495946], [-0.017297464088644254, 0.9995527664142194, -0.024393951909909315, -1.2850626248940709], [-0.88281964644207, -0.0038144901651715715, 0.46969662711230775, 0.005035400389999722]]]
[[[721.5377, 0, 609.5593], [0, 721.5377, 172.854], [0, 0, 1]], [[0.4690812639886382, 0.030683009971128963, 0.8826218446616495, 0.6394198552640586], [-0.017826626414172177, 0.9995216377762336, -0.025272653359021728, -1.4138941040582276], [-0.8829750727883041, -0.0038792417077741195, 0.46940384778808714, -0.0005874633699960441]]]
[[[721.5377, 0, 609.5593], [0, 721.5377, 172.854], [0, 0, 1]], [[0.4688587471819018, 0.031897991670653165, 0.8826969997220997, 0.5833724025067346], [-0.018795352936420692, 0.9994817196234247, -0.026134782313941344, -1.2888134598598906], [-0.8830731622572463, -0.004337080352110236, 0.4692152809052647, -0.001892089850002776]]]
[[[721.5377, 0, 609.5593], [0, 721.5377, 172.854], [0, 0, 1]], [[0.4686249584523463, 0.03409955040652628, 0.8827388452864241, 0.5835508691282038], [-0.020412138791612695, 0.9994059094751276, -0.02776999632958299, -1.2938384868493864], [-0.8831613628921323, -0.005004874450561775, 0.4690425975604407, -0.0008087158199998612]]]
[[[721.5377, 0, 609.5593], [0, 721.5377, 172.854], [0, 0, 1]], [[0.46834303282155754, 0.03768498715677932, 0.8827426835440205, 0.6412417094764549], [-0.02204852847995352, 0.9992773473487411, -0.030962000380013274, -1.4270658512760646], [-0.8832715697900472, -0.0049623400383933, 0.4688354819997834, -0.004997253420000902]]]
[[[721.5377, 0, 609.5593], [0, 721.5377, 172.854], [0, 0, 1]], [[0.46797804820271516, 0.04227746851640155, 0.8827282492682682, 0.5829337154563184], [-0.023515066900839734, 0.9990970872680426, -0.035384344577262326, -1.3036337041624566], [-0.8834271832069841, -0.004198317324604906, 0.4685496623652777, -0.0051422119099981956]]]
[[[721.5377, 0, 609.5593], [0, 721.5377, 172.854], [0, 0, 1]], [[0.46751535262917876, 0.047315500413867624, 0.8827177569736547, 0.5846198038167227], [-0.02514755148486577, 0.9988742303815487, -0.040222786253377815, -1.310311679601184], [-0.8836271814008048, -0.0033934201411242, 0.46817890703171916, -0.00480651856000236]]]
[[[721.5377, 0, 609.5593], [0, 721.5377, 172.854], [0, 0, 1]], [[0.4669477752918005, 0.049754844789631686, 0.8828840414063434, 0.6441315642821723], [-0.02611976639461782, 0.9987562400865009, -0.04247035073750314, -1.4485314793151869], [-0.8838990513364797, -0.0032292891223302126, 0.4676665892901006, -0.004348754879998751]]]
[[[721.5377, 0, 609.5593], [0, 721.5377, 172.854], [0, 0, 1]], [[0.4664666237143569, 0.0518555033718479, 0.8830174945778712, 0.5857473473394664], [-0.02760265966940549, 0.998647295878493, -0.04406440302271792, -1.32152002256832], [-0.884108014973116, -0.0038190580809681564, 0.46726698220147184, -0.0005493163999972239]]]
[[[721.5377, 0, 609.5593], [0, 721.5377, 172.854], [0, 0, 1]], [[0.4657087840706654, 0.05275424763425642, 0.8833642045022913, 0.5865097629331436], [-0.028463624264601174, 0.998598010696537, -0.04462998013267017, -1.3275053389759388], [-0.8844801583603478, -0.0043591730250677465, 0.4665574424198928, -0.0038604736400031925]]]
[[[721.5377, 0, 609.5593], [0, 721.5377, 172.854], [0, 0, 1]], [[0.4648577301682028, 0.054698952763285166, 0.8836941299281478, 0.6484604976460497], [-0.029851327947477795, 0.9984906282287526, -0.04610166547016536, -1.4685689654583787], [-0.8848820197758787, -0.004948727710311312, 0.4657889234099612, -0.006202697749998265]]]
[[[721.5377, 0, 609.5593], [0, 721.5377, 172.854], [0, 0, 1]], [[0.464293028544676, 0.057810012150165076, 0.8837929543394258, 0.5874753621379106], [-0.03071822269671722, 0.9983182464595651, -0.049163701856694005, -1.3433503890285912], [-0.8851487866111366, -0.004322184759676142, 0.4652880229274505, -0.011001586909998196]]]
[[[721.5377, 0, 609.5593], [0, 721.5377, 172.854], [0, 0, 1]], [[0.46397710230709227, 0.061531589106609795, 0.8837075942169612, 0.6472607394864668], [-0.031026337736318514, 0.9981013989569919, -0.05320680188441606, -1.4778313681929327], [-0.8853036851280954, -0.0027314725169660507, 0.4650052947617942, -0.008659362800003123]]]
[[[721.5377, 0, 609.5593], [0, 721.5377, 172.854], [0, 0, 1]], [[0.4640890497760603, 0.06320640349200907, 0.8835305905488269, 0.5846627339957312], [-0.031116801942075778, 0.9979985824038127, -0.05505065083064906, -1.3478135711451495], [-0.8852418305270323, -0.001944242162323488, 0.4651269949245724, -0.0028839111299987508]]]
[[[721.5377, 0, 609.5593], [0, 721.5377, 172.854], [0, 0, 1]], [[0.46473084048404595, 0.061211826213388644, 0.8833336618937456, 0.5877020164105323], [-0.030683242655166643, 0.9981217617903296, -0.05302345953191288, -1.3467697443478122], [-0.884920213648189, -0.002461904179725056, 0.46573614257930795, 0.001747131350001041]]]
[[[721.5377, 0, 609.5593], [0, 721.5377, 172.854], [0, 0, 1]], [[0.46562534598914446, 0.05848420423864108, 0.8830473571825366, 0.648121305790892], [-0.030305538179761577, 0.9982824877951342, -0.050136303385797824, -1.4785453838149898], [-0.8844628943760866, -0.0034164917870040962, 0.4665980240589804, -0.0013885498100023597]]]
[[[721.5377, 0, 609.5593], [0, 721.5377, 172.854], [0, 0, 1]], [[0.466335736644159, 0.055539679675273276, 0.8828625740794078, 0.5939975481262891], [-0.029213487760787103, 0.9984496385856522, -0.04738028430719881, -1.3412675187538683], [-0.8841253038237283, -0.0036963752175185297, 0.46723525546436606, 0.00021362305000138804]]]
[[[721.5377, 0, 609.5593], [0, 721.5377, 172.854], [0, 0, 1]], [[0.4671252187923862, 0.05367732047402801, 0.8825603521770587, 0.5963630996950512], [-0.028635530566614695, 0.9985503893342492, -0.04557550163835646, -1.3399724143272496], [-0.8837273540845807, -0.003983117767258375, 0.46798514764415156, 0.0004730224599995836]]]
[[[721.5377, 0, 609.5593], [0, 721.5377, 172.854], [0, 0, 1]], [[0.4681657873338092, 0.05136657765746745, 0.8821463995674833, 0.5993730267603521], [-0.027729515017625803, 0.9986713404453311, -0.04343532859335736, -1.3405660731781623], [-0.8832054515043495, -0.0041265570255391995, 0.4689681246738558, -0.002693176270000208]]]
[[[721.5377, 0, 609.5593], [0, 721.5377, 172.854], [0, 0, 1]], [[0.46935381457350517, 0.050148257948534516, 0.8815850208403198, 0.6587851503428429], [-0.027150896012655034, 0.998733551177103, -0.04235708440016773, -1.4718064518713094], [-0.8825926725228403, -0.004055364089719209, 0.4701209721242928, -0.007354736330000833]]]
[[[721.5377, 0, 609.5593], [0, 721.5377, 172.854], [0, 0, 1]], [[0.4701821529526519, 0.04950046854032531, 0.8811801442719288, 0.5983060901206237], [-0.027055873805351623, 0.9987650625133111, -0.04166928839577851, -1.334600333447987], [-0.8821545911785745, -0.004248943053270745, 0.4709407858165314, -0.012351989739997293]]]
[[[721.5377, 0, 609.5593], [0, 721.5377, 172.854], [0, 0, 1]], [[0.47108338405922473, 0.04989172964813424, 0.880676592499214, 0.596396348851612], [-0.027464594925281412, 0.9987447005299103, -0.041889368448453035, -1.3283191325023873], [-0.8816610126850905, -0.004454040428367064, 0.4718622894817547, -0.00627136231000236]]]
[[[721.5377, 0, 609.5593], [0, 721.5377, 172.854], [0, 0, 1]], [[0.472284298228967, 0.051082078950907016, 0.8799648645579126, 0.6576387456493631], [-0.02848818832746092, 0.9986823899115216, -0.04268380496664635, -1.4582043378496048], [-0.8809857914700959, -0.004909713908659788, 0.4731172475583022, -0.0032882690399986814]]]
[[[721.5377, 0, 609.5593], [0, 721.5377, 172.854], [0, 0, 1]], [[0.47324349297933954, 0.05180767294520908, 0.8794069373030418, 0.5977570608302755], [-0.028413058887003306, 0.998647473099616, -0.04354219282988915, -1.3221458289333974], [-0.8804733354494033, -0.004380581668433854, 0.4740754328868442, -0.002822875980001527]]]
[[[721.5377, 0, 609.5593], [0, 721.5377, 172.854], [0, 0, 1]], [[0.4740712428623437, 0.05246863455786027, 0.8789217821163533, 0.5997871070026293], [-0.027703007501982013, 0.9986175372583029, -0.044671665018297585, -1.3191877644392669], [-0.8800505667666477, -0.0031712249676701157, 0.4748693960089516, 0.0034713745099992366]]]
[[[721.5377, 0, 609.5593], [0, 721.5377, 172.854], [0, 0, 1]], [[0.4748302979901157, 0.04917097375395878, 0.8787026820550312, 0.6594186020775693], [-0.026273007704416478, 0.9987849610020927, -0.04169329373186496, -1.4480543937336654], [-0.8796851238805744, -0.003288923248632394, 0.47554523003294125, 0.00826263428000118]]]
[[[721.5377, 0, 609.5593], [0, 721.5377, 172.854], [0, 0, 1]], [[0.4755161095598498, 0.045884748258315226, 0.878509544300081, 0.5997378057530149], [-0.026199821564430317, 0.9989344740458599, -0.03799323509143983, -1.3141806448655267], [-0.8793167796073591, -0.004950397963036884, 0.4762116070203987, 0.011520385739999028]]]
[[[721.5377, 0, 609.5593], [0, 721.5377, 172.854], [0, 0, 1]], [[0.47628665041583207, 0.04593792565702372, 0.8780892515126221, 0.5999311163730265], [-0.027523747662716248, 0.9989238686094035, -0.037330256321408156, -1.3130304785110811], [-0.8788591866449745, -0.00638840424148886, 0.4770384872743301, 0.010589599610000278]]]
[[[721.5377, 0, 609.5593], [0, 721.5377, 172.854], [0, 0, 1]], [[0.47731951924738547, 0.05216929747860164, 0.8771798224685939, 0.6547449964306066], [-0.030233659134265196, 0.9986200845877241, -0.042940103788416874, -1.4391679645314828], [-0.8782095435605319, -0.006024206055250752, 0.47823812744343797, 0.0037078857399990284]]]
[[[721.5377, 0, 609.5593], [0, 721.5377, 172.854], [0, 0, 1]], [[0.4783161591491671, 0.05772048040231768, 0.8762887640720463, 0.5958604663356547], [-0.03150189090271415, 0.9983231927727902, -0.048563707040296944, -1.3036338148142732], [-0.8776225172398109, -0.004375947219511621, 0.4793324194331006, 0.0029067993200015962]]]
[[[721.5377, 0, 609.5593], [0, 721.5377, 172.854], [0, 0, 1]], [[0.47893775520124937, 0.0562499526457449, 0.8760448444401346, 0.5977308911971685], [-0.02857421095253519, 0.9984150760667222, -0.04848556848301773, -1.2954352613232467], [-0.8773836909307285, -0.0018107208600003251, 0.47978597330345013, 0.0009994506799984038]]]
[[[721.5377, 0, 609.5593], [0, 721.5377, 172.854], [0, 0, 1]], [[0.47877769548779486, 0.05259668390586679, 0.8763592340732781, 0.6627564352894357], [-0.026875634480038612, 0.9986140527987368, -0.045251230084683056, -1.4216959960790534], [-0.8775247110906289, -0.0018874307902274933, 0.47952770413222257, 0.011360168460001319]]]
[[[721.5377, 0, 609.5593], [0, 721.5377, 172.854], [0, 0, 1]], [[0.4788095390372351, 0.03869495637033339, 0.8770656336206821, 0.6023219716397897], [-0.023923006798252527, 0.9992322846117159, -0.031024685903029228, -1.2916746384138902], [-0.8775927957046373, -0.006127131559616807, 0.4793676492903646, 0.018531799320001596]]]
[[[721.5377, 0, 609.5593], [0, 721.5377, 172.854], [0, 0, 1]], [[0.479297655323061, 0.03838513075324623, 0.8768126021784087, 0.596744751998919], [-0.024692219015571705, 0.9992374163914592, -0.03024698337700074, -1.2903478306611127], [-0.877304993672043, -0.007153140595410552, 0.47987996484300016, 0.002296447749998265]]]
[[[721.5377, 0, 609.5593], [0, 721.5377, 172.854], [0, 0, 1]], [[0.47981828526929393, 0.04576534565166992, 0.8761734681320917, 0.6522522234232597], [-0.02843991696705384, 0.9989251354496279, -0.03660252573047059, -1.4197626251024524], [-0.8769068275729991, -0.007355739549892676, 0.48060410823413957, -0.005157470699998612]]]
[[[721.5377, 0, 609.5593], [0, 721.5377, 172.854], [0, 0, 1]], [[0.48011229958256574, 0.05180861770984351, 0.8756757658634479, 0.5900076817699319], [-0.031106683025923197, 0.9986320681729765, -0.04202816540950295, -1.2891433816869875], [-0.876655322267917, -0.007061129340203903, 0.4810671329365326, -0.004981994630000486]]]
[[[721.5377, 0, 609.5593], [0, 721.5377, 172.854], [0, 0, 1]], [[0.4801603850618978, 0.057623654473079815, 0.875285964163928, 0.5945026485111342], [-0.03255468260048848, 0.9983231614617536, -0.04786499691623061, -1.2815975529865054], [-0.8765764069708878, -0.005511781397735371, 0.4812311534053381, -0.0020065307599992366]]]
[[[721.5377, 0, 609.5593], [0, 721.5377, 172.854], [0, 0, 1]], [[0.48025033095613096, 0.06160365266266616, 0.8749654905167085, 0.6546730421550203], [-0.03274363716253087, 0.9980944410993072, -0.05230048634601874, -1.4100746380936127], [-0.876520093233404, -0.0035322266743728356, 0.4813523133140898, -0.0026321411099985426]]]
[[[721.5377, 0, 609.5593], [0, 721.5377, 172.854], [0, 0, 1]], [[0.480003231352874, 0.06071156277195518, 0.8751634156182412, 0.5991437163112139], [-0.03136521797908898, 0.9981522954630347, -0.05204054345410635, -1.2815859843390935], [-0.876705834925218, -0.0024700622788594753, 0.4810205586047388, 0.0018539428699995142]]]
[[[721.5377, 0, 609.5593], [0, 721.5377, 172.854], [0, 0, 1]], [[0.4794657389661114, 0.05995282121905702, 0.8755102879952678, 0.5969053486075733], [-0.03079132236511561, 0.9981986314860094, -0.051491616467787146, -1.283304449728857], [-0.8770202390051716, -0.0022696535713503403, 0.48044807112525467, 0.005889892569996391]]]
[[[721.5377, 0, 609.5593], [0, 721.5377, 172.854], [0, 0, 1]], [[0.4794062371931139, 0.056871993695884894, 0.8757483862807828, 0.6563594267438593], [-0.030484723181285565, 0.9983749344158239, -0.048147398504589954, -1.4111235817470917], [-0.8770634762620663, -0.0036147839845043707, 0.4803608976007989, 0.0050430297900021515]]]
[[[721.5377, 0, 609.5593], [0, 721.5377, 172.854], [0, 0, 1]], [[0.4791926942182682, 0.057209217537961723, 0.8758432891999182, 0.5937008678619272], [-0.03166357554341837, 0.998350744537128, -0.04788746042512945, -1.2813963294967745], [-0.8771384040113872, -0.004785008971389157, 0.4802138314308535, 0.003623962399998959]]]
[[[721.5377, 0, 609.5593], [0, 721.5377, 172.854], [0, 0, 1]], [[0.47891012849558573, 0.058224304000342696, 0.8759309443375186, 0.5958843147183323], [-0.03231403897207548, 0.9982910718013062, -0.048690233590634846, -1.2760296998002132], [-0.8772689962090605, -0.004986620646798436, 0.47997316790094857, 0.0031585693400018044]]]
[[[721.5377, 0, 609.5593], [0, 721.5377, 172.854], [0, 0, 1]], [[0.47871264981712114, 0.0625447042219213, 0.8757410341412939, 0.6514378152824785], [-0.03339779993330023, 0.9980346782327568, -0.05302233495851493, -1.4033394880709453], [-0.8773361874815638, -0.003865361384150718, 0.479860680944672, 0.003952026370001249]]]
[[[721.5377, 0, 609.5593], [0, 721.5377, 172.854], [0, 0, 1]], [[0.4786373959695104, 0.06537036032285928, 0.875575787222777, 0.5870310102813389], [-0.034053943348799465, 0.9978563522219425, -0.05588406993692949, -1.2750112343992106], [-0.8773520229200608, -0.0030686025448750107, 0.4798374845262703, -0.0024948120200036783]]]
[[[721.5377, 0, 609.5593], [0, 721.5377, 172.854], [0, 0, 1]], [[0.47814692101351525, 0.06662740761764357, 0.8757489997022249, 0.6458301717073791], [-0.033399652405204025, 0.9977765240335638, -0.05767556940950454, -1.398397887018477], [-0.8776445665213832, -0.001672316253403549, 0.47930910508130536, -0.0019226074199991672]]]
[[[721.5377, 0, 609.5593], [0, 721.5377, 172.854], [0, 0, 1]], [[0.4778675254904288, 0.06682544837926793, 0.8758864010421465, 0.5869290051882651], [-0.03224080999522299, 0.9977646454784628, -0.05853411316565044, -1.2672240266648007], [-0.8778400527730016, -0.0002677352181534245, 0.4789538287406696, 0.0034637451200012492]]]
[[[721.5377, 0, 609.5593], [0, 721.5377, 172.854], [0, 0, 1]], [[0.47812303167018916, 0.062112489364624913, 0.876093833588296, 0.5902550491768993], [-0.030228869637961297, 0.9980690097305903, -0.054262945513583294, -1.2635945490786944], [-0.8777725115466526, -0.0005389622698536158, 0.4790773710923458, 0.008277893059997155]]]
[[[721.5377, 0, 609.5593], [0, 721.5377, 172.854], [0, 0, 1]], [[0.4788108929585139, 0.05494671051489513, 0.8761968887115855, 0.6486089841325801], [-0.028118826724018872, 0.9984872572387223, -0.04724964249132591, -1.386861401347379], [-0.8774676406386364, -0.0020139849765632217, 0.4796316122781932, 0.013153076180003609]]]
[[[721.5377, 0, 609.5593], [0, 721.5377, 172.854], [0, 0, 1]], [[0.47947013006643113, 0.050151421679596075, 0.8761239805401945, 0.592975973521006], [-0.02700059995268226, 0.9987360762267283, -0.0423936038269228, -1.2537670751803827], [-0.877142726114898, -0.0033294063666379392, 0.48021823484429554, 0.006309509269996738]]]
[[[721.5377, 0, 609.5593], [0, 721.5377, 172.854], [0, 0, 1]], [[0.47998023522727545, 0.04620320130271836, 0.8760617774909197, 0.5861821210514575], [-0.026516556273154766, 0.9989199621894242, -0.038154703286643644, -1.250891100897781], [-0.8768784670834276, -0.004916637963047845, 0.4806869882122444, 0.0003890991300039559]]]
[[[721.5377, 0, 609.5593], [0, 721.5377, 172.854], [0, 0, 1]], [[0.48080930254796966, 0.047108437932528155, 0.8755587985160632, 0.5828385742255752], [-0.027771595986597827, 0.9988728954355224, -0.038492560587900466, -1.2487523917646166], [-0.8763852765991064, -0.005808084005345225, 0.48157565669424646, -0.005844116220004025]]]
[[[721.5377, 0, 609.5593], [0, 721.5377, 172.854], [0, 0, 1]], [[0.4820905385015376, 0.05232719734723757, 0.8745573606717175, 0.6411540464336967], [-0.030164144943789297, 0.9986143399218166, -0.04312220382035836, -1.372595883844471], [-0.8756019855203091, -0.005591468527829879, 0.48300093005355044, -0.015014648429996669]]]
[[[721.5377, 0, 609.5593], [0, 721.5377, 172.854], [0, 0, 1]], [[0.48292117162865467, 0.05874715903788644, 0.8736909712809128, 0.58221480603282], [-0.03227955313267593, 0.9982631825944683, -0.04928132228256582, -1.2437245834626771], [-0.8750686672726673, -0.00440336023289545, 0.4839787577738275, -0.0107421875]]]
[[[721.5377, 0, 609.5593], [0, 721.5377, 172.854], [0, 0, 1]], [[0.48373994207943866, 0.061766286512602214, 0.8730295494926987, 0.5880012119771247], [-0.033073413118273345, 0.9980842187501087, -0.052288063902703935, -1.2409024468213785], [-0.8745866553873832, -0.003580241951092106, 0.48485602407919226, -0.018661499030002915]]]
[[[721.5377, 0, 609.5593], [0, 721.5377, 172.854], [0, 0, 1]], [[0.48479403842274926, 0.060836897788554715, 0.8725099496150326, 0.6455130068980226], [-0.03237454842533548, 0.998142501966988, -0.051608471991883016, -1.3596711905180063], [-0.874028963435433, -0.0032276360616265796, 0.48586310154346585, -0.006217956539998681]]]
[[[721.5377, 0, 609.5593], [0, 721.5377, 172.854], [0, 0, 1]], [[0.4855799915237129, 0.059222808851098624, 0.8721838858541341, 0.5943714078737673], [-0.031449234323303356, 0.9982402273242326, -0.05027319576217957, -1.229953948305229], [-0.8736263603465207, -0.0030178574271668163, 0.48658799311557255, -0.006980896000001735]]]
[[[721.5377, 0, 609.5593], [0, 721.5377, 172.854], [0, 0, 1]], [[0.48591859144059996, 0.05706480850869725, 0.8721391690104561, 0.5905065168383662], [-0.030420737921278442, 0.9983658936433859, -0.04837479833516932, -1.227674972187287], [-0.8734744994541673, -0.0030249032231000972, 0.48686050236570094, -0.0016403198199981261]]]
[[[721.5377, 0, 609.5593], [0, 721.5377, 172.854], [0, 0, 1]], [[0.4860891274566947, 0.05485256415036719, 0.8721860789845933, 0.6501107136271325], [-0.02932626204960657, 0.9984899631751467, -0.04645173616445504, -1.3467697443478122], [-0.8734170427250587, -0.0029982736072925, 0.48696373564444073, -0.0018997192400007634]]]
[[[721.5377, 0, 609.5593], [0, 721.5377, 172.854], [0, 0, 1]], [[0.48618807364919736, 0.05378216688399047, 0.8721975897504793, 0.5870455229138638], [-0.028916024961072033, 0.998547814592287, -0.04545465293474672, -1.2222928812704845], [-0.8733756468677916, -0.003120977127474383, 0.4870372049033179, 0.0008010864300018739]]]
[[[721.5377, 0, 609.5593], [0, 721.5377, 172.854], [0, 0, 1]], [[0.48620832303511524, 0.05170746189157366, 0.8723117590610093, 0.5863406652012314], [-0.027511745159286827, 0.9986586983424632, -0.04386237685337583, -1.2195202447192839], [-0.8734097380323118, -0.0026725661205215866, 0.48697873351991455, 0.0017013549799997918]]]
[[[721.5377, 0, 609.5593], [0, 721.5377, 172.854], [0, 0, 1]], [[0.4862759904175925, 0.050104494245674876, 0.8723675835333261, 0.6463441653864788], [-0.02511364678651143, 0.998743643229787, -0.04336403870921419, -1.336887652712891], [-0.8734443118416146, -0.0008214404890285069, 0.486923360855742, -0.0001525878899997224]]]
[[[721.5377, 0, 609.5593], [0, 721.5377, 172.854], [0, 0, 1]], [[0.4857484092097003, 0.05008358503718347, 0.872662659599956, 0.5835765922775086], [-0.026466888358836895, 0.9987421221797825, -0.04258728923546386, -1.2162670742017385], [-0.8736978807178408, -0.0024099571878777584, 0.486462953713339, 0.00732421875]]]
[[[721.5377, 0, 609.5593], [0, 721.5377, 172.854], [0, 0, 1]], [[0.4859369923612908, 0.04377313101203275, 0.872896988456408, 0.5830728667398847], [-0.02636165616856699, 0.9990246734592618, -0.03542266087782905, -1.2155676314239106], [-0.8735961896316359, -0.00579782899185921, 0.4866169773446752, 0.008415222170000902]]]
[[[721.5377, 0, 609.5593], [0, 721.5377, 172.854], [0, 0, 1]], [[0.4863315418208579, 0.05185630562440436, 0.8722342317274273, 0.6319770590596714], [-0.029857331924616756, 0.9986406798828991, -0.04272390681298088, -1.3367072301839162], [-0.8732640901585788, -0.0052646034997312335, 0.48721875250189234, -0.0023956298900031925]]]
[[[721.5377, 0, 609.5593], [0, 721.5377, 172.854], [0, 0, 1]], [[0.4864325202395574, 0.05976200984293517, 0.871671902399593, 0.5764460758167772], [-0.032342274467798186, 0.99820586628444, -0.05038874673555876, -1.2112515016195902], [-0.8731193392289752, -0.0036811268469848107, 0.48749263457973824, -0.004844665519996738]]]
[[[721.5377, 0, 609.5593], [0, 721.5377, 172.854], [0, 0, 1]], [[0.4862479126541191, 0.06296322451810205, 0.8715495394972079, 0.5760446816632515], [-0.03304459569898361, 0.9980121783001317, -0.05366327104935731, -1.2088491653240565], [-0.8731958669935417, -0.0027063486303783727, 0.48736193279993456, 0.0006866454999965299]]]
[[[721.5377, 0, 609.5593], [0, 721.5377, 172.854], [0, 0, 1]], [[0.48603184723917553, 0.061812027879193494, 0.8717524400188029, 0.6354841199477238], [-0.03245818570339046, 0.998084170690526, -0.05267308988325063, -1.3270395999478264], [-0.8733381416439563, -0.002694703409762626, 0.48710699946050295, 0.00622558594000111]]]
[[[721.5377, 0, 609.5593], [0, 721.5377, 172.854], [0, 0, 1]], [[0.48585932017043343, 0.05921615408153595, 0.8720287656375311, 0.5758923889928745], [-0.03146147065124667, 0.9982406242288937, -0.050257656168680664, -1.2041388210354196], [-0.8734706044670221, -0.0030171567576734665, 0.48686753834807533, 0.006767272950000347]]]
[[[721.5377, 0, 609.5593], [0, 721.5377, 172.854], [0, 0, 1]], [[0.4854810700548874, 0.05850274572248847, 0.8722875439677512, 0.5744358014906245], [-0.03153009418905262, 0.9982810475253857, -0.04940448676029431, -1.202603781581078], [-0.87367842126196, -0.00351836532334037, 0.48649114825108636, 0.006362915040000416]]]
[[[721.5377, 0, 609.5593], [0, 721.5377, 172.854], [0, 0, 1]], [[0.4851548798112793, 0.057946558768336286, 0.8725061254353524, 0.6308662111178106], [-0.03175203073826079, 0.9983112552067162, -0.048646133161717765, -1.3217915463185346], [-0.8738515612730229, -0.004102932426787464, 0.48617549794925036, 0.007064819329997363]]]
[[[721.5377, 0, 609.5593], [0, 721.5377, 172.854], [0, 0, 1]], [[0.4850546798870461, 0.06037352995097255, 0.8723972686803496, 0.5705211170815566], [-0.03235395127200949, 0.9981699108271647, -0.05108865780560838, -1.1999561736787872], [-0.8738851064967086, -0.003444706162959995, 0.48612030881530466, 0.0034790039100016656]]]
[[[721.5377, 0, 609.5593], [0, 721.5377, 172.854], [0, 0, 1]], [[0.48483531223044923, 0.06218915668692432, 0.8723916716733212, 0.5703233358538956], [-0.032569186751739664, 0.9980607453007657, -0.053047118338419484, -1.1976912124037709], [-0.8739988375785938, -0.0026939710928575488, 0.4859205433309213, 0.003097534180000139]]]
[[[721.5377, 0, 609.5593], [0, 721.5377, 172.854], [0, 0, 1]], [[0.48393452279422505, 0.06149665937587816, 0.8729407417078967, 0.6267003416271092], [-0.032189795914972334, 0.9981036150016139, -0.05246895043416086, -1.3170819797540934], [-0.8745119751535013, -0.0027082478315722945, 0.484996361539759, 0.005569458010000972]]]
[[[721.5377, 0, 609.5593], [0, 721.5377, 172.854], [0, 0, 1]], [[0.4828689372546195, 0.059874190135624665, 0.8736433315662618, 0.5697699437851216], [-0.03179785705566514, 0.9982006957511625, -0.050835689122530815, -1.197894882879386], [-0.8751151271240041, -0.0032330105935763844, 0.4839039800634419, 0.006843566889997987]]]
[[[721.5377, 0, 609.5593], [0, 721.5377, 172.854], [0, 0, 1]], [[0.4813181060020425, 0.06096849961028381, 0.8744230800304148, 0.6251461709798466], [-0.0319891706082139, 0.9981353306402373, -0.05198610094537638, -1.3197563962204044], [-0.8759620846808411, -0.002950217445393264, 0.48237093861324165, 0.007705688480001527]]]
[[[721.5377, 0, 609.5593], [0, 721.5377, 172.854], [0, 0, 1]], [[0.4798739551679032, 0.06353709019081187, 0.8750337281051502, 0.5670634316219899], [-0.032176613397298076, 0.9979777636053936, -0.05481832631025908, -1.2009231369821838], [-0.876747199996552, -0.0018497349166470994, 0.48094794497839793, 0.005760192869999514]]]
[[[721.5377, 0, 609.5593], [0, 721.5377, 172.854], [0, 0, 1]], [[0.47830901717714697, 0.06486018482555685, 0.8757931493859873, 0.5644643494672961], [-0.0322557015541082, 0.9978934790792614, -0.05628653594191119, -1.2026822021041503], [-0.8775990279189488, -0.0013269647630452116, 0.4793935599903628, 0.00646972655999889]]]
[[[721.5377, 0, 609.5593], [0, 721.5377, 172.854], [0, 0, 1]], [[0.4761935715010566, 0.06385517855305291, 0.8770189271806087, 0.6205095826762824], [-0.03210491025190216, 0.9979574477201327, -0.05522868165759561, -1.3261611794375987], [-0.8787542074999045, -0.001857070778527605, 0.47727098601249396, 0.01017761231000236]]]
[[[721.5377, 0, 609.5593], [0, 721.5377, 172.854], [0, 0, 1]], [[0.47413326273008766, 0.06318344716649356, 0.8781830681452931, 0.5616465353228468], [-0.032374207345588706, 0.9979983497132873, -0.05432499119466041, -1.2088496103024327], [-0.8798576929661219, -0.0026731954126133577, 0.4752297277681811, 0.009178161619999514]]]
[[[721.5377, 0, 609.5593], [0, 721.5377, 172.854], [0, 0, 1]], [[0.4722972729625544, 0.06434833312191295, 0.8790873551454176, 0.5590019797636575], [-0.03284296862341349, 0.9979238304133946, -0.05540187817267278, -1.2120790878949614], [-0.8808272392269303, -0.002705682444323476, 0.4734300940142849, 0.005920410160001666]]]
[[[721.5377, 0, 609.5593], [0, 721.5377, 172.854], [0, 0, 1]], [[0.4708482805847485, 0.06818242212135998, 0.879575496466364, 0.6111551404456866], [-0.03405396657008703, 0.9976706132253116, -0.059107316530817446, -1.33738420511041], [-0.8815567049437202, -0.002122456194019385, 0.4720733747506579, 0.00537109375]]]
[[[721.5377, 0, 609.5593], [0, 721.5377, 172.854], [0, 0, 1]], [[0.46983880507282105, 0.06978379533099523, 0.8799896130960554, 0.5548462557897874], [-0.034342755752995315, 0.9975607438474311, -0.06077118940624588, -1.2182685205469421], [-0.8820839372616609, -0.001668605334246031, 0.47108931571540097, 0.004974365229998057]]]
[[[721.5377, 0, 609.5593], [0, 721.5377, 172.854], [0, 0, 1]], [[0.4685694573354527, 0.07086254575471561, 0.8805800152521748, 0.5586482377552171], [-0.034639102922131806, 0.997484921123826, -0.06183821374639281, -1.2232865401149746], [-0.8827473003080266, -0.0015270035217514672, 0.4698455832070098, 0.004936218259999237]]]
[[[721.5377, 0, 609.5593], [0, 721.5377, 172.854], [0, 0, 1]], [[0.4673451544559568, 0.06819443450327015, 0.8814408804391348, 0.6140285291827358], [-0.03359108448522456, 0.997670317520094, -0.059376565936919215, -1.348697108511519], [-0.8834365543997171, -0.0018592047047078864, 0.46854711364837326, 0.006942749019998473]]]
[[[721.5377, 0, 609.5593], [0, 721.5377, 172.854], [0, 0, 1]], [[0.4660684954842631, 0.0662060744533955, 0.8822680506640297, 0.5552590603851285], [-0.032767176030812875, 0.99780380387798, -0.05756631950715213, -1.2345724136484304], [-0.8841416570278776, -0.0020795845992056124, 0.46721430375780837, 0.004562377930000139]]]
[[[721.5377, 0, 609.5593], [0, 721.5377, 172.854], [0, 0, 1]], [[0.46480003642714307, 0.06310142650146855, 0.8831642747025077, 0.5531220160796916], [-0.031869081247765836, 0.9980031966192444, -0.05453422043261689, -1.2386562844996105], [-0.8848419563954626, -0.0027981263820122215, 0.46588290663105525, 0.003097534180000139]]]
[[[721.5377, 0, 609.5593], [0, 721.5377, 172.854], [0, 0, 1]], [[0.46324392677812154, 0.05835188851308214, 0.8843077074243688, 0.6068742055211427], [-0.03023614089632683, 0.9982897287332555, -0.050033921387201155, -1.36338086775032], [-0.8857148751640586, -0.0035601422218760823, 0.4642159899233073, 0.002693176270000208]]]
[[[721.5377, 0, 609.5593], [0, 721.5377, 172.854], [0, 0, 1]], [[0.4617921504090991, 0.05573364902114343, 0.885235432067271, 0.5480081502843871], [-0.029437465090071835, 0.9984371637621041, -0.04750437524856132, -1.2427847606787499], [-0.8864995462320389, -0.004121939528101032, 0.4627111022494661, -0.0015487670900000694]]]
[[[721.5377, 0, 609.5593], [0, 721.5377, 172.854], [0, 0, 1]], [[0.4604162748021461, 0.0526871662183866, 0.8861382039011695, 0.5441773661031082], [-0.02845118222546449, 0.9986000948725006, -0.04459126316450482, -1.2452628476270986], [-0.8872470817800914, -0.004681136241214516, 0.4612707478652891, -0.005233764639996252]]]
[[[721.5377, 0, 609.5593], [0, 721.5377, 172.854], [0, 0, 1]], [[0.45870758871910483, 0.050960802802190376, 0.8871247627190105, 0.5939099368176278], [-0.027800911207328808, 0.9986884315478258, -0.04299448835125213, -1.3678830925699497], [-0.888152271509535, -0.004940978678359345, 0.4595227190707258, -0.0057449340900035395]]]
[[[721.5377, 0, 609.5593], [0, 721.5377, 172.854], [0, 0, 1]], [[0.4572716392475374, 0.050774045237823695, 0.8878764803000795, 0.5379340619575821], [-0.027360047568785243, 0.9986994793102688, -0.043020667387103105, -1.2391535039695087], [-0.8889061118795977, -0.004620211638592078, 0.4580661283128352, -0.0018463134699970851]]]
[[[721.5377, 0, 609.5593], [0, 721.5377, 172.854], [0, 0, 1]], [[0.4558459904553087, 0.05063530148273122, 0.8886171837352524, 0.5331207072441195], [-0.027304940032964423, 0.9987061171933891, -0.04290141874461401, -1.2425833143046459], [-0.8896397435117289, -0.004707199194576275, 0.45663877303633316, -0.0017776489300018739]]]
[[[721.5377, 0, 609.5593], [0, 721.5377, 172.854], [0, 0, 1]], [[0.4544809917481853, 0.049022591759606396, 0.8894064389449611, 0.5867350438603517], [-0.027155673387808534, 0.998782859373322, -0.041174861565102666, -1.3626931034813503], [-0.8903424046637567, -0.005439238845801142, 0.4552590659595234, 5.340575999923658e-05]]]
[[[721.5377, 0, 609.5593], [0, 721.5377, 172.854], [0, 0, 1]], [[0.45327466947336337, 0.046514392756439545, 0.890156438655764, 0.5302675159251423], [-0.027066308587096303, 0.9988952767292666, -0.038414073819760176, -1.2453893218629535], [-0.8909598694404149, -0.0066811222456703906, 0.4540328993060493, -0.007759094240000763]]]
[[[721.5377, 0, 609.5593], [0, 721.5377, 172.854], [0, 0, 1]], [[0.4521645227810956, 0.04424717050845166, 0.8908363667027407, 0.5306061362930419], [-0.02684755265641997, 0.9989913818047776, -0.035992054625176996, -1.2434060066082488], [-0.8915303995122683, -0.0076424460598014, 0.4528963896563078, -0.01240539549999653]]]
[[[721.5377, 0, 609.5593], [0, 721.5377, 172.854], [0, 0, 1]], [[0.4508280923632479, 0.04095191082009101, 0.8916708877922943, 0.5827567377404113], [-0.02566310347972301, 0.9991287264414984, -0.0329118993553765, -1.361247608219117], [-0.8922418036921964, -0.008045433460834537, 0.45148625089201044, -0.01538085938000222]]]
[[[721.5377, 0, 609.5593], [0, 721.5377, 172.854], [0, 0, 1]], [[0.4494701467851827, 0.0388901419555147, 0.8924483985125338, 0.5274504882534484], [-0.024376149059481402, 0.9992138139137907, -0.03126591500158772, -1.227431368261478], [-0.8929627038717441, -0.007701359784900305, 0.45006477150686575, -0.012413024899998959]]]
[[[721.5377, 0, 609.5593], [0, 721.5377, 172.854], [0, 0, 1]], [[0.4482726070582538, 0.03755040794511663, 0.8931078527391594, 0.5236888472398107], [-0.02358427713565813, 0.9992663178590088, -0.03017627983179959, -1.2235033370575037], [-0.8935857270755755, -0.0075361034795126776, 0.44882931667969417, -0.011436462399998959]]]
[[[721.5377, 0, 609.5593], [0, 721.5377, 172.854], [0, 0, 1]], [[0.44700045052063875, 0.03724056814144747, 0.8937582096511607, 0.5741814373571302], [-0.02327978772423404, 0.9992789371663385, -0.02999428644304366, -1.3433461629195722], [-0.8942307580920378, -0.007399041844384882, 0.4475450876302012, -0.013763427740002498]]]
[[[721.5377, 0, 609.5593], [0, 721.5377, 172.854], [0, 0, 1]], [[0.4460295294783587, 0.038541951078320015, 0.8941879986000651, 0.5190541243494382], [-0.02341661951723925, 0.9992328945508611, -0.03138923984254128, -1.2159084532453], [-0.8947118646601814, -0.0069383322624473505, 0.4465898999996721, -0.011901855470000555]]]
[[[721.5377, 0, 609.5593], [0, 721.5377, 172.854], [0, 0, 1]], [[0.44517465454507177, 0.03934007039374117, 0.8945791668779748, 0.5161041309386156], [-0.023347186429348233, 0.9992047599199296, -0.032322695419611726, -1.2195986652423563], [-0.8951393387828005, -0.006496661817519879, 0.44573911377477243, -0.01285552977999771]]]
[[[721.5377, 0, 609.5593], [0, 721.5377, 172.854], [0, 0, 1]], [[0.44404263138797595, 0.04026974161827614, 0.895100267802462, 0.5606736952124164], [-0.022942751856864493, 0.9991729870621343, -0.03357040456363851, -1.328612013633921], [-0.8957118798181011, -0.005629372552007878, 0.4445993010761423, -0.0032958984400011104]]]
[[[721.5377, 0, 609.5593], [0, 721.5377, 172.854], [0, 0, 1]], [[0.44273931034255765, 0.0408981820508298, 0.8957171661759831, 0.5060674876330977], [-0.022267726424175256, 0.9991526361938569, -0.03461441819190861, -1.2030758617486443], [-0.8963738346456207, -0.004620421171649816, 0.4432748586045706, 0.0028533935600023597]]]
[[[721.5377, 0, 609.5593], [0, 721.5377, 172.854], [0, 0, 1]], [[0.4415395894574839, 0.039895627101632775, 0.8963543550850211, 0.49729416180650277], [-0.021438115490505696, 0.9991948464301219, -0.033912624075716206, -1.1953857620483683], [-0.8969856175803113, -0.004242382072912716, 0.44203936934216065, 0.00642395018999764]]]
[[[721.5377, 0, 609.5593], [0, 721.5377, 172.854], [0, 0, 1]], [[0.4403023920339868, 0.038734039245144784, 0.8970136441397671, 0.5338408552168853], [-0.020861706593382823, 0.9992406291878119, -0.03290826914860921, -1.3072838712671326], [-0.897607148348965, -0.004223645830474047, 0.4407760974108484, 0.02083587647000229]]]
[[[721.5377, 0, 609.5593], [0, 721.5377, 172.854], [0, 0, 1]], [[0.4389830963494348, 0.038998497015594234, 0.8976485717417412, 0.4843114312710954], [-0.020948789556391983, 0.999230252784472, -0.033167003729645234, -1.1878959950907007], [-0.8982510725490869, -0.0042448970311406466, 0.4394621616403512, 0.01843261717999667]]]
[[[721.5377, 0, 609.5593], [0, 721.5377, 172.854], [0, 0, 1]], [[0.438066877465044, 0.04174992412226523, 0.8979723574274495, 0.4819639573972948], [-0.02186188905053155, 0.9991202677607247, -0.03578754471712163, -1.183327030627967], [-0.8986765094711046, -0.003954034082153055, 0.4385942281190085, 0.01123046875]]]
[[[721.5377, 0, 609.5593], [0, 721.5377, 172.854], [0, 0, 1]], [[0.4370117219580925, 0.04210270996862432, 0.8984698752237166, 0.5262317833907252], [-0.021577920336245685, 0.9991071101449942, -0.03632321312440411, -1.2964607341457124], [-0.8991969462944064, -0.0035134414775473293, 0.43753000754668053, 0.01021575928000118]]]
[[[721.5377, 0, 609.5593], [0, 721.5377, 172.854], [0, 0, 1]], [[0.4356974641161689, 0.04014111298836697, 0.8991976483570198, 0.47986813535434203], [-0.021234820240541952, 0.9991854311065755, -0.03431554565672202, -1.178025806429751], [-0.8998426541190918, -0.004143104201182972, 0.4361949478335192, 0.006690978999998265]]]
[[[721.5377, 0, 609.5593], [0, 721.5377, 172.854], [0, 0, 1]], [[0.43461730078109867, 0.03858342537018631, 0.8997883757575752, 0.4729390256873659], [-0.020911645451995024, 0.9992448704330815, -0.03274739680744403, -1.1723153499246133], [-0.9003724256918589, -0.004583470287609993, 0.4350959513186493, 0.013290405280002915]]]
[[[721.5377, 0, 609.5593], [0, 721.5377, 172.854], [0, 0, 1]], [[0.4333007041134978, 0.03773928722367754, 0.9004589085652913, 0.5252527941834652], [-0.02063071631238194, 0.999276416799311, -0.031953346822632185, -1.2935769747174517], [-0.90101324815964, -0.004731704616538271, 0.4337657635316978, 0.0031890869099981956]]]
[[[721.5377, 0, 609.5593], [0, 721.5377, 172.854], [0, 0, 1]], [[0.43214859819949036, 0.036177895718316304, 0.9010764390081508, 0.47093907010691133], [-0.019500095556623985, 0.9993362283587486, -0.03077091098738224, -1.1715863180606911], [-0.9015915568301968, -0.004273470615962879, 0.43256722263874375, -0.00022125243999937538]]]
[[[721.5377, 0, 609.5593], [0, 721.5377, 172.854], [0, 0, 1]], [[0.43063913751002714, 0.036342926029294585, 0.9017921739360178, 0.47420518243199966], [-0.019276208536040805, 0.999331357420381, -0.031068728020528676, -1.1741838710330617], [-0.9023183257748315, -0.004003723762666183, 0.4310517476671881, -0.0030212402299980567]]]
[[[721.5377, 0, 609.5593], [0, 721.5377, 172.854], [0, 0, 1]], [[0.428608058270112, 0.035771387104238744, 0.9027821111711082, 0.5190639437230183], [-0.018611130523600573, 0.9993534537330799, -0.030761994935285402, -1.2916728585003854], [-0.9032988199962169, -0.0036169567876494814, 0.4289966892844728, -0.0025711059600013186]]]
[[[721.5377, 0, 609.5593], [0, 721.5377, 172.854], [0, 0, 1]], [[0.42682812506468715, 0.03820105008732486, 0.903525556598146, 0.4710181865185453], [-0.01881138341786661, 0.9992662714255479, -0.03336241365952594, -1.1783630700048708], [-0.9041370933147638, -0.0027565492030810997, 0.42723356367310517, -0.00029754639000145744]]]
[[[721.5377, 0, 609.5593], [0, 721.5377, 172.854], [0, 0, 1]], [[0.4253584804936528, 0.04071082204094129, 0.9041088386034514, 0.4684861709566449], [-0.019677490949936736, 0.9991676112568678, -0.03573347121621064, -1.1815958845400363], [-0.9048110075712198, -0.0025910584700861833, 0.4258055037149693, 0.0016937255900018044]]]
[[[721.5377, 0, 609.5593], [0, 721.5377, 172.854], [0, 0, 1]], [[0.4237196959971318, 0.043385752964122774, 0.90475372100027, 0.5129757753266481], [-0.02056483479000907, 0.9990555421681082, -0.038276771457985595, -1.3013025580841593], [-0.9055598858132784, -0.0023874888320871593, 0.42421173145366786, 0.0019989013700012492]]]
[[[721.5377, 0, 609.5593], [0, 721.5377, 172.854], [0, 0, 1]], [[0.4218440165006481, 0.044238838447209605, 0.9055885108124123, 0.46750288875841584], [-0.021004071477458773, 0.9990177002179068, -0.039018760009693176, -1.1867844272513202], [-0.9064250960360546, -0.0025612153689055176, 0.4223588349399872, 0.0032196044899990284]]]
[[[721.5377, 0, 609.5593], [0, 721.5377, 172.854], [0, 0, 1]], [[0.41971841123708414, 0.04510127233937102, 0.9065331381157491, 0.5126366119022869], [-0.021236118308581107, 0.9989792471551369, -0.03986842149546277, -1.3078002224360985], [-0.9074059083716625, -0.0025177344430692954, 0.42024775843003886, 0.003761291499998265]]]
[[[721.5377, 0, 609.5593], [0, 721.5377, 172.854], [0, 0, 1]], [[0.4172739210798832, 0.04639606318499976, 0.9075956589294336, 0.46580958057024663], [-0.02142829705186802, 0.9989205860895493, -0.04121275011411055, -1.1925806452371832], [-0.9085280969084425, -0.0022512235439254833, 0.4178176984289667, 0.003028869630000486]]]
[[[721.5377, 0, 609.5593], [0, 721.5377, 172.854], [0, 0, 1]], [[0.4143274226148969, 0.046420007422570554, 0.9089433259451247, 0.46439175130750204], [-0.020955462896828335, 0.9989202636509976, -0.0414629405879655, -1.1950795331462878], [-0.9098866168067735, -0.0018680948343164602, 0.4148528109795253, 0.001319885249998265]]]
[[[721.5377, 0, 609.5593], [0, 721.5377, 172.854], [0, 0, 1]], [[0.41063062767817954, 0.0455489391396885, 0.9106633745549851, 0.5096010421774725], [-0.02072073515733956, 0.9989597101781916, -0.04062202081682823, -1.320615016378445], [-0.9115663106692589, -0.0021889686960727146, 0.41114726032029436, 0.00146484375]]]
[[[721.5377, 0, 609.5593], [0, 721.5377, 172.854], [0, 0, 1]], [[0.40732372327412575, 0.043901588214360396, 0.9122280608544995, 0.4577618934700095], [-0.0201581837590051, 0.9990328036635101, -0.03907818869605822, -1.2029761960768097], [-0.913061351764295, -0.0024713875623386, 0.4078147375437468, -0.0028076171799966687]]]
[[[721.5377, 0, 609.5593], [0, 721.5377, 172.854], [0, 0, 1]], [[0.4040455684500492, 0.04418920847141405, 0.9136708884880522, 0.4571492819650572], [-0.020010936356227235, 0.9990204472815152, -0.039467813970227146, -1.1978141268126161], [-0.9145199511448745, -0.0023366146689907824, 0.4045340519534357, 0.006614685060000625]]]
[[[721.5377, 0, 609.5593], [0, 721.5377, 172.854], [0, 0, 1]], [[0.40072568411888004, 0.04335239029399666, 0.9151718397892565, 0.498048044045411], [-0.019258856785091295, 0.999057761171427, -0.038893267778205974, -1.318199220870178], [-0.9159956454715202, -0.0020396320582094264, 0.4011830222956602, 0.014015197749998265]]]
[[[721.5377, 0, 609.5593], [0, 721.5377, 172.854], [0, 0, 1]], [[0.39720808206431035, 0.04300734345311586, 0.9167202997380923, 0.4489356354246668], [-0.01894408961236206, 0.9990727355204099, -0.038662522014528855, -1.2031890996561392], [-0.9175330299294685, -0.002009365290549646, 0.39765450008717146, 0.01412200928000118]]]
[[[721.5377, 0, 609.5593], [0, 721.5377, 172.854], [0, 0, 1]], [[0.39411401143540487, 0.040992553162137575, 0.9181469144834845, 0.44648799862469485], [-0.01839758225526173, 0.9991565143982907, -0.036712241863162416, -1.2089988875065518], [-0.9188773993071406, -0.0024228744721469225, 0.39453574580998085, 0.011161804200000347]]]
[[[721.5377, 0, 609.5593], [0, 721.5377, 172.854], [0, 0, 1]], [[0.3910597474154647, 0.04110142503671072, 0.9194470875538758, 0.48393224445398564], [-0.018336916963225806, 0.9991519920880241, -0.036865352064191, -1.33040556181375], [-0.9201826076533053, -0.002443269629950516, 0.39148179907356945, 0.012603759759997502]]]
[[[721.5377, 0, 609.5593], [0, 721.5377, 172.854], [0, 0, 1]], [[0.3883550789918044, 0.041433781920125354, 0.9205778480590682, 0.43512046302851964], [-0.01828209847581943, 0.9991384623902345, -0.037257185183509685, -1.213044604821043], [-0.9213284417060996, -0.002361077777919632, 0.3887779929665989, 0.00022125243999937538]]]
[[[721.5377, 0, 609.5593], [0, 721.5377, 172.854], [0, 0, 1]], [[0.3858374281117948, 0.04242937371699251, 0.9215905963680723, 0.4296363227901242], [-0.01839908073340606, 0.999097088331549, -0.038294672156663906, -1.2094310342239243], [-0.9223833004213818, -0.002180901970412443, 0.3862697124683143, -0.0033950805599971545]]]
[[[721.5377, 0, 609.5593], [0, 721.5377, 172.854], [0, 0, 1]], [[0.383704008473924, 0.043078734797212456, 0.9224507881124686, 0.46951424834565214], [-0.0184796396920537, 0.9990694867955512, -0.03897003298594934, -1.3300525026918293], [-0.9232712151897159, -0.00209360033089959, 0.38414304632488105, -0.0049743652400024985]]]
[[[721.5377, 0, 609.5593], [0, 721.5377, 172.854], [0, 0, 1]], [[0.38146986650880904, 0.043707123631354226, 0.9233474039004089, 0.42072102405860257], [-0.0186844369076588, 0.9990420582770481, -0.03957091875358928, -1.2036540601696857], [-0.9241924219356027, -0.00215711321746511, 0.3819210836015366, -0.012145996089998334]]]
[[[721.5377, 0, 609.5593], [0, 721.5377, 172.854], [0, 0, 1]], [[0.379127623612041, 0.044239059391442695, 0.9242862925730572, 0.4210994372230523], [-0.018703108933076338, 0.9990188347501426, -0.04014425900056745, -1.205191213073722], [-0.9251553592400166, -0.0020672296987917275, 0.37958304470938686, -0.005775451659999931]]]
[[[721.5377, 0, 609.5593], [0, 721.5377, 172.854], [0, 0, 1]], [[0.37694996336440967, 0.04431382520844031, 0.9251729622156963, 0.4612640356267692], [-0.018245791424574595, 0.9990163049148836, -0.04041674912092196, -1.3283251385249113], [-0.9260538948759198, -0.0016454207998033575, 0.3773877003500915, -0.008811950679998404]]]
[[[721.5377, 0, 609.5593], [0, 721.5377, 172.854], [0, 0, 1]], [[0.3747923960524644, 0.04409212462804589, 0.9260596872810292, 0.4178452807786725], [-0.01778260821920865, 0.9990265738597697, -0.040369339441368245, -1.213347942549233], [-0.926938206519817, -0.0013376351502357622, 0.3752116363148004, -0.0068359375]]]
[[[721.5377, 0, 609.5593], [0, 721.5377, 172.854], [0, 0, 1]], [[0.3724045412832305, 0.04294384860477896, 0.9270764172918199, 0.4166557937201466], [-0.017405438820248052, 0.9990763532467286, -0.03928728907283763, -1.2169123465924436], [-0.9279072735629899, -0.0015054069974357541, 0.3728080275673672, -0.0015029907300032619]]]
[[[721.5377, 0, 609.5593], [0, 721.5377, 172.854], [0, 0, 1]], [[0.3690277103853577, 0.04263705093636473, 0.9284398908142575, 0.45548870983501194], [-0.017337113340421765, 0.9990891676906285, -0.03899050530922361, -1.3432106784643763], [-0.9292566779252985, -0.0017078907157846686, 0.36943079140827045, 0.0006484985400021515]]]
[[[721.5377, 0, 609.5593], [0, 721.5377, 172.854], [0, 0, 1]], [[0.365591331574815, 0.0428263890925508, 0.9297896959391663, 0.41183633721755875], [-0.017162846562806835, 0.9990812461940193, -0.039269583665566606, -1.2242369301473746], [-0.9306172225868246, -0.0016012185043996323, 0.36599046589233153, 0.00398254393999764]]]
[[[721.5377, 0, 609.5593], [0, 721.5377, 172.854], [0, 0, 1]], [[0.36248130091269454, 0.04433253348329349, 0.930936052026987, 0.406313660537344], [-0.01696489608440607, 0.9990163850937153, -0.04096894696145696, -1.226778309144374], [-0.9318366266623597, -0.0009427561922529737, 0.3628768557255699, 0.005317687990000763]]]
[[[721.5377, 0, 609.5593], [0, 721.5377, 172.854], [0, 0, 1]], [[0.3590569108283147, 0.045369798556294486, 0.932212269907122, 0.444577011563528], [-0.017067681917120395, 0.9989699287203067, -0.042044925336135824, -1.3537482762022854], [-0.933159594614128, -0.0008141814948114724, 0.35946141390709774, 0.010559082029999445]]]
[[[721.5377, 0, 609.5593], [0, 721.5377, 172.854], [0, 0, 1]], [[0.355896212294303, 0.04444471292826131, 0.9334680249303096, 0.40023984729228324], [-0.01671376847971847, 0.9990114020483195, -0.04119306398724527, -1.2349900997541305], [-0.9343760142564528, -0.0009413130060478115, 0.35628721266984853, 0.009582519529999445]]]
[[[721.5377, 0, 609.5593], [0, 721.5377, 172.854], [0, 0, 1]], [[0.3522450249231864, 0.044099497076756, 0.9348682670699873, 0.3992688216220372], [-0.016442748810737363, 0.9990266882508319, -0.04093057749558879, -1.2366878756253246], [-0.9357633666843401, -0.00095421179650705, 0.3526272976549555, 0.010955810550001388]]]
[[[721.5377, 0, 609.5593], [0, 721.5377, 172.854], [0, 0, 1]], [[0.3486901877226294, 0.041875214556055425, 0.9363020983592003, 0.4314271266424366], [-0.015751622625445275, 0.9991221126815637, -0.03881868538982346, -1.3607966625484962], [-0.9371056714003085, -0.001212582621043438, 0.34904367960581106, 0.014640808110002013]]]
[[[721.5377, 0, 609.5593], [0, 721.5377, 172.854], [0, 0, 1]], [[0.3456130686327039, 0.04036203263609336, 0.9375086736194865, 0.38860268837456], [-0.015508031082486683, 0.9991837629783616, -0.037300251639176704, -1.2436004455608898], [-0.9382489583059661, -0.0016474592208039532, 0.3459569021075968, 0.013801574699996877]]]
[[[721.5377, 0, 609.5593], [0, 721.5377, 172.854], [0, 0, 1]], [[0.3424255843667988, 0.03971758359876177, 0.9387050829329368, 0.38536128771989203], [-0.015313881428387226, 0.9992093039956311, -0.036691304748723, -1.248535261285898], [-0.939420142538286, -0.001811176866497619, 0.3427630601912998, 0.011009216310000625]]]
[[[721.5377, 0, 609.5593], [0, 721.5377, 172.854], [0, 0, 1]], [[0.3390488045549531, 0.0394477344121273, 0.9399413728417362, 0.4179099472050957], [-0.014903323281149594, 0.999220333769027, -0.03655975297635302, -1.3775441603629526], [-0.940650731719821, -0.0016127096033310769, 0.33937236199004267, 0.01652526856000236]]]
[[[721.5377, 0, 609.5593], [0, 721.5377, 172.854], [0, 0, 1]], [[0.33598995172629476, 0.03953546562040246, 0.941035439979356, 0.37952532952852214], [-0.01492002146342854, 0.9992166783190329, -0.03665273152998243, -1.258059844015136], [-0.9417473893239593, -0.0017253194649432726, 0.33631663350814356, 0.01183319090999646]]]
[[[721.5377, 0, 609.5593], [0, 721.5377, 172.854], [0, 0, 1]], [[0.33317892742923094, 0.03852159791043313, 0.9420763710079636, 0.3737508654391031], [-0.01454349077859727, 0.9992561444183982, -0.03571616886020046, -1.2599131252069762], [-0.9427514461368278, -0.001801204181765811, 0.3334913289283778, 0.014068603520001943]]]
[[[721.5377, 0, 609.5593], [0, 721.5377, 172.854], [0, 0, 1]], [[0.3300815525881933, 0.03736376625915203, 0.9432126576821895, 0.4130858789425595], [-0.014072962519134294, 0.9993000496734528, -0.03466067582390538, -1.394650166901291], [-0.94384750906431, -0.0018329466894237531, 0.3303763307798107, 0.008460998540002151]]]
[[[721.5377, 0, 609.5593], [0, 721.5377, 172.854], [0, 0, 1]], [[0.32739705197028185, 0.036170527031958895, 0.9441942932126834, 0.37133566537075263], [-0.013810915704747087, 0.9993434797157597, -0.033494300365785844, -1.2719788656295805], [-0.9447859170037226, -0.0020742525948982083, 0.3276816572644975, 0.010154724119999514]]]
[[[721.5377, 0, 609.5593], [0, 721.5377, 172.854], [0, 0, 1]], [[0.3244843546195767, 0.03509625761696313, 0.9452397348336562, 0.37100518591184717], [-0.0135303947474518, 0.9993813899421757, -0.032461759891033455, -1.277234260216525], [-0.9457942863144686, -0.002256133535218383, 0.3247584915539181, 0.008247375479996322]]]
[[[721.5377, 0, 609.5593], [0, 721.5377, 172.854], [0, 0, 1]], [[0.32136779585730163, 0.03469017292930165, 0.9463188319419387, 0.40289876611215003], [-0.013129065414155162, 0.9993959429337351, -0.03217727286364373, -1.4077006673912311], [-0.9468634365245976, -0.0020835425903244663, 0.3216291209189612, 0.01440429688000222]]]
[[[721.5377, 0, 609.5593], [0, 721.5377, 172.854], [0, 0, 1]], [[0.318442856778449, 0.03480747567751296, 0.9473027956275331, 0.364449696183498], [-0.012728883407452676, 0.9993925440328499, -0.032442540879955316, -1.283301891300786], [-0.9478565938442269, -0.0017270114381322495, 0.3186924770645094, 0.009529113770000208]]]
[[[721.5377, 0, 609.5593], [0, 721.5377, 172.854], [0, 0, 1]], [[0.3157566325404489, 0.03485273618541952, 0.9481998923154894, 0.36256779425476654], [-0.012784703060874413, 0.999390713736053, -0.03247695591935732, -1.2883467186424689], [-0.9487540779223883, -0.001867639829345759, 0.31600982824448137, 0.00939941405999889]]]
[[[721.5377, 0, 609.5593], [0, 721.5377, 172.854], [0, 0, 1]], [[0.3129700447516294, 0.03473148873865956, 0.9491277441831313, 0.37702179894126464], [-0.0129292548718252, 0.9993943451569771, -0.03230754148362849, -1.3612110117115597], [-0.9496749893814317, -0.0021602218065178815, 0.3132295451982845, 0.00736618042000714]]]
[[[721.5377, 0, 609.5593], [0, 721.5377, 172.854], [0, 0, 1]], [[0.3101807530892137, 0.03460848555881098, 0.950047447836335, 0.3770059284829517], [-0.013069126830429847, 0.9993979504957413, -0.03213929788906296, -1.3612110125019299], [-0.9505877646682069, -0.002447298967711121, 0.310446311607763, 0.007366180419992929]]]
[[[721.5377, 0, 609.5593], [0, 721.5377, 172.854], [0, 0, 1]], [[0.30747106685533815, 0.03583440143915308, 0.9508824526303647, 0.35319864851027033], [-0.013217705095179073, 0.9993550881851049, -0.03338712312491519, -1.30071557311852], [-0.9514656248750435, -0.0023029094726005417, 0.3077464236820697, 0.003913879400002429]]]
[[[721.5377, 0, 609.5593], [0, 721.5377, 172.854], [0, 0, 1]], [[0.30451439244715084, 0.03677274308996853, 0.9517976413913737, 0.3858449631601737], [-0.013306298367834191, 0.9993212227773839, -0.03435165396979595, -1.4352857621484099], [-0.9524147873780041, -0.0022043303639872978, 0.30479700410495775, 0.01033020018999764]]]
[[[721.5377, 0, 609.5593], [0, 721.5377, 172.854], [0, 0, 1]], [[0.30161559346025074, 0.038006289841334875, 0.9526717985298596, 0.34791530050716596], [-0.013610582412336545, 0.9992749847348993, -0.035556390838551555, -1.305877530150157], [-0.9533324634292162, -0.002242056101725182, 0.30191420529087226, 0.0162048339900025]]]
[[[721.5377, 0, 609.5593], [0, 721.5377, 172.854], [0, 0, 1]], [[0.298693159910897, 0.03877130857252328, 0.9535613152042282, 0.3483782644232583], [-0.013481399580038229, 0.9992461462077068, -0.03640592196895649, -1.3137162399821727], [-0.954253974625103, -0.001981141241957823, 0.2989906804426733, 0.005867004389997987]]]
[[[721.5377, 0, 609.5593], [0, 721.5377, 172.854], [0, 0, 1]], [[0.2955697511088094, 0.04080138812257614, 0.954449458565904, 0.38287721559977134], [-0.013774050313083664, 0.9991656862614761, -0.03844745681584189, -1.451337375431308], [-0.955221857877765, -0.0017827296217571374, 0.2958851535776113, -0.003280639650000694]]]
[[[721.5377, 0, 609.5593], [0, 721.5377, 172.854], [0, 0, 1]], [[0.2928913662309035, 0.04211655159600137, 0.9552176943864975, 0.34662858925538864], [-0.013949232487526704, 0.9991113005314748, -0.03977471638257243, -1.3248181311596439], [-0.9560439668239132, -0.0016748826724581468, 0.29321856739918395, -0.006523132319998126]]]
[[[721.5377, 0, 609.5593], [0, 721.5377, 172.854], [0, 0, 1]], [[0.29022622341188287, 0.04349952506774547, 0.9559688962319624, 0.3440023151735159], [-0.01427058880880951, 0.9990519911374496, -0.041127476209309455, -1.3294016684666063], [-0.9568516549283519, -0.0017059669334478806, 0.29057185021556414, -0.004936218259999237]]]
[[[721.5377, 0, 609.5593], [0, 721.5377, 172.854], [0, 0, 1]], [[0.2874948308252485, 0.044226904989329435, 0.95676052548369, 0.3736257715471608], [-0.014170867673290819, 0.9990203770340899, -0.041922222985562314, -1.4638141264935989], [-0.9576773510729737, -0.001505704396604976, 0.2878399279045946, 0.0013656616199995142]]]
[[[721.5377, 0, 609.5593], [0, 721.5377, 172.854], [0, 0, 1]], [[0.2848623009230156, 0.04672332180772943, 0.9574290577959793, 0.33619007017204217], [-0.014235862685862487, 0.9989074174255024, -0.044511926782633875, -1.3309179089677], [-0.9584627325704608, -0.000950058716420369, 0.28521621213037807, 0.008178710929996669]]]
[[[721.5377, 0, 609.5593], [0, 721.5377, 172.854], [0, 0, 1]], [[0.2823461503293062, 0.046707417007146215, 0.9581748632638728, 0.33868266039049966], [-0.013983598103400573, 0.9989082814815983, -0.04457245978810864, -1.3403223586005368], [-0.959210670488138, -0.0008138697687825166, 0.2826910455562682, -0.0071640014599978485]]]
[[[721.5377, 0, 609.5593], [0, 721.5377, 172.854], [0, 0, 1]], [[0.2796008326848459, 0.04631035921509079, 0.9589988138633488, 0.3697200275338818], [-0.013796340315225386, 0.9989267228006524, -0.044216099654481214, -1.479551056285268], [-0.9600172057603172, -0.0008678157164871738, 0.2799396569620584, -0.0007781982399990284]]]
[[[721.5377, 0, 609.5593], [0, 721.5377, 172.854], [0, 0, 1]], [[0.2772904608851481, 0.04544125802401161, 0.9597109420920954, 0.33478642873308706], [-0.013597839395079372, 0.9989664880866268, -0.04337112453760798, -1.3505033373895154], [-0.9606899078609538, -0.0010235961441281626, 0.27762178081887945, -0.005790710450000347]]]
[[[721.5377, 0, 609.5593], [0, 721.5377, 172.854], [0, 0, 1]], [[0.27505313296180245, 0.04487641604312675, 0.9603811125438804, 0.3325529501753427], [-0.013387490725213063, 0.9989919709381718, -0.04284643617792676, -1.3554786429852803], [-0.9613358149678911, -0.0010720467298643295, 0.27537665401378825, -0.00529479981000236]]]
[[[721.5377, 0, 609.5593], [0, 721.5377, 172.854], [0, 0, 1]], [[0.27230731282650533, 0.04464134223933142, 0.9611742183102285, 0.3612787711001031], [-0.013063876651019296, 0.9990026455603375, -0.042697181292137676, -1.491993992942816], [-0.9621216464190246, -0.0009299067252165731, 0.2726189149076558, -0.004562377930000139]]]
[[[721.5377, 0, 609.5593], [0, 721.5377, 172.854], [0, 0, 1]], [[0.26978069774929614, 0.04385157020463396, 0.9619227697234799, 0.3265491411760097], [-0.01274284316298579, 0.9990376196759533, -0.041969684539306384, -1.3603974418598546], [-0.9628374707446873, -0.000935020210159277, 0.27007985979554294, -0.0016326904300001388]]]
[[[721.5377, 0, 609.5593], [0, 721.5377, 172.854], [0, 0, 1]], [[0.26735008617539036, 0.04246783423518936, 0.962663188491896, 0.32465171326942105], [-0.012408595667937457, 0.99909724746392, -0.04062901504550708, -1.36414905454987], [-0.9635195681331858, -0.0010831275967658517, 0.2676357013909918, 0.0003585815500031231]]]
[[[721.5377, 0, 609.5593], [0, 721.5377, 172.854], [0, 0, 1]], [[0.264872081084969, 0.041324923007178986, 0.9633976496754434, 0.35435853312813326], [-0.012161395908580567, 0.9991449786912875, -0.039514706193281394, -1.5054697441708522], [-0.964206866347296, -0.001249917772223515, 0.26514817856114026, -0.00010681153000291488]]]
[[[721.5377, 0, 609.5593], [0, 721.5377, 172.854], [0, 0, 1]], [[0.2624065495475703, 0.04195743022250456, 0.9640448002057073, 0.31925079977556803], [-0.01208711124794958, 0.9991187878309391, -0.0401938993494594, -1.3724870965111085], [-0.9648817049235715, -0.0011053743069397396, 0.2626824578296452, 3.814698000326189e-05]]]
[[[721.5377, 0, 609.5593], [0, 721.5377, 172.854], [0, 0, 1]], [[0.25994734657480695, 0.04292065659639028, 0.9646684374675332, 0.3168196004159933], [-0.012005875666812204, 0.9990781073222658, -0.041216433844186814, -1.3750275863417254], [-0.9655481531017447, -0.0008675867068607725, 0.2602230030860374, -0.0008163452200022903]]]
[[[721.5377, 0, 609.5593], [0, 721.5377, 172.854], [0, 0, 1]], [[0.25745387491395455, 0.043254328304692495, 0.9653220008757181, 0.34490191416856336], [-0.012001140186107491, 0.99906370269376, -0.04156549764008173, -1.5152268071568635], [-0.9662160601677159, -0.000883766227077394, 0.2577319228020321, 0.0009994506900028455]]]
[[[721.5377, 0, 609.5593], [0, 721.5377, 172.854], [0, 0, 1]], [[0.25513754457474197, 0.04285715156333767, 0.9659545009513898, 0.31064295980234885], [-0.011937911552047849, 0.9990806828394722, -0.04117372274630115, -1.3777703002706423], [-0.9668310708785414, -0.0010265168731677348, 0.2554146171364553, 0.003829956049997918]]]
[[[721.5377, 0, 609.5593], [0, 721.5377, 172.854], [0, 0, 1]], [[0.2528694020948468, 0.04221452523213085, 0.9665790186754627, 0.3079806619325004], [-0.011723575464725527, 0.9991079930893099, -0.04056816391426266, -1.381639822745918], [-0.9674293892902559, -0.0010733147149767919, 0.25313874601294256, 0.005645751949998612]]]
[[[721.5377, 0, 609.5593], [0, 721.5377, 172.854], [0, 0, 1]], [[0.25028542346520155, 0.04266528482524635, 0.9672315546298237, 0.3363087393130758], [-0.01166447654034175, 0.999088914181349, -0.041052180782181535, -1.522182758137076], [-0.9681018266628179, -0.0010074873268195437, 0.25055506017919843, 0.005630493170002637]]]
[[[721.5377, 0, 609.5593], [0, 721.5377, 172.854], [0, 0, 1]], [[0.24801420610447947, 0.042406557186780935, 0.9678277932968907, 0.3030001971039984], [-0.011451751532919269, 0.9990999819907455, -0.04084217639793897, -1.3857530590084488], [-0.9686887069421183, -0.0009538834605756001, 0.24827661820870403, 0.007568359369997779]]]
[[[721.5377, 0, 609.5593], [0, 721.5377, 172.854], [0, 0, 1]], [[0.2457886070871552, 0.04161853050033166, 0.9684295836792415, 0.3011389853034295], [-0.011228789364309792, 0.9991330518540157, -0.04008814017004012, -1.387816796793734], [-0.9692584149315228, -0.0010210836761916304, 0.24604284682257724, 0.006729125980001527]]]
[[[721.5377, 0, 609.5593], [0, 721.5377, 172.854], [0, 0, 1]], [[0.2435034474600477, 0.04148469045907798, 0.969012431051628, 0.2993655140579487], [-0.011111459847061982, 0.9991386074072262, -0.0399822291576622, -1.3898196879355127], [-0.969836381321684, -0.0010313320819056965, 0.2437546508663946, 0.008110046390001457]]]
[[[721.5377, 0, 609.5593], [0, 721.5377, 172.854], [0, 0, 1]], [[0.24095121147167042, 0.04117804141631653, 0.9696632831016396, 0.3271476317109834], [-0.010919906353816875, 0.9991513053145763, -0.03971680668686739, -1.5323958844402195], [-0.9704757953372966, -0.0010188195592176878, 0.2411963778151478, 0.007179260249998265]]]
[[[721.5377, 0, 609.5593], [0, 721.5377, 172.854], [0, 0, 1]], [[0.2386795148819457, 0.04076582458404168, 0.9702423597852766, 0.2950376600787705], [-0.010677281641577196, 0.9991682608927057, -0.03935456874865248, -1.3938798666520462], [-0.9710396927172779, -0.0009664215586993158, 0.2389162639857433, -0.002746582029999445]]]
[[[721.5377, 0, 609.5593], [0, 721.5377, 172.854], [0, 0, 1]], [[0.23635387435185068, 0.04042813240968521, 0.970825634286989, 0.29113918161709196], [-0.010609952984243566, 0.9991818689710169, -0.03902590956348816, -1.3950037824437747], [-0.9716091163510878, -0.0010764894102480223, 0.2365894464975306, 0.0007781982399990284]]]
[[[721.5377, 0, 609.5593], [0, 721.5377, 172.854], [0, 0, 1]], [[0.23389806253542167, 0.03956983826311155, 0.9714555698754355, 0.31667120719090847], [-0.01048541481138339, 0.9992160168371785, -0.03817601042902074, -1.5344809788164535], [-0.9722045836234312, -0.0012568197462927803, 0.23412959656078539, -0.018379211430001874]]]
[[[721.5377, 0, 609.5593], [0, 721.5377, 172.854], [0, 0, 1]], [[0.23181186165723522, 0.03846004435495103, 0.9720000441271709, 0.28237835519185545], [-0.010573772400918372, 0.9992586982401517, -0.037016878969074005, -1.3935421573081803], [-0.9727031695909192, -0.0016967556137217155, 0.2320466868717735, -0.008758544919999167]]]
[[[721.5377, 0, 609.5593], [0, 721.5377, 172.854], [0, 0, 1]], [[0.22953861920874885, 0.038054665348712526, 0.9725553273397554, 0.280726614471654], [-0.01057244093250796, 0.9992738903013431, -0.036604858348971904, -1.394298665598872], [-0.9732421311187004, -0.0018800551101406538, 0.22977427969273065, 0.0006027221700009022]]]
[[[721.5377, 0, 609.5593], [0, 721.5377, 172.854], [0, 0, 1]], [[0.22696957674126633, 0.03922143176726331, 0.9731117564411685, 0.3058878234263689], [-0.010573071839367565, 0.9992290846946857, -0.037808021002164946, -1.532554059631123], [-0.9738444544103385, -0.001707509984299342, 0.22720929343643392, -0.001739501949998612]]]
[[[721.5377, 0, 609.5593], [0, 721.5377, 172.854], [0, 0, 1]], [[0.2245719262991334, 0.03972455248176967, 0.9736474771951191, 0.2748458677111379], [-0.010461605584166167, 0.9992094309749913, -0.03835450246367103, -1.3933605120766335], [-0.9744013571044008, -0.0015725713839222966, 0.22480996929038652, -0.0008697509800015268]]]
[[[721.5377, 0, 609.5593], [0, 721.5377, 172.854], [0, 0, 1]], [[0.22227956612700192, 0.03959903344466232, 0.9741784800705876, 0.2720443593144704], [-0.010302245536441948, 0.9992144785870359, -0.03826603610180712, -1.3900468300325115], [-0.9749285400578335, -0.0015304679958951344, 0.22251291973369752, 0.0003204345699998612]]]
[[[721.5377, 0, 609.5593], [0, 721.5377, 172.854], [0, 0, 1]], [[0.21949694996932625, 0.04032839898658697, 0.9747793130700619, 0.29540746750377056], [-0.0102845831014849, 0.9991854126479708, -0.039022282121029095, -1.5285345936697192], [-0.9755589763333592, -0.00145992694446896, 0.2197329113007996, -0.0033035278299990978]]]
[[[721.5377, 0, 609.5593], [0, 721.5377, 172.854], [0, 0, 1]], [[0.21708435582844657, 0.04072512175532776, 0.9753029513502777, 0.26463116562499817], [-0.010131074431125302, 0.9991695250580245, -0.03946671415500093, -1.3874531704233404], [-0.9761002734275918, -0.0013132605740220327, 0.21731666195035604, -0.0014495849599995836]]]
[[[721.5377, 0, 609.5593], [0, 721.5377, 172.854], [0, 0, 1]], [[0.21477058520748407, 0.04087152928261328, 0.9758089535476374, 0.2606667231148422], [-0.01005193556663162, 0.9991635696496324, -0.03963735203527597, -1.388121579318499], [-0.9766127965171248, -0.0012958314337117999, 0.2150017825505089, 0.003997802729998057]]]
[[[721.5377, 0, 609.5593], [0, 721.5377, 172.854], [0, 0, 1]], [[0.21218788928661136, 0.041695556702162226, 0.9763389678750867, 0.28311461516903713], [-0.010090127127834966, 0.9991295640196128, -0.040475963688620796, -1.5267545047026234], [-0.9771767951474477, -0.0012628750037888335, 0.21242390678096457, -0.004951477049999653]]]
[[[721.5377, 0, 609.5593], [0, 721.5377, 172.854], [0, 0, 1]], [[0.20988297683748133, 0.04153264368715255, 0.9768439873092291, 0.2535062007205306], [-0.01003816082840882, 0.9991362456108656, -0.04032366592718385, -1.385562625651564], [-0.9776749824768046, -0.001342466007076722, 0.21011860085199396, -0.001045227049999653]]]
[[[721.5377, 0, 609.5593], [0, 721.5377, 172.854], [0, 0, 1]], [[0.2075586558919218, 0.04086357581742126, 0.9773686983609371, 0.2502912552805055], [-0.009998559242439548, 0.9991635449548583, -0.039651472183466686, -1.3851931031200928], [-0.9781714743220711, -0.0015422725617315867, 0.20779361929070658, 0.0033340454099999306]]]
[[[721.5377, 0, 609.5593], [0, 721.5377, 172.854], [0, 0, 1]], [[0.20502033173077186, 0.04175828127197947, 0.9778665090502969, 0.27101140064149126], [-0.009942453327868776, 0.99912675842674, -0.04058162413578107, -1.5212278084594673], [-0.9787072142366313, -0.0014023340846272127, 0.2052564792163397, 0.0021743774399993754]]]
[[[721.5377, 0, 609.5593], [0, 721.5377, 172.854], [0, 0, 1]], [[0.20253567181902182, 0.041793061016653726, 0.9783826662874172, 0.2433785985208044], [-0.00984266716348814, 0.999125309546282, -0.04064157633698472, -1.3813543940142234], [-0.9792254201887971, -0.0013985259755978795, 0.20276987098967464, 0.0029525756900028455]]]
[[[721.5377, 0, 609.5593], [0, 721.5377, 172.854], [0, 0, 1]], [[0.19873936689985908, 0.04067119821983934, 0.9792081074417254, 0.2620656679916254], [-0.009441150859137368, 0.9991716344040191, -0.03958420989303588, -1.5176140157683455], [-0.9800069023811507, -0.0013779106514746325, 0.19895872096376763, 0.003959655759999237]]]
[[[721.5377, 0, 609.5593], [0, 721.5377, 172.854], [0, 0, 1]], [[0.19493942374034492, 0.039549342641220314, 0.980017586866904, 0.26205334274524467], [-0.009047778976019388, 0.999216697164602, -0.038524405291518043, -1.5176140157683455], [-0.9807735512172947, -0.001357057151115605, 0.19514456084786289, 0.003959655759999237]]]
[[[721.5377, 0, 609.5593], [0, 721.5377, 172.854], [0, 0, 1]], [[0.19139137375801998, 0.03823819514627522, 0.9807686691993037, 0.20869225703422598], [-0.008629745063413252, 0.9992677682228703, -0.03727539256700273, -1.2393261397720845], [-0.981475862948834, -0.001329594990604935, 0.1915812167880833, 0.002586364750001735]]]
[[[721.5377, 0, 609.5593], [0, 721.5377, 172.854], [0, 0, 1]], [[0.18752389046089482, 0.03738871365865381, 0.9815482028903937, 0.2271315150234835], [-0.008256192097908179, 0.9993000012801652, -0.036487569575188256, -1.3767737486715215], [-0.9822253436958612, -0.0012615595162177606, 0.1877013123798933, 0.0030136108400000694]]]
[[[721.5377, 0, 609.5593], [0, 721.5377, 172.854], [0, 0, 1]], [[0.18314024334466522, 0.03507437281256475, 0.9824609099803728, 0.24421729924079374], [-0.0077534741985076806, 0.9993837957697697, -0.034233205965268985, -1.5143288099691918], [-0.983056221640202, -0.0013480076456277898, 0.18329933979662189, -0.006698608400000694]]]
