[[[707.0493, 0, 604.0814], [0, 707.0493, 180.5066], [0, 0, 1]], [[0.9949715348994649, -0.01728922368406244, 0.09865458673678251, 0.0], [0.015745743829565697, 0.9997414804723235, 0.016402553894452204, 0.0], [-0.09891267002288727, -0.014766684374265255, 0.9949865470153524, 0.0]]]
[[[707.0493, 0, 604.0814], [0, 707.0493, 180.5066], [0, 0, 1]], [[0.9949758520994918, -0.017381665607009822, 0.09859478403859102, 0.0008621898984668577], [0.015841353899409445, 0.9997402727045779, 0.016384097143566784, 0.0002706345838323634], [-0.0988539591798122, -0.014739906149710042, 0.9949927788286574, -8.39233400000694e-05]]]
[[[707.0493, 0, 604.0814], [0, 707.0493, 180.5066], [0, 0, 1]], [[0.9949708411236042, -0.01733005535990127, 0.09865441954119623, 0.001050852100735521], [0.015789522561845265, 0.9997412432874945, 0.016374902968993757, -0.00012080095915051109], [-0.09891267002288727, -0.014734844797205654, 0.9949870190398193, 0.0003890991199995142]]]
[[[707.0493, 0, 604.0814], [0, 707.0493, 180.5066], [0, 0, 1]], [[0.9949835217056301, -0.017276497892813786, 0.09853585212916988, 0.0008687604484557968], [0.015737971663978438, 0.9997421383255113, 0.016369884063058303, -0.00010578471728543195], [-0.09879325777686372, -0.014737010446279774, 0.9949988506229244, 0.00025939942000263727]]]
[[[707.0493, 0, 604.0814], [0, 707.0493, 180.5066], [0, 0, 1]], [[0.9949847445095399, -0.017358458407887592, 0.09850909661035037, 0.0008134717551341047], [0.01581661456437613, 0.9997402188132329, 0.016411264149695095, -0.00012135658934321337], [-0.09876838004648893, -0.014770877054892143, 0.9950008182378653, 6.866454999965299e-05]]]
[[[707.0493, 0, 604.0814], [0, 707.0493, 180.5066], [0, 0, 1]], [[0.9949834132395552, -0.01733356233920833, 0.0985269252275614, 0.0008935828596208657], [0.01579469824324944, 0.9997411210595896, 0.016377373718629983, -0.0004679647103637902], [-0.09878529690986099, -0.01473901214965771, 0.994999611374438, 0.0007324218699977791]]]
[[[707.0493, 0, 604.0814], [0, 707.0493, 180.5066], [0, 0, 1]], [[0.9949907779875622, -0.017369700216718697, 0.09844615398321638, 0.0007852740388766109], [0.015834624839418505, 0.9997408878109392, 0.016353039325766636, -0.0004469408652345147], [-0.09870469277547393, -0.014712265405997888, 0.9950080064354874, 0.00045013428000117983]]]
[[[707.0493, 0, 604.0814], [0, 707.0493, 180.5066], [0, 0, 1]], [[0.9949958136103683, -0.017379361445783698, 0.09839353989758746, 0.0009393754941009058], [0.01584067646549418, 0.9997400588643719, 0.016397794698608633, 1.0010827910052757e-05], [-0.09865294657006889, -0.014757116845745504, 0.9950124741104727, 0.0011978149399993754]]]
[[[707.0493, 0, 604.0814], [0, 707.0493, 180.5066], [0, 0, 1]], [[0.9949968290009716, -0.017345607513921113, 0.09838922795704946, 0.0009377225662813652], [0.015807849430502112, 0.9997407477478369, 0.016387470487495098, 1.2013625788157422e-05], [-0.09864797095933506, -0.014750159069276242, 0.9950130705840187, 0.0014190673799987508]]]
[[[707.0493, 0, 604.0814], [0, 707.0493, 180.5066], [0, 0, 1]], [[0.9949956211888038, -0.0173595545676328, 0.0983989821101811, 0.0008062096111828614], [0.01582176369940091, 0.9997405352421946, 0.016387006654376608, -0.0001157955451954847], [-0.0986579221783364, -0.014748154422287654, 0.9950121136612307, 0.0006866455100009716]]]
[[[707.0493, 0, 604.0814], [0, 707.0493, 180.5066], [0, 0, 1]], [[0.9949983639772578, -0.01732912480194492, 0.09837660858242123, 0.00015733150724601887], [0.015791949829089547, 0.9997410773451441, 0.0163826917619299, -7.908759545172265e-05], [-0.0986350343598856, -0.014747193033574371, 0.9950143970287337, -0.0005111694299984038]]]
[[[707.0493, 0, 604.0814], [0, 707.0493, 180.5066], [0, 0, 1]], [[0.9950029785124481, -0.017320596205163314, 0.09833142782678651, 3.327417798337135e-05], [0.015787046800211747, 0.999741649382546, 0.016352481254979945, 0.0002446053247480615], [-0.09858925856646233, -0.014718404701740899, 0.9950193599414793, -0.00031280518000187385]]]
[[[707.0493, 0, 604.0814], [0, 707.0493, 180.5066], [0, 0, 1]], [[0.9950115165439587, -0.017369612890370246, 0.09823633998134333, 0.0003303213604125565], [0.01583893593425618, 0.9997410311844507, 0.01634009408546247, 0.00011657405976136202], [-0.09849472094159116, -0.014702622701066674, 0.9950289557758347, -0.00032806395999784854]]]
[[[707.0493, 0, 604.0814], [0, 707.0493, 180.5066], [0, 0, 1]], [[0.9950098874937692, -0.017396022985775382, 0.0982481662623539, 0.0005453345865433386], [0.01586080577451361, 0.9997399421145722, 0.016385450281735978, 0.00031991099918686754], [-0.09850765772172189, -0.014745389958575548, 0.9950270422682741, -0.00028228760000104103]]]
[[[707.0493, 0, 604.0814], [0, 707.0493, 180.5066], [0, 0, 1]], [[0.9950127492077102, -0.017376055255712886, 0.09822271436824025, 0.000498642744110816], [0.015841941351002285, 0.9997403768427525, 0.01637717327692728, -5.372698948694586e-05], [-0.09848178414481482, -0.014739457726168545, 0.9950296913045321, -0.00014495850000173505]]]
[[[707.0493, 0, 604.0814], [0, 707.0493, 180.5066], [0, 0, 1]], [[0.9950206609635629, -0.017446288134704488, 0.09813007330046844, 0.000308078579795565], [0.015913727047002384, 0.9997392103833836, 0.016378782417568506, -0.00022958829251286476], [-0.09839023095362641, -0.014735611705301407, 0.995038805374224, -0.0006484985299977097]]]
[[[707.0493, 0, 604.0814], [0, 707.0493, 180.5066], [0, 0, 1]], [[0.9950323374738504, -0.017393822578956265, 0.09802092795631613, 0.00024202128528477853], [0.015866140061298203, 0.9997405471080367, 0.016343318747387783, -0.00010255842646521757], [-0.09827976892972833, -0.014706916883400133, 0.9950501462815349, -0.0007781982399990284]]]
[[[707.0493, 0, 604.0814], [0, 707.0493, 180.5066], [0, 0, 1]], [[0.9950427381906477, -0.017406308096163482, 0.09791307171424883, 0.0003666040778140794], [0.01587924475157906, 0.999740166416033, 0.01635387539888095, -5.450471368270552e-05], [-0.09817229120366729, -0.0147180193268017, 0.9950605916962636, -0.0004043579099999306]]]
[[[707.0493, 0, 604.0814], [0, 707.0493, 180.5066], [0, 0, 1]], [[0.9950418607528928, -0.01745658293050777, 0.09791303826258757, 0.0002947025639061134], [0.015928000255381294, 0.9997390993237465, 0.016371685655693448, -2.2802968264087486e-05], [-0.09817328637305163, -0.014730953660050996, 0.995060302115897, -0.0006637573300025679]]]
[[[707.0493, 0, 604.0814], [0, 707.0493, 180.5066], [0, 0, 1]], [[0.9950411675065964, -0.017405270475957618, 0.09792921692104124, 0.0007272326072729847], [0.015879219686046175, 0.9997403751777133, 0.016341132815312936, 0.0003609565001362485], [-0.09818821390203548, -0.014705060325757654, 0.9950592122338972, -0.0004653930599971545]]]
[[[707.0493, 0, 604.0814], [0, 707.0493, 180.5066], [0, 0, 1]], [[0.9950548760161636, -0.017415907730964766, 0.09778793317359682, 0.0004139253236830694], [0.015893372770415623, 0.9997403770928452, 0.0163272506024845, 5.7396677943157366e-05], [-0.09804689907609483, -0.014692330249563578, 0.9950733344901771, -0.0010986328200033313]]]
[[[707.0493, 0, 604.0814], [0, 707.0493, 180.5066], [0, 0, 1]], [[0.9950558029950618, -0.017444085882299478, 0.09777347694330756, 0.0003872907492813662], [0.01592125625934581, 0.9997398270192077, 0.016333764744510204, 0.0002473866371920435], [-0.09803296652135329, -0.014696330811999394, 0.9950746481222841, -0.0011672973599985426]]]
[[[707.0493, 0, 604.0814], [0, 707.0493, 180.5066], [0, 0, 1]], [[0.995063408837265, -0.017433850982112375, 0.0976978670857023, 0.0002745000824386496], [0.015911424775624065, 0.9997398722431473, 0.016340575536541366, -0.0005644048817483416], [-0.097957332317554, -0.014705396532880602, 0.9950819626332492, -0.0006790161099985426]]]
[[[707.0493, 0, 604.0814], [0, 707.0493, 180.5066], [0, 0, 1]], [[0.9950656115635071, -0.017474488511618945, 0.09766816746003126, 0.0005266883359117253], [0.015951272825164783, 0.9997390010799903, 0.016355018032404776, -0.00013893284001933472], [-0.09792847174851944, -0.014716384435058207, 0.9950846408472793, -0.00036621094000111043]]]
[[[707.0493, 0, 604.0814], [0, 707.0493, 180.5066], [0, 0, 1]], [[0.9950737104327696, -0.01744964892998797, 0.09759006382711684, -3.875879340742755e-05], [0.015928510084896232, 0.999739535772659, 0.016344515274057565, -5.761956231633239e-05], [-0.09784985116000906, -0.014709533143125638, 0.9950924762365935, -0.0012283325200002082]]]
[[[707.0493, 0, 604.0814], [0, 707.0493, 180.5066], [0, 0, 1]], [[0.9950695065991575, -0.017382851392534624, 0.09764483352422837, 9.921389578628822e-05], [0.015860760801582385, 0.9997406420152279, 0.01634273446443086, -0.00020233554048645317], [-0.09790359188152498, -0.014713435371964142, 0.9950871326252042, -0.0009994506799984038]]]
[[[707.0493, 0, 604.0814], [0, 707.0493, 180.5066], [0, 0, 1]], [[0.995070444751983, -0.01743860429761966, 0.09762533001860665, -4.0031353389513965e-05], [0.015918504557364044, 0.999739963361824, 0.016328100623036117, -0.0003067853226431879], [-0.09788468314168464, -0.01469356108810432, 0.995089286480767, -0.0007400512700002082]]]
[[[707.0493, 0, 604.0814], [0, 707.0493, 180.5066], [0, 0, 1]], [[0.9950737808435193, -0.01746301563741986, 0.09758695487938385, -0.0002598099729338402], [0.015942445817671805, 0.9997393901435164, 0.01633983527519674, -0.0005037819129849698], [-0.09784686555600168, -0.01470356692497417, 0.9950928579889158, -0.0007934570400038865]]]
[[[707.0493, 0, 604.0814], [0, 707.0493, 180.5066], [0, 0, 1]], [[0.9950762306256841, -0.01747149363745106, 0.09756045384199927, 0.00015694413278100774], [0.015954429048649684, 0.9997397092662806, 0.01630858393314279, -3.526157242847732e-05], [-0.09781999508031049, -0.014671762888258081, 0.9950959692091205, -0.0006637573199981261]]]
[[[707.0493, 0, 604.0814], [0, 707.0493, 180.5066], [0, 0, 1]], [[0.9950776958262455, -0.017423086561073817, 0.09755416610178747, -1.0201492624774641e-05], [0.015905681237558467, 0.9997404516603645, 0.01631069030725877, -0.000329366196904218], [-0.09781302864904548, -0.01467873865887167, 0.9950965511235005, -0.001113891599999306]]]
[[[707.0493, 0, 604.0814], [0, 707.0493, 180.5066], [0, 0, 1]], [[0.9950893239205288, -0.01745999605029955, 0.09742887640380753, 0.00025984449286837243], [0.015942694839068842, 0.9997395419314499, 0.016330302506792495, -6.840890479226246e-05], [-0.09768862728410717, -0.014696830835882602, 0.9951085042661069, -0.0005416870099992366]]]
[[[707.0493, 0, 604.0814], [0, 707.0493, 180.5066], [0, 0, 1]], [[0.9950879548014481, -0.01741103972572109, 0.09745161827666408, 2.8176931646023216e-05], [0.01589390111661842, 0.9997404400805212, 0.01632287887907215, -6.062296876337175e-05], [-0.09771052203507279, -0.014693813775703916, 0.9951063991957636, -0.0014190673900031925]]]
[[[707.0493, 0, 604.0814], [0, 707.0493, 180.5066], [0, 0, 1]], [[0.9950919047853761, -0.017431650230545766, 0.09740759005771521, 0.00024447646317442696], [0.01592183390117583, 0.9997410867955726, 0.01625590901890159, -8.565240964885657e-06], [-0.09766573726663488, -0.014625216000023792, 0.9951118061912025, -0.001251220699998612]]]
[[[707.0493, 0, 604.0814], [0, 707.0493, 180.5066], [0, 0, 1]], [[0.9950920225401843, -0.017444356788261513, 0.09740411230091475, -2.8197571689941122e-05], [0.01593278460177825, 0.999740602902608, 0.016274928041711233, -6.462698377934579e-05], [-0.09766275160837276, -0.014643132321104499, 0.9951118357371235, -0.0012664794899990284]]]
[[[707.0493, 0, 604.0814], [0, 707.0493, 180.5066], [0, 0, 1]], [[0.9950992737408896, -0.01743008490479249, 0.09733256156377422, 0.00011046667866551732], [0.015918965745206286, 0.9997407336783017, 0.01628041627151866, 0.0001223579882822657], [-0.09759109554645404, -0.014651196694560675, 0.9951187469369975, -0.000556945799999653]]]
[[[707.0493, 0, 604.0814], [0, 707.0493, 180.5066], [0, 0, 1]], [[0.9951069090555513, -0.01746374802391575, 0.09724842957530855, -0.0001270726230829698], [0.015953925564675443, 0.9997401590235683, 0.016281483182043553, 0.00016763038862079577], [-0.09750749616815808, -0.014650322197397248, 0.9951269548407022, -0.0004348754900007634]]]
[[[707.0493, 0, 604.0814], [0, 707.0493, 180.5066], [0, 0, 1]], [[0.9951056716807088, -0.01740562600146313, 0.09727150853349778, 0.00015589283956492564], [0.01589717017571864, 0.9997413917166927, 0.01626129357629173, 0.000356841042933687], [-0.09752939130995017, -0.014635363742227096, 0.9951250293098065, -0.00048065186000201265]]]
[[[707.0493, 0, 604.0814], [0, 707.0493, 180.5066], [0, 0, 1]], [[0.995104794007377, -0.017452877048679996, 0.09727202077812418, 2.3287071320772224e-05], [0.015945928771872387, 0.9997408300337438, 0.016248080472584133, 0.0004506121344309615], [-0.09753038654254649, -0.014617450056862057, 0.995125195065775, -0.0004730224599995836]]]
[[[707.0493, 0, 604.0814], [0, 707.0493, 180.5066], [0, 0, 1]], [[0.9951062425198189, -0.01745857156781256, 0.09725617911936996, -0.00011617268699661202], [0.015952919516519996, 0.9997408902611201, 0.016237509008541647, 7.897615326513513e-05], [-0.0975144628093025, -0.014606526579396026, 0.9951269159882566, -0.0006332397399972933]]]
[[[707.0493, 0, 604.0814], [0, 707.0493, 180.5066], [0, 0, 1]], [[0.9951118409670675, -0.017437079960110947, 0.09720273766514229, 0.00010208422074003662], [0.015932106554969166, 0.999741220588994, 0.016237605610118142, -2.33554369763192e-06], [-0.0974607200253255, -0.014609589237666087, 0.9951321359269089, -0.00036621094000111043]]]
[[[707.0493, 0, 604.0814], [0, 707.0493, 180.5066], [0, 0, 1]], [[0.9951297688330042, -0.01742769959687762, 0.0970207115472388, -0.0002074191360742019], [0.01592542589351088, 0.9997413366983091, 0.016237010401798407, 0.0002642934443785221], [-0.09727858958929153, -0.014612836255799486, 0.9951499088198116, 0.00035858153999868136]]]
[[[707.0493, 0, 604.0814], [0, 707.0493, 180.5066], [0, 0, 1]], [[0.9951370976282145, -0.01744051999320227, 0.09694320598402008, 6.45773490883225e-05], [0.01594146945434099, 0.999741416747039, 0.016216324869083643, 0.00024137903392784714], [-0.09720095923255978, -0.014592049307415988, 0.995157799357107, 0.00038146973000152684]]]
[[[707.0493, 0, 604.0814], [0, 707.0493, 180.5066], [0, 0, 1]], [[0.9951394283313842, -0.017434573651430255, 0.09692034782169642, -0.00017911775393498293], [0.015935534422504227, 0.9997414618763367, 0.0162193756980481, 0.0008682982401310776], [-0.09717806811701364, -0.014596062721093804, 0.9951599760993641, 0.0001678466800001388]]]
[[[707.0493, 0, 604.0814], [0, 707.0493, 180.5066], [0, 0, 1]], [[0.9951396035620569, -0.0174248364596637, 0.09692029971428122, -4.827560213016696e-05], [0.015924587887828707, 0.9997414426736599, 0.016231306213366745, 0.0004907676786278777], [-0.09717806811701364, -0.014608999799549363, 0.9951597862664577, 0.0001525878899997224]]]
[[[707.0493, 0, 604.0814], [0, 707.0493, 180.5066], [0, 0, 1]], [[0.9951443331703627, -0.017427744846011537, 0.09687120247264705, -0.0007224258261875169], [0.015932626767093866, 0.9997420443318675, 0.016186296656084016, 0.0004240264547838397], [-0.0971283046450145, -0.014564288678840133, 0.9951652998030351, 0.0005722045900000694]]]
[[[707.0493, 0, 604.0814], [0, 707.0493, 180.5066], [0, 0, 1]], [[0.995142299387961, -0.01744849824136054, 0.09688835780403783, -0.00029226115460968745], [0.015956483751939688, 0.9997422039608896, 0.01615290208281734, 0.0006849837468957952], [-0.09714522425274494, -0.014528438613431182, 0.9951641723235115, 0.0005874633800004858]]]
[[[707.0493, 0, 604.0814], [0, 707.0493, 180.5066], [0, 0, 1]], [[0.9951471228658467, -0.01745238603054357, 0.09683810238572488, -0.0005234584469415963], [0.015958551899404316, 0.999741744233146, 0.01617929105185855, 0.0003543932666793499], [-0.09709546062047013, -0.014555379057503757, 0.9951686351907354, 0.00039672850999750153]]]
[[[707.0493, 0, 604.0814], [0, 707.0493, 180.5066], [0, 0, 1]], [[0.9951488196530074, -0.017442671385943177, 0.09682241454409277, -0.00012105555928405667], [0.015949620468374698, 0.9997419858745311, 0.01617316563211758, 0.0008987764926075859], [-0.09707953620686982, -0.014550425924044472, 0.9951702611891535, 9.155274000249847e-05]]]
[[[707.0493, 0, 604.0814], [0, 707.0493, 180.5066], [0, 0, 1]], [[0.9951547521402386, -0.01742823578729914, 0.09676402167150029, -0.00028035821673774865], [0.01593677521825657, 0.9997423232988003, 0.016164968319166324, 0.00042358226677772495], [-0.09702081471696183, -0.014544538578421565, 0.9951760738227169, -8.39233400000694e-05]]]
[[[707.0493, 0, 604.0814], [0, 707.0493, 180.5066], [0, 0, 1]], [[0.9951616888700242, -0.01744495976557794, 0.09668963948706445, -0.000995231554380175], [0.015951817562814167, 0.9997416098006499, 0.01619423198696776, 0.0008262513402426442], [-0.0969471635572894, -0.014573503764791877, 0.9951828276584226, -7.629400002429065e-06]]]
[[[707.0493, 0, 604.0814], [0, 707.0493, 180.5066], [0, 0, 1]], [[0.9951659701525449, -0.017444953715782276, 0.09664556606590081, -0.0005999179167496639], [0.015956863297830474, 0.9997422607951382, 0.016149009069298496, 0.000923136490003428], [-0.09690237543031922, -0.014528784191395661, 0.995187843608372, 3.814698000326189e-05]]]
[[[707.0493, 0, 604.0814], [0, 707.0493, 180.5066], [0, 0, 1]], [[0.9951755264808022, -0.017449857671402037, 0.09654622706717184, -0.0008790242493663682], [0.015964979979690937, 0.9997424188829511, 0.01613119029439374, 0.0009545054896025188], [-0.09680284555686448, -0.014512007211743201, 0.9951977746854039, -0.0008621215900035395]]]
[[[707.0493, 0, 604.0814], [0, 707.0493, 180.5066], [0, 0, 1]], [[0.9951690073591646, -0.017451283524335656, 0.09661314349056375, -0.00027299242678704354], [0.015966866247798115, 0.9997426263745572, 0.016116457176664038, 0.0005312567590144388], [-0.09686953067915596, -0.014495989550754073, 0.9951915194136978, -0.0001831054599961135]]]
[[[707.0493, 0, 604.0814], [0, 707.0493, 180.5066], [0, 0, 1]], [[0.9951741383648384, -0.01744356575599005, 0.0965616711926539, -0.0010707988825538741], [0.015960975990251324, 0.9997429042528181, 0.016105050188656787, 0.0009074523853889415], [-0.09681777509961884, -0.014486110929334503, 0.995196699660375, -0.00021362305000138804]]]
[[[707.0493, 0, 604.0814], [0, 707.0493, 180.5066], [0, 0, 1]], [[0.9951759972576034, -0.017464585544650246, 0.09653871106498142, -0.0008772745693309849], [0.01598390074799473, 0.9997427818099263, 0.016089907887503342, 0.0010644048737203948], [-0.09679488312515609, -0.014469224951727115, 0.9951991720907346, -0.00018310547000055521]]]
[[[707.0493, 0, 604.0814], [0, 707.0493, 180.5066], [0, 0, 1]], [[0.9951816043987675, -0.01743237918218546, 0.09648671629993302, -0.0012448609089637521], [0.015954127670924127, 0.9997435587700448, 0.016071170090125327, 0.0012492771864575493], [-0.0967421318586432, -0.014454371444459038, 0.9952045172071872, -3.814696999882017e-05]]]
[[[707.0493, 0, 604.0814], [0, 707.0493, 180.5066], [0, 0, 1]], [[0.9951877965294746, -0.01745452248003332, 0.0964188222485784, -0.000810456458731235], [0.015978117594031477, 0.99974330049493, 0.016063401683806405, 0.0013604000635175349], [-0.09667445059042357, -0.014445510046309345, 0.9952112227273876, 0.00034332274999826495]]]
[[[707.0493, 0, 604.0814], [0, 707.0493, 180.5066], [0, 0, 1]], [[0.995195780138113, -0.017424439633997722, 0.0963418294342281, -0.0009846428864792854], [0.015950373121545413, 0.9997439674308399, 0.01604946051826101, 0.0002942160666623282], [-0.09659681564407914, -0.014435667254578382, 0.995218903919303, 0.0010375976600016656]]]
[[[707.0493, 0, 604.0814], [0, 707.0493, 180.5066], [0, 0, 1]], [[0.9951906167530334, -0.017462180259785486, 0.09638832184083149, -0.0006094279603734239], [0.015989112794399265, 0.9997435970975963, 0.01603397437964177, 0.0005251392943038902], [-0.09664359574625177, -0.014415697101902115, 0.9952146517602629, 6.866454999965299e-05]]]
[[[707.0493, 0, 604.0814], [0, 707.0493, 180.5066], [0, 0, 1]], [[0.9951937709381098, -0.01744517379148089, 0.09635883040681831, -0.00030600386333449423], [0.015973236264291917, 0.9997439794786739, 0.016025954554725053, -9.432751206009445e-05], [-0.09661373613120472, -0.01440976778196066, 0.9952176367926968, 0.000907897950000347]]]
[[[707.0493, 0, 604.0814], [0, 707.0493, 180.5066], [0, 0, 1]], [[0.9951944790672893, -0.017443169799953244, 0.09635187938653136, -0.0010012419769279417], [0.0159712567283854, 0.9997439999594379, 0.016026649793998045, 0.00030901021452434997], [-0.09660676887518128, -0.014410772790987047, 0.9952182985833127, -0.00020599364999895897]]]
[[[707.0493, 0, 604.0814], [0, 707.0493, 180.5066], [0, 0, 1]], [[0.9952003495398221, -0.017412118457164606, 0.09629684525803255, -0.0005956644556718724], [0.015942482710121754, 0.9997447265310697, 0.01600996621963877, 0.00026407135037546475], [-0.09655103065660804, -0.014397913187339796, 0.9952238936917644, 0.0001831054599961135]]]
[[[707.0493, 0, 604.0814], [0, 707.0493, 180.5066], [0, 0, 1]], [[0.995201925913774, -0.017408925820004553, 0.09628112981944396, -0.0004128604208421186], [0.01594051704807357, 0.9997449250879027, 0.01599952115607651, 0.00046484986173016334], [-0.09653510539568037, -0.014387983276930883, 0.9952255821488251, 6.103516000166564e-05]]]
[[[707.0493, 0, 604.0814], [0, 707.0493, 180.5066], [0, 0, 1]], [[0.9952051734873172, -0.0173986605115388, 0.09624941182408993, 5.6990045451393994e-06], [0.01593061446225863, 0.9997450744981838, 0.01600004810855229, 0.0004907676786278777], [-0.09650325479969013, -0.014390018381688472, 0.9952286416618248, -0.00021362305000138804]]]
[[[707.0493, 0, 604.0814], [0, 707.0493, 180.5066], [0, 0, 1]], [[0.9952151668801034, -0.01736933935716339, 0.09615132688685975, -0.00039037549031783667], [0.015902901277704544, 0.9997455680340875, 0.015996778649196235, 0.000573637195092517], [-0.09640471639271413, -0.014391151673701877, 0.995238175217744, -0.0007171630799973627]]]
[[[707.0493, 0, 604.0814], [0, 707.0493, 180.5066], [0, 0, 1]], [[0.9952183340261761, -0.017387912618934805, 0.09611518149032985, -0.00025061136015540564], [0.01592186586902336, 0.9997452301250636, 0.01599903214050032, 0.0008075638291811184], [-0.0963688840104086, -0.014392197085234105, 0.9952416303881426, -0.0013885498100023597]]]
[[[707.0493, 0, 604.0814], [0, 707.0493, 180.5066], [0, 0, 1]], [[0.9952255937192781, -0.01741997005114197, 0.0960341723009453, -0.0004513288290003985], [0.01595582836152424, 0.9997447850219512, 0.01599300980773671, 0.001019577451758097], [-0.09628826069364796, -0.014384347911188075, 0.9952495472934223, -0.0019378662099995836]]]
[[[707.0493, 0, 604.0814], [0, 707.0493, 180.5066], [0, 0, 1]], [[0.995227016451326, -0.017373841628127162, 0.0960277842734739, -0.000449468160835628], [0.01590906351366584, 0.9997454443318575, 0.01599838228744162, 0.0010743050498139776], [-0.09628129321685615, -0.014394310152894964, 0.995250077323138, -0.0012435913100006246]]]
[[[707.0493, 0, 604.0814], [0, 707.0493, 180.5066], [0, 0, 1]], [[0.9952372644751318, -0.01738022981873564, 0.09592035764895958, -0.0007012277826305368], [0.015918186757532038, 0.9997454887006676, 0.01598653036202427, 0.0009426025156308313], [-0.09617379440579807, -0.014383512579044267, 0.9952606270899496, -0.0017623901299970157]]]
[[[707.0493, 0, 604.0814], [0, 707.0493, 180.5066], [0, 0, 1]], [[0.9952396704158131, -0.017405149110416625, 0.09589087138548547, -0.000428159233232595], [0.015942117110733314, 0.9997448540328323, 0.016002366603051814, 0.0009156840901641822], [-0.09614492879320893, -0.01439748656241663, 0.9952632139529893, -0.0016937255900018044]]]
[[[707.0493, 0, 604.0814], [0, 707.0493, 180.5066], [0, 0, 1]], [[0.9952501114100502, -0.0174050503729601, 0.0957824616503333, -0.0004926951027149354], [0.015950248403307672, 0.9997458259202538, 0.015933396715779338, 0.0008608450499217142], [-0.096035437803738, -0.014329960800516805, 0.995274759505786, -0.0015640258800004858]]]
[[[707.0493, 0, 604.0814], [0, 707.0493, 180.5066], [0, 0, 1]], [[0.995238101922045, -0.017426232366725216, 0.095903320631281, -0.0007465086772206016], [0.015967974826979946, 0.9997452452529961, 0.01595206488049268, 0.0007359294239387592], [-0.09615687319443329, -0.014344720963734766, 0.9952628219309422, -0.0020294189399976403]]]
[[[707.0493, 0, 604.0814], [0, 707.0493, 180.5066], [0, 0, 1]], [[0.9952455183125395, -0.017431741377382355, 0.09582532374772723, -0.0007687169659768575], [0.015973071327322858, 0.999744904748013, 0.0159682942970992, 0.0008541711646483457], [-0.09607923433904403, -0.01436174860309741, 0.995270074354637, -0.001602172849999306]]]
[[[707.0493, 0, 604.0814], [0, 707.0493, 180.5066], [0, 0, 1]], [[0.9952490401569606, -0.017432826395926103, 0.0957885412275285, -0.0010873499759575403], [0.01597511886159628, 0.999744942274486, 0.015963895951259754, 0.0007181310792595803], [-0.09604240544679364, -0.014357818790968176, 0.9952736856742267, -0.001686096200003817]]]
[[[707.0493, 0, 604.0814], [0, 707.0493, 180.5066], [0, 0, 1]], [[0.9952551986264507, -0.017393471467244216, 0.09573169149943145, -0.0007042779472610541], [0.01593838380533188, 0.9997458551619576, 0.015943431505167305, 0.0009096772772701035], [-0.0959846734051749, -0.014341974648010932, 0.995279483479137, -0.0012130737299997918]]]
[[[707.0493, 0, 604.0814], [0, 707.0493, 180.5066], [0, 0, 1]], [[0.9952546557944971, -0.01741118653457797, 0.09573411462396889, -0.0006971749372358039], [0.015960276337714324, 0.9997461883421052, 0.01590058095340309, 0.0007956624359496661], [-0.09598666417060696, -0.014297184299366765, 0.9952799359087418, -0.0012359619099981956]]]
[[[707.0493, 0, 604.0814], [0, 707.0493, 180.5066], [0, 0, 1]], [[0.9952562367284703, -0.01736855814706937, 0.09572542212481991, -0.00038717343768721876], [0.01591550367426654, 0.999746559253391, 0.0159221230933722, 0.0009885427787187687], [-0.09597770572313916, -0.014323074003088802, 0.995280427595773, -0.0010986328099988896]]]
[[[707.0493, 0, 604.0814], [0, 707.0493, 180.5066], [0, 0, 1]], [[0.9952521416326167, -0.01736664641742904, 0.0957683359357462, -0.00043630662962449357], [0.01591942021496203, 0.999747560614548, 0.015855191745299653, 0.0008536147440855257], [-0.09601951174479798, -0.01425533715745647, 0.9952773677356568, -9.918213000048581e-05]]]
[[[707.0493, 0, 604.0814], [0, 707.0493, 180.5066], [0, 0, 1]], [[0.9952584600221617, -0.017374265884442637, 0.09570126769950359, -0.0003802918105865416], [0.01592051679301678, 0.9997463026913159, 0.01593321687817575, -2.113449694574536e-05], [-0.09595381649188647, -0.014334055253849369, 0.9952825729211886, -0.0011367797900021515]]]
[[[707.0493, 0, 604.0814], [0, 707.0493, 180.5066], [0, 0, 1]], [[0.9952618308797897, -0.017341217348308045, 0.09567220168203457, -0.0005409430517251256], [0.015889709718210795, 0.9997471183394503, 0.01591277779133696, 5.1724191608841195e-05], [-0.09592395487509964, -0.01431717684615963, 0.9952856943251399, -0.00199127196999882]]]
[[[707.0493, 0, 604.0814], [0, 707.0493, 180.5066], [0, 0, 1]], [[0.9952665917410405, -0.01732320980766235, 0.0956259262236584, -0.0004924392745509271], [0.015873857406679008, 0.9997476290510945, 0.01589650457639517, 0.0003718572847987661], [-0.09587717150190274, -0.014303307613088715, 0.9952904015291818, -0.0017242431599981956]]]
[[[707.0493, 0, 604.0814], [0, 707.0493, 180.5066], [0, 0, 1]], [[0.9952714806281592, -0.017333875359010625, 0.09557309565599553, -0.00015224813278175175], [0.015885881679463913, 0.9997475285618601, 0.015890811738827743, -0.0004699667178717772], [-0.09582441552912212, -0.01429740883835519, 0.9952955668991051, -0.0011138916100037477]]]
[[[707.0493, 0, 604.0814], [0, 707.0493, 180.5066], [0, 0, 1]], [[0.9952832421148472, -0.01733311673883521, 0.09545067327932391, -0.00021555971851002197], [0.015887064945552493, 0.9997475392951752, 0.015888953416071976, -0.0009385985006148572], [-0.0957019808194905, -0.01429757802427456, 0.9953073445573812, -0.001243591299996183]]]
[[[707.0493, 0, 604.0814], [0, 707.0493, 180.5066], [0, 0, 1]], [[0.9952876439376493, -0.01736629143470934, 0.09539873032094118, -1.3922372351955008e-05], [0.01591700146052513, 0.999746378140077, 0.015931994862660035, -0.0002095658463226416], [-0.09565121478344413, -0.014338455900232978, 0.9953116365203657, -0.0009231567400007634]]]
[[[707.0493, 0, 604.0814], [0, 707.0493, 180.5066], [0, 0, 1]], [[0.9952786156602571, -0.017330582234471103, 0.09549936192884492, -3.903549484512931e-05], [0.015883008967855963, 0.9997474702941783, 0.015897347782509376, -0.0010998885401519293], [-0.09575075579612564, -0.01430547307170522, 0.995302540037282, -0.000350952150000694]]]
[[[707.0493, 0, 604.0814], [0, 707.0493, 180.5066], [0, 0, 1]], [[0.9952776590522612, -0.017344603771197755, 0.09550678568285573, 8.728311391192588e-06], [0.015894940077760718, 0.9997469422553673, 0.015918615862172476, -0.0006006678531158712], [-0.09575871903578902, -0.01432536809520669, 0.995301487770194, -0.0005264282199988202]]]
[[[707.0493, 0, 604.0814], [0, 707.0493, 180.5066], [0, 0, 1]], [[0.9952825729371039, -0.017353489746048688, 0.09545394911334155, 0.0002803029464992033], [0.015899000700201293, 0.9997459438549102, 0.01597715626730036, -0.001204671858498309], [-0.09570695786845185, -0.014384162794146883, 0.9953056184289718, 0.0004730224599995836]]]
[[[707.0493, 0, 604.0814], [0, 707.0493, 180.5066], [0, 0, 1]], [[0.9952865847641592, -0.01727661924025498, 0.09542605837046457, 0.00024657232950899867], [0.015821412719316367, 0.9997470453800634, 0.01598524799302396, -0.0002915461964049337], [-0.09567809095117394, -0.014400127827928252, 0.9953081629477768, 7.629389997987346e-06]]]
[[[707.0493, 0, 604.0814], [0, 707.0493, 180.5066], [0, 0, 1]], [[0.9952887675064718, -0.017264842629976226, 0.0954054216719928, 0.0004204199473643787], [0.0158104964758655, 0.9997473200723922, 0.015978867583667553, -0.0006404890707530248], [-0.09565718727118858, -0.014395180340374089, 0.9953102437463069, 0.00011444092000090222]]]
[[[707.0493, 0, 604.0814], [0, 707.0493, 180.5066], [0, 0, 1]], [[0.9952899179618571, -0.017290704823113737, 0.09538873481811024, 0.00037776039246247413], [0.0158344077461088, 0.9997465572702403, 0.016002898413480814, -0.0002942160666623282], [-0.09564126062955138, -0.014417099327609848, 0.9953114570385333, -6.103516000166564e-05]]]
[[[707.0493, 0, 604.0814], [0, 707.0493, 180.5066], [0, 0, 1]], [[0.9952931846119529, -0.017288356761454547, 0.09535507005652978, 0.0005473681846395375], [0.01583346417127793, 0.9997467263373374, 0.015993267024412942, -0.0003537261943000601], [-0.09560741643478235, -0.014408188583787528, 0.9953148376390257, 3.051758000083282e-05]]]
[[[707.0493, 0, 604.0814], [0, 707.0493, 180.5066], [0, 0, 1]], [[0.9952987614121637, -0.01732144541654589, 0.09529083408226918, 0.00024609513909288933], [0.0158614283194613, 0.9997452466702543, 0.01605792178019233, -0.0002852058473212101], [-0.09554470484061126, -0.014470980924381241, 0.9953199486034662, -0.00020599364999895897]]]
[[[707.0493, 0, 604.0814], [0, 707.0493, 180.5066], [0, 0, 1]], [[0.9952972145706067, -0.01728913477292655, 0.09531285583170405, 0.00024016085598822865], [0.01583253273215372, 0.9997463531251367, 0.01601750043779436, -0.0007416019102730753], [-0.09556560874748248, -0.0144331296603697, 0.9953184913347738, 0.0005264282199988202]]]
[[[707.0493, 0, 604.0814], [0, 707.0493, 180.5066], [0, 0, 1]], [[0.9953066056994986, -0.017286958803907772, 0.09521513380894235, 0.00041840725894290703], [0.01583069100318869, 0.9997462019065847, 0.01602875527669248, -0.0010771970140744293], [-0.09546805682166346, -0.014446204645876088, 0.9953276632838179, 0.0009384155300011798]]]
[[[707.0493, 0, 604.0814], [0, 707.0493, 180.5066], [0, 0, 1]], [[0.9953038379856969, -0.01730144107037838, 0.0952414312567269, 0.0002991013881896962], [0.01584259365159543, 0.99974563527427, 0.01605231997053837, -0.0004104557998639277], [-0.0954949334642003, -0.014468064381054607, 0.9953247674983947, 0.00044250487999875077]]]
[[[707.0493, 0, 604.0814], [0, 707.0493, 180.5066], [0, 0, 1]], [[0.9953112676392315, -0.01731612415892352, 0.09516108634572604, 0.0005337362033692088], [0.015861627623059253, 0.9997458542396753, 0.016019853299238718, -0.0006575081104962087], [-0.09541430332782073, -0.01443533077883812, 0.9953329754136413, 0.0006484985400021515]]]
[[[707.0493, 0, 604.0814], [0, 707.0493, 180.5066], [0, 0, 1]], [[0.995314824051945, -0.017249668851580538, 0.09513595506934577, 0.0002700946487627924], [0.01579398577565739, 0.9997467149202591, 0.016032966645899403, -0.0008152391133935392], [-0.09538842191673, -0.014455273455075237, 0.9953351666818444, 0.0005187988300008328]]]
[[[707.0493, 0, 604.0814], [0, 707.0493, 180.5066], [0, 0, 1]], [[0.9953142850871222, -0.01726684982012167, 0.09513847696279364, 0.0004004317708323771], [0.015809906265776948, 0.999746245622423, 0.01604653319995527, -0.0016748614607432612], [-0.09539140823668554, -0.014467213316989705, 0.9953347070073778, 0.0016098022399972933]]]
[[[707.0493, 0, 604.0814], [0, 707.0493, 180.5066], [0, 0, 1]], [[0.9953189253825346, -0.017259589037601983, 0.09509123703901175, 0.00031181357179704486], [0.01580599769381454, 0.9997467585694119, 0.0160184008832646, -0.0011314788433839599], [-0.09534362701439232, -0.014440405680136974, 0.995339674418504, 0.001052856450002082]]]
[[[707.0493, 0, 604.0814], [0, 707.0493, 180.5066], [0, 0, 1]], [[0.9953304626166016, -0.0171907327630825, 0.09498288737709648, 0.00034682360807767], [0.01573947702133125, 0.999747985859914, 0.016007299339369015, -0.0012634042619402812], [-0.09523412755161301, -0.014437571683405079, 0.9953501984092683, 0.0009002685499979179]]]
[[[707.0493, 0, 604.0814], [0, 707.0493, 180.5066], [0, 0, 1]], [[0.9953146612902626, -0.017223201269866963, 0.09514245297798292, 0.00016998836883382176], [0.015762125119932708, 0.9997463494596169, 0.01608701817842939, -0.0006215794656884415], [-0.09539538999529078, -0.014511997801377467, 0.9953336734419564, 5.340575999923658e-05]]]
[[[707.0493, 0, 604.0814], [0, 707.0493, 180.5066], [0, 0, 1]], [[0.9953208243556285, -0.01719509218078048, 0.09508304480256494, 0.00019361428014599366], [0.01574032017817752, 0.9997476252316921, 0.016028978890766685, -0.0018353721953443384], [-0.09533466801075338, -0.014457338914428497, 0.9953402867496085, 0.0006484985400021515]]]
[[[707.0493, 0, 604.0814], [0, 707.0493, 180.5066], [0, 0, 1]], [[0.9953268426115656, -0.017188813063500046, 0.0950211612345362, 5.306165939562212e-05], [0.015733446323197144, 0.9997474871308745, 0.016044333650766254, -0.00136051229607424], [-0.09527295022033667, -0.014474345614572233, 0.9953459490425142, 0.00048065184999757093]]]
[[[707.0493, 0, 604.0814], [0, 707.0493, 180.5066], [0, 0, 1]], [[0.9953275943024862, -0.01713550877448879, 0.09502291491563958, 6.901756498044244e-05], [0.015673723684112965, 0.9997473910484633, 0.01610864605313459, -0.0012798660907505275], [-0.09527494112251939, -0.014544017011489978, 0.9953447428721719, 0.0001525878899997224]]]
[[[707.0493, 0, 604.0814], [0, 707.0493, 180.5066], [0, 0, 1]], [[0.9953314044231106, -0.017067438969295672, 0.0949952519663359, 4.976255605356749e-05], [0.015607080012485503, 0.9997486561846837, 0.016094828685103334, -0.0012573974490462025], [-0.09524607300357403, -0.014537089940848446, 0.9953476069160209, 0.0002517700200002082]]]
[[[707.0493, 0, 604.0814], [0, 707.0493, 180.5066], [0, 0, 1]], [[0.9953294587925391, -0.017095044784189092, 0.09501067257723199, 0.00021695673785227293], [0.0156339300187386, 0.9997481269478911, 0.01610164266007355, -0.0010139041750536631], [-0.09526200025152, -0.014541049068416134, 0.9953460248577222, 0.0008468628000031231]]]
[[[707.0493, 0, 604.0814], [0, 707.0493, 180.5066], [0, 0, 1]], [[0.9953355228521444, -0.017097350400143756, 0.09494670904219336, 7.735161377644087e-05], [0.015641989918420286, 0.9997488088269697, 0.01605139870687821, -0.0015788654773648246], [-0.0951972956550776, -0.014491371858793687, 0.9953529399371912, 0.0014266967699967381]]]
[[[707.0493, 0, 604.0814], [0, 707.0493, 180.5066], [0, 0, 1]], [[0.9953399654432057, -0.017108923317694844, 0.09489803967642109, -3.6379533032819555e-05], [0.015650024422324455, 0.9997479596261825, 0.01609639583465522, -0.000907230291385884], [-0.09514951354105286, -0.014536229435259179, 0.9953568546540013, 0.000350952150000694]]]
[[[707.0493, 0, 604.0814], [0, 707.0493, 180.5066], [0, 0, 1]], [[0.9953452446419411, -0.017109685995315985, 0.09484251480120232, -6.43698442551347e-05], [0.015653094202814907, 0.999748162419613, 0.016080807830606555, -0.0015771970060464826], [-0.09509376746428967, -0.014521376785580032, 0.9953623988305459, 0.0010833740300029149]]]
[[[707.0493, 0, 604.0814], [0, 707.0493, 180.5066], [0, 0, 1]], [[0.9953423529962664, -0.017161751467694424, 0.0948634524904986, 0.00018506578587765773], [0.015703823783097415, 0.9997471547657926, 0.01609398820342501, -0.0008310338698244956], [-0.0951156677443071, -0.01452930914612418, 0.9953601905467644, 0.0005340576099968075]]]
[[[707.0493, 0, 604.0814], [0, 707.0493, 180.5066], [0, 0, 1]], [[0.9953444056761527, -0.01711299873189318, 0.09485072147110102, 0.00029448804332795193], [0.015658058962235162, 0.9997483803976761, 0.016062412077843445, -0.001602781286754552], [-0.09510173120780363, -0.014502453813941498, 0.9953619138557859, 0.0011749267600009716]]]
[[[707.0493, 0, 604.0814], [0, 707.0493, 180.5066], [0, 0, 1]], [[0.9953486928387093, -0.017175598675823345, 0.09479440107094791, 0.00017746469065131403], [0.015717862162248724, 0.9997467853439421, 0.016103229598510644, -0.00028698576082613974], [-0.09504698034825317, -0.0145383632015731, 0.9953666196543351, 0.0012207031300022209]]]
[[[707.0493, 0, 604.0814], [0, 707.0493, 180.5066], [0, 0, 1]], [[0.9953396250317911, -0.017153714846965845, 0.09489352405998222, 0.000130461775378828], [0.015695816045056845, 0.9997473656111663, 0.01608870138366204, -0.00013192383781608606], [-0.09514553168832039, -0.014524290704949977, 0.9953574095666666, 9.918213000048581e-05]]]
[[[707.0493, 0, 604.0814], [0, 707.0493, 180.5066], [0, 0, 1]], [[0.9953432521436252, -0.017135539380212915, 0.09485875659263601, 7.858963942413256e-05], [0.015676957023223418, 0.9997474740501113, 0.016100346235843343, -0.00021690759434541754], [-0.09511069041198154, -0.01453827433264352, 0.9953605352578456, -1.525879000041641e-05]]]
[[[707.0493, 0, 604.0814], [0, 707.0493, 180.5066], [0, 0, 1]], [[0.995343130358812, -0.017167567998988092, 0.09485424321832536, 9.489126389484625e-05], [0.015708814002652335, 0.9997469100148378, 0.016104318626185925, -0.00020678532424877726], [-0.0951067085444091, -0.014539275249604602, 0.9953609011132922, -2.2888190002845477e-05]]]
[[[707.0493, 0, 604.0814], [0, 707.0493, 180.5066], [0, 0, 1]], [[0.9953510068106164, -0.01719413991207582, 0.09476673885797808, 0.00010409687072112948], [0.01573382829433711, 0.9997460168962204, 0.016135313673628617, -0.0002647392131248722], [-0.09502010254833745, -0.014569257113045641, 0.9953687341176021, 8.39233400000694e-05]]]
[[[707.0493, 0, 604.0814], [0, 707.0493, 180.5066], [0, 0, 1]], [[0.9953492763994319, -0.01715532758030445, 0.09479194431353208, -3.64833421457096e-05], [0.015698955030949577, 0.9997473214211675, 0.016088384696329717, -0.000559510119609785], [-0.09504399392946165, -0.01452542759485306, 0.9953670936750537, 0.00010681153000291488]]]
[[[707.0493, 0, 604.0814], [0, 707.0493, 180.5066], [0, 0, 1]], [[0.9953458289185394, -0.01720448893690106, 0.09481923019559776, -4.528081538801684e-05], [0.015748680367359262, 0.9997466651026605, 0.01608056848484002, -0.0005870971981959592], [-0.09507186713824686, -0.0145124490189949, 0.9953646210823041, 0.0002365112299997918]]]
[[[707.0493, 0, 604.0814], [0, 707.0493, 180.5066], [0, 0, 1]], [[0.9953528555033972, -0.01715469058212919, 0.09475447024950591, -4.200948115676975e-05], [0.015701002682671616, 0.999747649507902, 0.01606598326228561, -0.001144715962114227], [-0.09500616588407212, -0.014503582125003148, 0.9953710235633503, 0.00012207030999888957]]]
[[[707.0493, 0, 604.0814], [0, 707.0493, 180.5066], [0, 0, 1]], [[0.9953506389661966, -0.017160909473969737, 0.094776625259662, -0.00013254346133581422], [0.0157029589150153, 0.9997469503663056, 0.016107523539802764, -0.0013070081909604691], [-0.09502906182267364, -0.01454436039494946, 0.9953682429080226, 0.000419616700000347]]]
[[[707.0493, 0, 604.0814], [0, 707.0493, 180.5066], [0, 0, 1]], [[0.9953498439115006, -0.01713634066151999, 0.09478941952604109, -7.310501442179001e-05], [0.015681043232859897, 0.9997477915578603, 0.01607663392349958, -0.0007857614694859656], [-0.09504100750981473, -0.014515478080772096, 0.99536752397675, 3.051758000083282e-05]]]
[[[707.0493, 0, 604.0814], [0, 707.0493, 180.5066], [0, 0, 1]], [[0.9953486292368104, -0.017169821887890256, 0.09479611538845144, -0.00015500061798268946], [0.01571586996428437, 0.9997474627860491, 0.016063065838220567, -0.000910345140019511], [-0.09504797582099357, -0.014498547140849282, 0.9953671053551731, -0.00031280518000187385]]]
[[[707.0493, 0, 604.0814], [0, 707.0493, 180.5066], [0, 0, 1]], [[0.9953484705923026, -0.017167756588262348, 0.09479815516818002, -0.0001990781549135235], [0.01571387626623298, 0.9997475127283721, 0.016061907922875034, -0.0008735257480891614], [-0.09504996676618926, -0.014497549005248116, 0.9953669297754405, -0.0005950927699984732]]]
[[[707.0493, 0, 604.0814], [0, 707.0493, 180.5066], [0, 0, 1]], [[0.9953514648427795, -0.017176086424618573, 0.09476520189640882, -0.00022183250686400437], [0.015722883934580108, 0.9997473978568859, 0.01606024281153099, -0.0005174640100914694], [-0.09501711612184835, -0.014495603937733801, 0.9953700945429129, 0.0]]]
[[[707.0493, 0, 604.0814], [0, 707.0493, 180.5066], [0, 0, 1]], [[0.9953474894661228, -0.01717493695872887, 0.09480715560520929, -5.437584121319746e-05], [0.01572182554244719, 0.999747533871736, 0.01605281031455101, -0.0007800889831516494], [-0.09505892601486476, -0.014487582884863483, 0.9953662193017476, 3.814696999882017e-05]]]
[[[707.0493, 0, 604.0814], [0, 707.0493, 180.5066], [0, 0, 1]], [[0.995350835541734, -0.017223386979806656, 0.09476322666159032, -8.27047396660831e-05], [0.01576867159040722, 0.9997463819266107, 0.016078582677748185, -0.000766073349855505], [-0.09501612064616194, -0.014509540502549568, 0.9953699865134366, -0.0002517700200002082]]]
[[[707.0493, 0, 604.0814], [0, 707.0493, 180.5066], [0, 0, 1]], [[0.995355565483695, -0.017182057693229273, 0.09472103860315396, -0.00022260035104684905], [0.01572792672963397, 0.9997470488760195, 0.016077020385541076, -0.001159065921970134], [-0.0949733151017743, -0.014512586162237892, 0.9953740273191092, -0.0006484985400021515]]]
[[[707.0493, 0, 604.0814], [0, 707.0493, 180.5066], [0, 0, 1]], [[0.9953489163886073, -0.017188014728483438, 0.09478980321595029, -0.00024168224045501946], [0.015733795250375, 0.9997471067436912, 0.016067677014356407, -0.00016540549673963373], [-0.09504200298312541, -0.014501541549498682, 0.9953676320644769, -0.001495361319996391]]]
[[[707.0493, 0, 604.0814], [0, 707.0493, 180.5066], [0, 0, 1]], [[0.9953434379543913, -0.017225984688223304, 0.0948404237266685, -0.0001682936776164762], [0.015767558802190346, 0.9997459628129135, 0.016105711058507593, -0.0006958845315583128], [-0.09509376746428967, -0.01453531185774011, 0.9953621954337254, -0.0009155273500027761]]]
[[[707.0493, 0, 604.0814], [0, 707.0493, 180.5066], [0, 0, 1]], [[0.9953501213576035, -0.017198855667830776, 0.09477518281238652, -7.069809563679855e-05], [0.015747752684417023, 0.9997473671060104, 0.016037775718301676, -0.0008830923879930994], [-0.09502707087348633, -0.014470705867967724, 0.9953695065014239, -0.0009613037099995836]]]
[[[707.0493, 0, 604.0814], [0, 707.0493, 180.5066], [0, 0, 1]], [[0.9953421534823607, -0.017213410742399567, 0.09485618583787916, -0.0001205575563790684], [0.015758578128339182, 0.9997467577587617, 0.016065103990235766, -0.0009153505539745374], [-0.09510869947838553, -0.01449547658607685, 0.995361349682653, -0.001182556149998959]]]
[[[707.0493, 0, 604.0814], [0, 707.0493, 180.5066], [0, 0, 1]], [[0.9953389832275561, -0.017214180521172535, 0.09488930633385037, -0.00016863262910087995], [0.015760519112859913, 0.9997470047792304, 0.01604781830189793, -0.0009906562284133433], [-0.09514154983406561, -0.014477514425550982, 0.9953584716428701, -0.0007781982399990284]]]
[[[707.0493, 0, 604.0814], [0, 707.0493, 180.5066], [0, 0, 1]], [[0.9953414009988271, -0.017153161419284187, 0.0948749941292026, -0.0004163389200553491], [0.015697835228716088, 0.9997477214917773, 0.016064599003141188, -0.0006743050562363351], [-0.095126617867053, -0.01450042845310528, 0.9953595652566222, -0.0008239746100002776]]]
[[[707.0493, 0, 604.0814], [0, 707.0493, 180.5066], [0, 0, 1]], [[0.9953339878555661, -0.017216698262005982, 0.09494123403711713, -0.00036176945491969513], [0.015763426765298683, 0.9997471497624051, 0.016035925871689442, -0.00095939867100084], [-0.09519331382061806, -0.014464502857073718, 0.995353711582444, -0.0009002685600023597]]]
[[[707.0493, 0, 604.0814], [0, 707.0493, 180.5066], [0, 0, 1]], [[0.9953376203424797, -0.01722189216982162, 0.09490220208752041, -0.00034798542653084654], [0.01576846223092351, 0.999746944283938, 0.016043783649770382, -0.0010389328255690305], [-0.09515449085482758, -0.014472519650003502, 0.9953573072244654, -0.0008850097599975015]]]
[[[707.0493, 0, 604.0814], [0, 707.0493, 180.5066], [0, 0, 1]], [[0.9953344000979899, -0.01721606497424352, 0.094937026961968, -0.0005369654813980387], [0.01576144212607715, 0.999746944462322, 0.01605066915606086, -0.00041112287224321747], [-0.0951893319846354, -0.014479438699536258, 0.9953538752279338, -0.0016632080100009716]]]
[[[707.0493, 0, 604.0814], [0, 707.0493, 180.5066], [0, 0, 1]], [[0.9953363664848394, -0.017214244274592946, 0.09491673902327344, -0.0007551118168743694], [0.01575749092088304, 0.999746600265341, 0.016075967708685194, -0.000711123657796567], [-0.09516942278187802, -0.014505345633491273, 0.9953554018115425, -0.0019378662099995836]]]
[[[707.0493, 0, 604.0814], [0, 707.0493, 180.5066], [0, 0, 1]], [[0.9953396974687633, -0.017221150354642025, 0.09488054923562368, -0.0008996756192149815], [0.01576949072695637, 0.999747172645864, 0.016028535454413927, -0.00025906593642043837], [-0.09513259065642664, -0.014457619688724006, 0.9953596171374107, -0.0026016235400021515]]]
[[[707.0493, 0, 604.0814], [0, 707.0493, 180.5066], [0, 0, 1]], [[0.9953368205103758, -0.017163218079477658, 0.09492121828891761, -0.0004442391190777156], [0.015710705588210708, 0.9997480976963603, 0.016028564577947067, -0.00037441571286957306], [-0.09517240916471864, -0.0144625411897476, 0.9953557391385847, -0.0011215209899972933]]]
[[[707.0493, 0, 604.0814], [0, 707.0493, 180.5066], [0, 0, 1]], [[0.9953423121547803, -0.01721130250362499, 0.09485490340780857, -0.0005408317883392507], [0.015760571824169352, 0.9997474136709431, 0.01602227306081466, -0.00029677449473313513], [-0.0951067085444091, -0.0144526787962931, 0.9953621622632941, -0.0012207031300022209]]]
[[[707.0493, 0, 604.0814], [0, 707.0493, 180.5066], [0, 0, 1]], [[0.9953425664094956, -0.017218863275595703, 0.09485086315292739, -0.00053956598206064], [0.015768540588125466, 0.99974734094815, 0.016018969842791213, -0.0002437153679955967], [-0.09510272667531493, -0.01444870286911445, 0.9953626004448431, -0.001876831049997918]]]
[[[707.0493, 0, 604.0814], [0, 707.0493, 180.5066], [0, 0, 1]], [[0.9953376541354731, -0.017245162761239517, 0.09489762179017779, -0.000676923320676621], [0.015796339227626965, 0.9997472478988693, 0.01599737433588699, -0.0001420461079127263], [-0.09514951354105286, -0.014423754018116087, 0.995358490893068, -0.0023574829099999306]]]
[[[707.0493, 0, 604.0814], [0, 707.0493, 180.5066], [0, 0, 1]], [[0.9953401582013273, -0.0172302509270245, 0.09487406349866388, -0.0005838232415019017], [0.015782440699152134, 0.9997475906774826, 0.015989668543979072, -0.00033503947360865184], [-0.09512562240182443, -0.01441781493709566, 0.9953608604798088, -0.0024261474599995836]]]
[[[707.0493, 0, 604.0814], [0, 707.0493, 180.5066], [0, 0, 1]], [[0.995341189648678, -0.017245060176102802, 0.09486055074833191, -0.0006230385538504965], [0.015801373297209546, 0.9997479370770064, 0.015949260553147417, 0.00011802043707664676], [-0.09511168587863689, -0.0143760289994332, 0.9953627966724147, -0.002693176270000208]]]
[[[707.0493, 0, 604.0814], [0, 707.0493, 180.5066], [0, 0, 1]], [[0.99533592570182, -0.01724727634211525, 0.09491536475239366, -0.0003398656135088333], [0.015797307383444908, 0.9997470825128218, 0.016006751279818356, -9.788654869983609e-05], [-0.09516743185950842, -0.014432687410171436, 0.9953566483664968, -0.002098083500001735]]]
[[[707.0493, 0, 604.0814], [0, 707.0493, 180.5066], [0, 0, 1]], [[0.9953328304319354, -0.017215594685910458, 0.09495356741040624, -0.00016735303954693465], [0.015770377512942916, 0.9997484181152742, 0.015949785863960144, -0.00037308156811099346], [-0.09520426386171668, -0.014377891904495942, 0.9953539191498325, -0.0024490356399979873]]]
[[[707.0493, 0, 604.0814], [0, 707.0493, 180.5066], [0, 0, 1]], [[0.9953346892925228, -0.017260761009310538, 0.09492587855973073, -7.016561528048519e-05], [0.015809234787217442, 0.9997466487413387, 0.016022060601090488, -0.00011735257432723933], [-0.09517838192783021, -0.014446607208678696, 0.9953553994196035, -0.0014266967800011798]]]
[[[707.0493, 0, 604.0814], [0, 707.0493, 180.5066], [0, 0, 1]], [[0.9953337048655374, -0.017242199602496542, 0.09493957294780085, -2.071429536858864e-05], [0.015793289798352247, 0.9997473859872174, 0.01599175440879087, -8.587292291167867e-05], [-0.09519132290281711, -0.014417723974105187, 0.9953545806793769, -0.0013046264700022903]]]
[[[707.0493, 0, 604.0814], [0, 707.0493, 180.5066], [0, 0, 1]], [[0.9953367820605392, -0.017248759870667766, 0.09490611445157103, 1.6073469406665613e-05], [0.015797320974998846, 0.9997468123173385, 0.016023604817058636, -0.0003657398200882175], [-0.09515847270413455, -0.014449620903139455, 0.9953572592433191, -0.0015106201099968075]]]
[[[707.0493, 0, 604.0814], [0, 707.0493, 180.5066], [0, 0, 1]], [[0.9953380039477567, -0.017271034806030556, 0.09488924730455174, 7.192923536501517e-05], [0.015816256559530645, 0.9997458944686741, 0.016062145606172036, -0.00047875405283972025], [-0.09514254529777202, -0.014486471266655964, 0.9953582461729554, -0.0010299682599992366]]]
[[[707.0493, 0, 604.0814], [0, 707.0493, 180.5066], [0, 0, 1]], [[0.9953420782823746, -0.01730275426908001, 0.09484071855077389, 0.0004014203599346162], [0.015847184712848822, 0.9997451285783869, 0.016079322761284133, -0.0004803118723415925], [-0.09509476293256176, -0.014501468149416216, 0.9953625939748345, -0.0004730224700040253]]]
[[[707.0493, 0, 604.0814], [0, 707.0493, 180.5066], [0, 0, 1]], [[0.9953485408015277, -0.017331782906510294, 0.09476756631649454, 0.00038283641593129825], [0.01587715564464965, 0.9997446098484919, 0.016082008814885706, -0.00013203528000267357], [-0.09502209349885511, -0.01450256460658215, 0.9953695180016949, -0.0013580322199970851]]]
[[[707.0493, 0, 604.0814], [0, 707.0493, 180.5066], [0, 0, 1]], [[0.9953487155588155, -0.017311958673522948, 0.09476935434148748, 0.0006095864658030476], [0.015860233203231697, 0.9997453860758022, 0.016050421268130242, 0.00019443816227097496], [-0.0950230889739714, -0.01447270213303564, 0.9953698576181685, -0.0018005371100002776]]]
[[[707.0493, 0, 604.0814], [0, 707.0493, 180.5066], [0, 0, 1]], [[0.9953511222420183, -0.017311302808935898, 0.09474419373561661, 0.00035842189540953725], [0.015858280344533106, 0.9997451374026041, 0.016067830729830326, -6.106794713960416e-05], [-0.09499820206755978, -0.014490653363655239, 0.9953719719627561, -0.0012207031300022209]]]
[[[707.0493, 0, 604.0814], [0, 707.0493, 180.5066], [0, 0, 1]], [[0.9953520724086525, -0.017293111234369447, 0.09473753351041131, 0.0006983705471049943], [0.015840374602874716, 0.9997454665236714, 0.01606501471544466, 0.00021579554358989534], [-0.09499123372312405, -0.014489667670536029, 0.9953726513454929, -0.0006790161099985426]]]
[[[707.0493, 0, 604.0814], [0, 707.0493, 180.5066], [0, 0, 1]], [[0.9953512175897874, -0.017280705161282724, 0.09474877767895637, 0.0006861910620471767], [0.01582841376159644, 0.9997457678010466, 0.016058053483766, 0.0005380420864743948], [-0.09500218397657598, -0.014483680230680382, 0.9953716934123936, -7.629389997987346e-06]]]
[[[707.0493, 0, 604.0814], [0, 707.0493, 180.5066], [0, 0, 1]], [[0.9953565513068169, -0.017282587445961305, 0.09469238587010428, 0.0008520640317568641], [0.015827502971933968, 0.9997451709908782, 0.01609606256489948, 4.226899389149072e-06], [-0.09494643711205517, -0.014522577305438511, 0.9953764457872881, 0.00041198729999791794]]]
[[[707.0493, 0, 604.0814], [0, 707.0493, 180.5066], [0, 0, 1]], [[0.995353528579001, -0.017303129994916813, 0.09472040349212564, 0.0007121547054839819], [0.015844380199595533, 0.9997443385564914, 0.0161311233438469, 0.0004359294287555273], [-0.09497530606122173, -0.014555384454652768, 0.9953732124293654, 0.00044250487999875077]]]
[[[707.0493, 0, 604.0814], [0, 707.0493, 180.5066], [0, 0, 1]], [[0.9953588451025297, -0.017297467069553377, 0.09466555397363961, 0.0005924339673520043], [0.01583849116404169, 0.999744261466072, 0.01614168093182748, 0.0006781976290657216], [-0.09492055453801843, -0.014567405350166722, 0.9953782592700923, -0.0011367797799977097]]]
[[[707.0493, 0, 604.0814], [0, 707.0493, 180.5066], [0, 0, 1]], [[0.9953537661327265, -0.017290596558830414, 0.09472019592482468, 0.0012514857005865342], [0.015829449894884915, 0.9997441782807904, 0.01615569589007282, 0.0009798668859374133], [-0.09497530606122173, -0.014581264153253296, 0.9953728336529335, 0.0013656616199995142]]]
[[[707.0493, 0, 604.0814], [0, 707.0493, 180.5066], [0, 0, 1]], [[0.995364506562161, -0.017285182135746653, 0.09460825310087792, 0.0010861798627098671], [0.01582265139061455, 0.9997437754589449, 0.01618725220863958, 0.0010135706388640182], [-0.0948638117473507, -0.014615262899759566, 0.9953829671594416, 0.0011749267600009716]]]
[[[707.0493, 0, 604.0814], [0, 707.0493, 180.5066], [0, 0, 1]], [[0.995367351669095, -0.017282568424955843, 0.09457879286546719, 0.0015312351727226959], [0.015822696617398196, 0.9997441544594015, 0.016163783468304584, 0.0008444938729279378], [-0.09483394699687452, -0.014592410797849, 0.9953861482078705, 0.0019683837900004164]]]
[[[707.0493, 0, 604.0814], [0, 707.0493, 180.5066], [0, 0, 1]], [[0.9953694680725708, -0.01731555671441372, 0.09455048135571477, 0.0011153112916585277], [0.01585060766064374, 0.9997427533426159, 0.016222989111556802, 0.00011501624025948976], [-0.09480706864847045, -0.014649185458422958, 0.9953878746999527, 0.0013427734299966687]]]
[[[707.0493, 0, 604.0814], [0, 707.0493, 180.5066], [0, 0, 1]], [[0.9953718854825895, -0.017302426409112788, 0.09452743322016147, 0.0012020482242463325], [0.015841685538931043, 0.9997435628074838, 0.0161817682681603, 0.0006135706452863758], [-0.09478317672519987, -0.014609403319644951, 0.9953907347090003, 0.0019760131900028455]]]
[[[707.0493, 0, 604.0814], [0, 707.0493, 180.5066], [0, 0, 1]], [[0.9953714597370027, -0.017282304936229995, 0.09453559687821099, 0.0010448137548908108], [0.01582077067473319, 0.999743794609306, 0.016187907691953163, 0.0010086766670955795], [-0.0947911407056902, -0.014617355310618073, 0.995389859586402, 0.001670837399998959]]]
[[[707.0493, 0, 604.0814], [0, 707.0493, 180.5066], [0, 0, 1]], [[0.9953678732301227, -0.017284697775996685, 0.09457291453759294, 0.001217720518965809], [0.01581971805026249, 0.9997433169618243, 0.016218406548715803, 0.0012793096701877076], [-0.0948289695301631, -0.014647163990400452, 0.9953858182257198, 0.0021133422900021515]]]
[[[707.0493, 0, 604.0814], [0, 707.0493, 180.5066], [0, 0, 1]], [[0.995365992416665, -0.017291866584474642, 0.09459139754973643, 0.0010525600109149746], [0.015824666245354453, 0.9997429015184061, 0.016239174910746324, 0.0014370414634551558], [-0.0948478838910531, -0.014667045155156606, 0.995383723348843, 0.0009460449199991672]]]
[[[707.0493, 0, 604.0814], [0, 707.0493, 180.5066], [0, 0, 1]], [[0.9953685035384667, -0.017325644674989014, 0.09455878700675695, 0.0007578508177976151], [0.015863535375629317, 0.9997430449555617, 0.016192353391890842, 0.0008324802471397803], [-0.09481503261075935, -0.014617321901694118, 0.9953875845576148, 0.0019226074199991672]]]
[[[707.0493, 0, 604.0814], [0, 707.0493, 180.5066], [0, 0, 1]], [[0.9953709223549468, -0.01729510247112207, 0.09453891453140116, 0.0007153017628583775], [0.015830718358812827, 0.999743150907503, 0.0162179089213632, 0.00040344837840091427], [-0.09479512269366042, -0.01464621603183132, 0.9953890561330493, 0.0018463134800015268]]]
[[[707.0493, 0, 604.0814], [0, 707.0493, 180.5066], [0, 0, 1]], [[0.9953652165490082, -0.017324440510215672, 0.09459360150324143, 0.0005855248511933416], [0.015861491753717295, 0.999743022870619, 0.016195718596712913, 0.0010364850493146934], [-0.09484987487441826, -0.014620259317985863, 0.9953842219232643, 0.0008850097599975015]]]
[[[707.0493, 0, 604.0814], [0, 707.0493, 180.5066], [0, 0, 1]], [[0.9953694797067861, -0.01736897847376735, 0.09454055984084107, 0.000475977927617499], [0.015903375850680315, 0.9997417389350634, 0.016233855600183505, 0.0009499442636536072], [-0.09479810918364272, -0.014655170346107122, 0.9953886399177624, 0.0015106201200012492]]]
[[[707.0493, 0, 604.0814], [0, 707.0493, 180.5066], [0, 0, 1]], [[0.9953640304790229, -0.01733691014255683, 0.09460379683323325, 0.0005320344730021429], [0.015870433405661123, 0.9997422968478763, 0.01623173548482567, 0.0007827588534090438], [-0.09486082527614462, -0.014655082396280932, 0.9953826663087353, 0.0016174316399997224]]]
[[[707.0493, 0, 604.0814], [0, 707.0493, 180.5066], [0, 0, 1]], [[0.9953670791052407, -0.017360511504048822, 0.09456738588868398, 0.00033456097713834715], [0.015893381285272776, 0.9997417113855047, 0.016245336170823382, 0.000958175968428848], [-0.09482498755508707, -0.014667077292354808, 0.9953859043501058, 0.0017852783199998612]]]
[[[707.0493, 0, 604.0814], [0, 707.0493, 180.5066], [0, 0, 1]], [[0.9953663687488093, -0.017355050557151582, 0.0945758647011391, 0.0003191791960254954], [0.01588440936275092, 0.9997412800288853, 0.016280618704543774, 0.0005882092489514814], [-0.09483394699687452, -0.014702898570176643, 0.995384522318199, 0.0005264282199988202]]]
[[[707.0493, 0, 604.0814], [0, 707.0493, 180.5066], [0, 0, 1]], [[0.9953679675738566, -0.01730584989546003, 0.09456805320659654, -8.477969062598275e-05], [0.015837640703951193, 0.9997424545480134, 0.016254036767699806, 0.0004582866282732647], [-0.09482498755508707, -0.01468101269357788, 0.9953856989134757, 0.0008468627899986814]]]
[[[707.0493, 0, 604.0814], [0, 707.0493, 180.5066], [0, 0, 1]], [[0.995360062400306, -0.017326545831651073, 0.09464743518977511, 0.0001482572058775476], [0.015857427169536618, 0.9997421707959333, 0.016252197875912196, 0.0005088987691265836], [-0.09490462676825523, -0.014675923881604788, 0.9953781839462826, 0.0009613037200040253]]]
[[[707.0493, 0, 604.0814], [0, 707.0493, 180.5066], [0, 0, 1]], [[0.9953626564858854, -0.01730723966834132, 0.09462368376058747, 0.0001223834939147055], [0.015837556197411125, 0.9997423439208682, 0.01626092203111868, 0.0004929925705090397], [-0.0948807350680575, -0.014686906640639789, 0.9953802996273706, 0.0011520385699981261]]]
[[[707.0493, 0, 604.0814], [0, 707.0493, 180.5066], [0, 0, 1]], [[0.9953597774506834, -0.0173288822955025, 0.09465000407667602, 0.00011440204305182353], [0.015863396304921586, 0.9997426994497296, 0.01621380753064043, 0.0003895433969212397], [-0.09490661774080439, -0.014637101330395717, 0.9953785657596032, 0.0003890991199995142]]]
[[[707.0493, 0, 604.0814], [0, 707.0493, 180.5066], [0, 0, 1]], [[0.9953678416835332, -0.017286387855276766, 0.0945729376575647, -4.666406709841791e-05], [0.01581573507205583, 0.9997424109777313, 0.01627802864487482, -9.688514976078376e-05], [-0.09482996502369505, -0.014706885712133683, 0.9953848427850682, 0.0002670288100006246]]]
[[[707.0493, 0, 604.0814], [0, 707.0493, 180.5066], [0, 0, 1]], [[0.9953659925871493, -0.017275239528794718, 0.09459443376976107, -0.0003678351745201145], [0.015806745136778422, 0.9997429844881313, 0.016251516081429832, 0.0003679647119693796], [-0.09485087036595856, -0.014680976329481945, 0.9953832333954763, 0.00041198729999791794]]]
[[[707.0493, 0, 604.0814], [0, 707.0493, 180.5066], [0, 0, 1]], [[0.9953588927488037, -0.01729452270430332, 0.09466559095207584, -0.00027266024636351025], [0.01582355776196505, 0.9997424624729061, 0.01626726001401198, 0.0005787540512341309], [-0.09492254550753032, -0.014693815469103127, 0.9953762113599716, 0.00028228760000104103]]]
[[[707.0493, 0, 604.0814], [0, 707.0493, 180.5066], [0, 0, 1]], [[0.9953594617521551, -0.017316855112630123, 0.09465552508685707, -0.0004800310739522991], [0.01584746148107009, 0.9997423096376027, 0.016253377651361763, 0.0003107893376591619], [-0.09491259065617402, -0.014677903442929517, 0.9953773954061111, -0.0002975463799970157]]]
[[[707.0493, 0, 604.0814], [0, 707.0493, 180.5066], [0, 0, 1]], [[0.9953642525675449, -0.017327549325083735, 0.09460317513191338, -0.0001493361521450717], [0.01585649830767957, 0.9997417429763126, 0.01627939839500899, 0.0003317017406018499], [-0.09486082527614462, -0.014703856129317116, 0.9953819470147413, 0.0001983642499965299]]]
[[[707.0493, 0, 604.0814], [0, 707.0493, 180.5066], [0, 0, 1]], [[0.9953592407537591, -0.017287430463239425, 0.09466322725366445, -0.00033284579682263274], [0.01581360718796719, 0.9997421310998685, 0.016297273747413243, 3.748646430963937e-05], [-0.09492055453801843, -0.014724674932646698, 0.9953759451957451, 0.0006408691399997224]]]
[[[707.0493, 0, 604.0814], [0, 707.0493, 180.5066], [0, 0, 1]], [[0.9953566289460406, -0.017242767950330643, 0.09469882874980623, -0.00034156722510444065], [0.015768763371402063, 0.9997429324436121, 0.01629156624711564, 0.0003898777234810022], [-0.09495539644965317, -0.014722635037875501, 0.9953726521773797, 0.0001373291100037477]]]
[[[707.0493, 0, 604.0814], [0, 707.0493, 180.5066], [0, 0, 1]], [[0.9953549516800905, -0.01724427041304449, 0.09471618290369728, -0.0005239700464320114], [0.01577271921892242, 0.9997433315527382, 0.016263220599646074, 1.0455806286285166e-05], [-0.09497231962190812, -0.014693745395695255, 0.9953714645055285, 9.155272999805675e-05]]]
[[[707.0493, 0, 604.0814], [0, 707.0493, 180.5066], [0, 0, 1]], [[0.995353512426881, -0.01727018341494221, 0.09472658583673982, -0.0002813126337931301], [0.01579758650820519, 0.9997427674104903, 0.01627376019640774, 8.587371328179631e-05], [-0.09498326989521236, -0.014701692937504389, 0.9953703022819119, -0.00031280518000187385]]]
[[[707.0493, 0, 604.0814], [0, 707.0493, 180.5066], [0, 0, 1]], [[0.9953615789963995, -0.017214606828037365, 0.09465191160008536, -0.0003962057322993793], [0.015743951516709355, 0.9997437975385125, 0.016262449812778117, -0.0012163519480968216], [-0.0949076132269366, -0.014696822616800926, 0.9953775908450705, 0.0014266967800011798]]]
[[[707.0493, 0, 604.0814], [0, 707.0493, 180.5066], [0, 0, 1]], [[0.9953592833720569, -0.017195716688187236, 0.09467948211014278, -0.00033475462687282057], [0.015721016223285936, 0.999743551783212, 0.016299702966483195, -0.00041368209068414207], [-0.09493548680010246, -0.01473560298963024, 0.9953743593997987, 0.0010299682599992366]]]
[[[707.0493, 0, 604.0814], [0, 707.0493, 180.5066], [0, 0, 1]], [[0.9953542346360842, -0.017184882217953792, 0.09473451015955033, -0.0008829870647360786], [0.015715958469681872, 0.999744763743082, 0.016230096046189517, -0.0008973301152923012], [-0.09498924276671607, -0.014665851200811956, 0.995370261042172, 0.0013504028299990978]]]
[[[707.0493, 0, 604.0814], [0, 707.0493, 180.5066], [0, 0, 1]], [[0.9953530760734297, -0.017161933206476146, 0.0947508416837426, -0.000702382270380329], [0.01569304135702756, 0.9997451874861191, 0.016226168719423725, -0.0004226915196551425], [-0.09500517040734059, -0.014663838070608726, 0.9953687705814921, 0.000907897950000347]]]
[[[707.0493, 0, 604.0814], [0, 707.0493, 180.5066], [0, 0, 1]], [[0.9953542159221394, -0.017164788898157198, 0.09473834951119299, -0.0005150826000228113], [0.01569305932823132, 0.9997446705168678, 0.01625797226102698, -2.5584280708069457e-05], [-0.0949932246791521, -0.014695706692820533, 0.9953694406951897, 0.0005722045900000694]]]
[[[707.0493, 0, 604.0814], [0, 707.0493, 180.5066], [0, 0, 1]], [[0.9953490845784954, -0.01715779751758912, 0.0947935114503991, -0.0006282190606545018], [0.015687004847432025, 0.9997450694773461, 0.016239271370762216, -0.0012747500249790313], [-0.09504797582099357, -0.014676717619482424, 0.9953644941689701, 0.0013504028400035395]]]
[[[707.0493, 0, 604.0814], [0, 707.0493, 180.5066], [0, 0, 1]], [[0.9953487505278497, -0.01714574482148544, 0.09479919966521375, -0.0003941101038968746], [0.015678039220121, 0.9997457580273174, 0.01620550500901099, -0.0010410454848934873], [-0.09505295318326992, -0.01464386359200459, 0.9953645027577775, 0.0011520385699981261]]]
[[[707.0493, 0, 604.0814], [0, 707.0493, 180.5066], [0, 0, 1]], [[0.9953439530369667, -0.017169419407634966, 0.09484527500065285, -0.0005982646051526706], [0.015698871069238913, 0.9997450462987844, 0.01622922820693747, -0.00040222488545880455], [-0.09509974027249575, -0.014664700414470424, 0.9953597269137715, 0.000625610349999306]]]
[[[707.0493, 0, 604.0814], [0, 707.0493, 180.5066], [0, 0, 1]], [[0.995343847149354, -0.017111587963046605, 0.09485683686116758, -0.0002255951365054273], [0.0156391339683323, 0.9997457312118017, 0.016244704137060424, -0.0009451609437016382], [-0.09511069041198154, -0.01468558753210071, 0.9953583726920637, 0.0011749267600009716]]]
[[[707.0493, 0, 604.0814], [0, 707.0493, 180.5066], [0, 0, 1]], [[0.9953476620942111, -0.017092239130874057, 0.09482028751844793, -0.0006502888010238285], [0.01562027764110372, 0.9997460321910474, 0.016244323459967926, -0.000500333528161698], [-0.09507385807887964, -0.014687630161133782, 0.9953618613500553, 0.00018310547000055521]]]
[[[707.0493, 0, 604.0814], [0, 707.0493, 180.5066], [0, 0, 1]], [[0.9953443682491486, -0.01709959106436995, 0.09485353224911838, -0.000361665815014335], [0.015630181846416426, 0.9997463891749855, 0.01621279578068985, -0.0005181310824707591], [-0.0951067085444091, -0.014654737016054558, 0.995359207860579, 0.00017547606999812615]]]
[[[707.0493, 0, 604.0814], [0, 707.0493, 180.5066], [0, 0, 1]], [[0.9953400918785232, -0.01711649380477736, 0.0948953483532461, -0.0003517202358476898], [0.015648035238043197, 0.9997463632560881, 0.01619716485730844, -0.0002141270722715532], [-0.09514851807801247, -0.01463676180228699, 0.9953554765567432, 0.0002517700200002082]]]
[[[707.0493, 0, 604.0814], [0, 707.0493, 180.5066], [0, 0, 1]], [[0.9953364628022532, -0.017132770354171524, 0.09493046927246264, -0.00028627835867733116], [0.015660920759011057, 0.9997456621771623, 0.016227954859661636, 1.1345763038749987e-05], [-0.09518435468751536, -0.014665576631638477, 0.9953516260522122, 0.0004348754900007634]]]
[[[707.0493, 0, 604.0814], [0, 707.0493, 180.5066], [0, 0, 1]], [[0.9953405819295106, -0.017112663340441623, 0.09489089902419456, -0.00021964697014737974], [0.015641073836920174, 0.9997459327102166, 0.016230429403039853, -0.00048676287324178597], [-0.0951445362248994, -0.014670609488898366, 0.9953553588763026, 0.0012283325200002082]]]
[[[707.0493, 0, 604.0814], [0, 707.0493, 180.5066], [0, 0, 1]], [[0.9953413627390264, -0.017060303724343594, 0.09489213696429762, -0.00010627547610168152], [0.015591306788293091, 0.9997471924234009, 0.01620069116305732, -0.0004516127429998962], [-0.0951445362248994, -0.014645725600344484, 0.9953557253304912, 0.00041198729999791794]]]
[[[707.0493, 0, 604.0814], [0, 707.0493, 180.5066], [0, 0, 1]], [[0.9953326218937928, -0.017060936163783822, 0.09498366307551785, -0.0003498459052234821], [0.015590174292406483, 0.9997471397704856, 0.01620502965950889, -0.0004730815665054041], [-0.09523611846122557, -0.014648582796587123, 0.9953469248269625, 0.00017547608000256787]]]
[[[707.0493, 0, 604.0814], [0, 707.0493, 180.5066], [0, 0, 1]], [[0.9953403549774036, -0.017089333478243738, 0.09489748381662023, -0.00042175439114327384], [0.01561916738294326, 0.9997465508798105, 0.0162134393077486, -0.0003403784237533231], [-0.0951505090039981, -0.01465567075202714, 0.995355008000205, -9.918213000048581e-05]]]
[[[707.0493, 0, 604.0814], [0, 707.0493, 180.5066], [0, 0, 1]], [[0.9953367091758991, -0.017096069889680668, 0.09493450248049265, -0.00012189928685645495], [0.015627074827446553, 0.9997467135208804, 0.01619578144259277, -0.00018843134937689623], [-0.09518734106607295, -0.014636707229633315, 0.9953517654087147, -3.814696999882017e-05]]]
[[[707.0493, 0, 604.0814], [0, 707.0493, 180.5066], [0, 0, 1]], [[0.9953419409527302, -0.017092412181163162, 0.09488029313972933, -9.645435055690127e-05], [0.01562118344467077, 0.999746293523776, 0.01622736002126189, -0.0003612900363258934], [-0.0951335861209893, -0.014669629555681702, 0.9953564199624472, 0.0003356933600002776]]]
[[[707.0493, 0, 604.0814], [0, 707.0493, 180.5066], [0, 0, 1]], [[0.995343470384274, -0.017128175202183446, 0.094857796609627, 5.026059263172078e-05], [0.01565704865910429, 0.9997456663942162, 0.016231431029668432, -0.0003008899519356967], [-0.09511168587863689, -0.014670655753160816, 0.99535849776304, 0.0003204345699998612]]]
[[[707.0493, 0, 604.0814], [0, 707.0493, 180.5066], [0, 0, 1]], [[0.9953389760747997, -0.01709016508225355, 0.09491179570438345, 1.7332149698348613e-05], [0.015622132497175882, 0.9997469014235066, 0.016188949018950363, 3.837563069198654e-05], [-0.09516444547524028, -0.014630767292210422, 0.9953540420201403, -0.0002365112299997918]]]
[[[707.0493, 0, 604.0814], [0, 707.0493, 180.5066], [0, 0, 1]], [[0.9953402241457668, -0.017145537552375106, 0.09488871766176864, 9.588023555759539e-05], [0.015675913744217538, 0.9997456905165865, 0.016211724824877923, -0.00010723030423059905], [-0.09514254529777202, -0.014648714467618186, 0.9953558716553128, -0.00025939942000263727]]]
