[[[721.5377, 0, 609.5593], [0, 721.5377, 172.854], [0, 0, 1]], [[0.7011651118462624, -0.005718809716743792, -0.7129760032042045, 0.0], [0.009731394182110758, 0.9999514482739905, 0.0015495360664221568, 0.0], [0.7129325254867326, -0.008024731158888687, 0.7011867210614708, 0.0]]]
[[[721.5377, 0, 609.5593], [0, 721.5377, 172.854], [0, 0, 1]], [[0.700246399184112, -0.006229890636543336, -0.7138740567441444, 1.194251950557675], [0.010648767503299695, 0.9999418225016883, 0.0017191168263492426, 1.260806784843442], [0.7138218154275938, -0.008805684224333643, 0.7002720012573653, -0.000694274899998959]]]
[[[721.5377, 0, 609.5593], [0, 721.5377, 172.854], [0, 0, 1]], [[0.6994134696237627, -0.007147377230434646, -0.7146815469197284, 1.1911215185563704], [0.011333588295220062, 0.9999351772912093, 0.0010913257773716004, 1.2595967748251693], [0.7146274192089221, -0.008863194363420522, 0.6994491371790172, -0.0035705566399997224]]]
[[[721.5377, 0, 609.5593], [0, 721.5377, 172.854], [0, 0, 1]], [[0.6985851588582406, -0.008105771166586877, -0.7154810076422725, 1.3056211074743727], [0.012558420804148582, 0.9999207040525422, 0.0009336348184750328, 1.3852619570032612], [0.7154167050676917, -0.00963753499932787, 0.6986315595714411, -0.005386352540000416]]]
[[[721.5377, 0, 609.5593], [0, 721.5377, 172.854], [0, 0, 1]], [[0.6978847112958255, -0.008478455419045168, -0.7161599301365927, 1.1835245587056544], [0.013384975956418212, 0.9999096902645116, 0.0012057088266623326, 1.2580251396536406], [0.7160850313741995, -0.010427229202230512, 0.6979351694340784, -0.006332397459999584]]]
[[[721.5377, 0, 609.5593], [0, 721.5377, 172.854], [0, 0, 1]], [[0.6971356267504818, -0.00960469596752886, -0.7168749317214156, 1.1805583241115052], [0.014160074297293958, 0.9998996713601837, 0.0003735099621740931, 1.2567238039490145], [0.71679942118497, -0.010411389396620561, 0.6972016872897855, -0.007934570320003331]]]
[[[721.5377, 0, 609.5593], [0, 721.5377, 172.854], [0, 0, 1]], [[0.6962947054539551, -0.011150721228033861, -0.7176693838898832, 1.294887390718233], [0.01502488960751789, 0.999886660802199, -0.0009582495030826483, 1.3798886542117967], [0.7175987289907025, -0.01011567921214054, 0.6963833263261013, -0.009323120109996808]]]
[[[721.5377, 0, 609.5593], [0, 721.5377, 172.854], [0, 0, 1]], [[0.6953707293900094, -0.012920867619264961, -0.7185350373416536, 1.1742529668882244], [0.015531601178771863, 0.9998750282765746, -0.002949100497218397, 1.2525561736246171], [0.718483345716816, -0.009109281469169317, 0.6954845094742842, -0.007011413580002568]]]
[[[721.5377, 0, 609.5593], [0, 721.5377, 172.854], [0, 0, 1]], [[0.6946275425035053, -0.014465804303146498, -0.7192241081202743, 1.1703801595405157], [0.0157109855001333, 0.999864388004236, -0.004936652259291435, 1.2523174636705767], [0.7191979853490661, -0.007870584906957946, 0.6947606147178084, -0.00394439696999882]]]
[[[721.5377, 0, 609.5593], [0, 721.5377, 172.854], [0, 0, 1]], [[0.6937329673968697, -0.015778464901845157, -0.720059448929097, 1.2842922057849553], [0.015830958519399047, 0.999852519417764, -0.006657339281339269, 1.37638097898378], [0.7200582967365147, -0.006780815532886634, 0.6938804434782827, -0.00034332274999826495]]]
[[[721.5377, 0, 609.5593], [0, 721.5377, 172.854], [0, 0, 1]], [[0.6929161465647451, -0.016082436151092026, -0.7208387954857249, 1.1631984050872632], [0.015782507819701374, 0.9998499821056371, -0.007136226613417415, 1.2505146831774034], [0.7208454246763212, -0.006431837280515599, 0.6930660179177819, 0.0031433105399969463]]]
[[[721.5377, 0, 609.5593], [0, 721.5377, 172.854], [0, 0, 1]], [[0.6921524278626751, -0.016719887459836737, -0.7215576636465965, 1.159923537504584], [0.015644616120288737, 0.9998443077277442, -0.008161267724838533, 1.2488166852122065], [0.7215817781722688, -0.005639651386219143, 0.6923062412993174, 0.004875183110002013]]]
[[[721.5377, 0, 609.5593], [0, 721.5377, 172.854], [0, 0, 1]], [[0.6914532052374901, -0.01628172378114165, -0.7222377520162706, 1.2712995033151682], [0.015267001162604665, 0.999852054755025, -0.007923842354272041, 1.3725859836683774], [0.722259914187616, -0.005547438406051402, 0.6915994811195484, 0.006622314449998612]]]
[[[721.5377, 0, 609.5593], [0, 721.5377, 172.854], [0, 0, 1]], [[0.6909220013837216, -0.016121389819747534, -0.7227495339287272, 1.1522877031445904], [0.015591919098364377, 0.9998510770261428, -0.007397014836546526, 1.2464114577427825], [0.7227611500784631, -0.006158291966265465, 0.691070470630395, 0.004974365229998057]]]
[[[721.5377, 0, 609.5593], [0, 721.5377, 172.854], [0, 0, 1]], [[0.690551209613082, -0.015075659556779095, -0.723126373043355, 1.149281204981154], [0.015712059980392015, 0.9998594988660083, -0.0058406933310527626, 1.2452784202895264], [0.7231128252721576, -0.0073285071019229785, 0.6906910560522521, 0.004890441900002429]]]
[[[721.5377, 0, 609.5593], [0, 721.5377, 172.854], [0, 0, 1]], [[0.6904465288709963, -0.015355888415822118, -0.7232204279892495, 1.2592265698776859], [0.01629618222838878, 0.9998511214966602, -0.0056717974796448075, 1.3686600667044677], [0.7231998515035601, -0.007869659003526111, 0.6905939785810449, 0.0020828247100013186]]]
[[[721.5377, 0, 609.5593], [0, 721.5377, 172.854], [0, 0, 1]], [[0.6904762991542422, -0.014906772127000673, -0.7232014024122291, 1.1429625294378647], [0.016444039001145928, 0.9998527357070184, -0.004909224024236283, 1.242597330728312], [0.7231680813528693, -0.008502649230976362, 0.6906197441924643, 0.0022888183600002776]]]
[[[721.5377, 0, 609.5593], [0, 721.5377, 172.854], [0, 0, 1]], [[0.6904852869775939, -0.01484086933579322, -0.7231941765977018, 1.1407411402085605], [0.016431126395213262, 0.9998533324092916, -0.004830295583011855, 1.2395799774101768], [0.7231597932358065, -0.008547646892136471, 0.6906278673640046, -0.0003890991300039559]]]
[[[721.5377, 0, 609.5593], [0, 721.5377, 172.854], [0, 0, 1]], [[0.6904786114630155, -0.012763147372433564, -0.7232402015798457, 1.2536614366471235], [0.01578709115778316, 0.9998720656396147, -0.002572956732226622, 1.3598472747054056], [0.7231805133332079, -0.009641287399492236, 0.690591768494527, -0.0012283325099957665]]]
[[[721.5377, 0, 609.5593], [0, 721.5377, 172.854], [0, 0, 1]], [[0.6902757538866002, -0.012658709140835375, -0.7234356506830262, 1.1369685646610228], [0.015187135858814654, 0.9998801534398161, -0.003004939529472344, 1.232994216033815], [0.7233869880642667, -0.008912678612942931, 0.6903852762474376, -0.005149841310000625]]]
[[[721.5377, 0, 609.5593], [0, 721.5377, 172.854], [0, 0, 1]], [[0.6901953683671804, -0.012343753570689816, -0.723517785014493, 1.1327927969127398], [0.014414064469457064, 0.9998906377372208, -0.003308672078675961, 1.2267942153429914], [0.7234795009051482, -0.008145201853849718, 0.6902978106996991, -0.004516601570003331]]]
[[[721.5377, 0, 609.5593], [0, 721.5377, 172.854], [0, 0, 1]], [[0.6900669798482646, -0.01170404511440497, -0.7236508679266922, 1.2404724647121752], [0.014113146917796388, 0.9998967219438369, -0.0027137667633622656, 1.347420801457408], [0.7236078927203403, -0.008340310181834279, 0.6901608919801956, -0.0014038085899983344]]]
[[[721.5377, 0, 609.5593], [0, 721.5377, 172.854], [0, 0, 1]], [[0.6900606592080122, -0.009669977715530536, -0.7236869337941545, 1.1225245073578092], [0.0134882629286118, 0.999908904554322, -0.000499355729165044, 1.2188873187001865], [0.7236258379691624, -0.009416693897369507, 0.6901282290266577, 0.00011444092000090222]]]
[[[721.5377, 0, 609.5593], [0, 721.5377, 172.854], [0, 0, 1]], [[0.6899470789692509, -0.008322345493263399, -0.7238119692207976, 1.116829053853994], [0.013336267748308555, 0.9999103293644865, 0.0012153981855126058, 1.2126993332158913], [0.7237369495779137, -0.010491510648837979, 0.6899962000040012, -0.001892089850002776]]]
[[[721.5377, 0, 609.5593], [0, 721.5377, 172.854], [0, 0, 1]], [[0.6898301566486181, -0.006336575739365577, -0.7239435080073874, 1.2197947676226435], [0.012263712613015107, 0.9999204943243131, 0.00293366377874653, 1.3249550604114149], [0.7238673610068963, -0.010901964874307696, 0.6898530211797228, -0.003829956049997918]]]
[[[721.5377, 0, 609.5593], [0, 721.5377, 172.854], [0, 0, 1]], [[0.6895833291418282, -0.0056364784094003, -0.7241844117908183, 1.1010712621219465], [0.011801991623941323, 0.9999243834682221, 0.003455479620034565, 1.195971857847625], [0.7241101747409584, -0.010929659502309284, 0.6895977069130829, -0.0035476684600013186]]]
[[[721.5377, 0, 609.5593], [0, 721.5377, 172.854], [0, 0, 1]], [[0.6891235873761671, -0.005090753064795255, -0.724625948717706, 1.0912171457193542], [0.011354338406744458, 0.9999284184439793, 0.0037731932719322534, 1.1835428253811868], [0.7245548704695507, -0.01082784472346666, 0.6891320609705349, -0.005157470699998612]]]
[[[721.5377, 0, 609.5593], [0, 721.5377, 172.854], [0, 0, 1]], [[0.6886644495727963, -0.005412173387536258, -0.7250599866727032, 1.189124972045277], [0.011328174447324276, 0.9999304032902688, 0.0032956091168686165, 1.292627363989988], [0.7249916884753151, -0.010483174852278414, 0.6886778308372704, -0.0034637451200012492]]]
[[[721.5377, 0, 609.5593], [0, 721.5377, 172.854], [0, 0, 1]], [[0.6881788669595467, -0.006079401974629135, -0.7255156014462443, 1.0678927408581427], [0.011609990586173126, 0.9999291334018702, 0.002633684258618484, 1.1659834261863438], [0.7254481753983971, -0.01023567515193789, 0.6882006798640354, -0.0032958984299966687]]]
[[[721.5377, 0, 609.5593], [0, 721.5377, 172.854], [0, 0, 1]], [[0.6877512467653492, -0.005807604599040796, -0.7259232013798216, 1.0570814867325722], [0.011957760146690574, 0.9999229609399796, 0.0033292878064402763, 1.1556091212858497], [0.7258479417515641, -0.010970137366737642, 0.6877677089985927, -0.001335144050003123]]]
[[[721.5377, 0, 609.5593], [0, 721.5377, 172.854], [0, 0, 1]], [[0.6872691666963704, -0.005593512956174098, -0.7263813083507076, 1.148873288856749], [0.012522742544866391, 0.9999129812146308, 0.004148604298388497, 1.2578367075138936], [0.7262948942596469, -0.011947493932985562, 0.6872794074909342, -0.0016326904300001388]]]
[[[721.5377, 0, 609.5593], [0, 721.5377, 172.854], [0, 0, 1]], [[0.6868188226446457, -0.005452587320346965, -0.7268082100200415, 1.0319936301714114], [0.012867682238186866, 0.999906357119661, 0.004658298563438868, 1.1299251385489202], [0.7267147498261197, -0.012551744229511606, 0.6868246691128364, -0.0021133422799977097]]]
[[[721.5377, 0, 609.5593], [0, 721.5377, 172.854], [0, 0, 1]], [[0.6864218670408825, -0.005809490578113051, -0.7271803560791036, 1.019656835148098], [0.013060065170543629, 0.999905296191385, 0.004339740333232653, 1.1179593997054504], [0.7270862776492555, -0.012475915503142393, 0.6864327326013149, -0.0033035278299990978]]]
[[[721.5377, 0, 609.5593], [0, 721.5377, 172.854], [0, 0, 1]], [[0.6858119718723976, -0.0072600619104374615, -0.7277425580090464, 1.1062826889466026], [0.01295790140073473, 0.999913542756983, 0.0022360238075360825, 1.2143169070697677], [0.7276634057225789, -0.010963508208399645, 0.6858467536264803, -0.004997253420000902]]]
[[[721.5377, 0, 609.5593], [0, 721.5377, 172.854], [0, 0, 1]], [[0.6849805034005879, -0.00717478925271177, -0.7285260684150269, 0.9949316830020668], [0.012440613550224142, 0.9999209022483775, 0.0018494272856460514, 1.0922014462292107], [0.728455174390004, -0.010330132911540118, 0.6850155817632609, -0.0009384155300011798]]]
[[[721.5377, 0, 609.5593], [0, 721.5377, 172.854], [0, 0, 1]], [[0.6841227297203144, -0.006523375858399178, -0.729337738120986, 1.0795994242061426], [0.012060964805791824, 0.9999244560186902, 0.0023696800796793433, 1.1899835372431888], [0.7292671827307048, -0.01041766879568711, 0.6841497265722498, -0.0005111694299984038]]]
[[[721.5377, 0, 609.5593], [0, 721.5377, 172.854], [0, 0, 1]], [[0.6833822060038969, -0.0061616793020410525, -0.7300347897363704, 0.9704374171928954], [0.012010995427639374, 0.999923934383549, 0.002803825201639388, 1.0722477195592361], [0.7299619829183468, -0.010684528773086859, 0.6834042320170488, -0.0008239746100002776]]]
[[[721.5377, 0, 609.5593], [0, 721.5377, 172.854], [0, 0, 1]], [[0.6827148191880139, -0.005671690109539964, -0.7306629233732739, 0.9595529128854103], [0.012328438573343009, 0.9999169413174048, 0.0037576679987584246, 1.0631776423276285], [0.7305809231450139, -0.011573348596967584, 0.6827280368776665, -0.000839233400000694]]]
[[[721.5377, 0, 609.5593], [0, 721.5377, 172.854], [0, 0, 1]], [[0.6818508112729765, -0.006231943074145243, -0.7314647182550259, 1.0454139835275555], [0.012599991349564226, 0.999915412141265, 0.0032262641483758233, 1.1587963290941168], [0.7313827393262536, -0.011416279949475734, 0.6818716574016995, -0.0006713867200005552]]]
[[[721.5377, 0, 609.5593], [0, 721.5377, 172.854], [0, 0, 1]], [[0.6810296658533826, -0.007589165037403828, -0.732216497220368, 0.940723576260258], [0.013102583978779525, 0.9999124958607876, 0.0018228863183241129, 1.0444410453299464], [0.7321385910609474, -0.010835367805734629, 0.6810695106109254, -0.003807067869999514]]]
[[[721.5377, 0, 609.5593], [0, 721.5377, 172.854], [0, 0, 1]], [[0.6802385950571991, -0.008281245271449997, -0.7329439779214794, 0.9330933360477361], [0.013244558253395872, 0.9999117923893506, 0.0009945438093631903, 1.0399368192931788], [0.7328710906232284, -0.010384046295660782, 0.680288274271466, -0.0022201538100006246]]]
[[[721.5377, 0, 609.5593], [0, 721.5377, 172.854], [0, 0, 1]], [[0.6792038389231951, -0.00867288097892313, -0.7338984441511781, 1.0184601239059299], [0.012929527334199501, 0.9999163990099191, 0.00014937854717902508, 1.1372933252425013], [0.7338357939722677, -0.009590418476875905, 0.6792591930614775, -0.0020675659200009022]]]
[[[721.5377, 0, 609.5593], [0, 721.5377, 172.854], [0, 0, 1]], [[0.6782589793545759, -0.008851784194109414, -0.7347696256932984, 0.9190722043987868], [0.012600109716089021, 0.9999205293394914, -0.00041501876305091555, 1.028217242013219], [0.7347149067223501, -0.008976687697145313, 0.6783166111175196, -0.002189636229999792]]]
[[[721.5377, 0, 609.5593], [0, 721.5377, 172.854], [0, 0, 1]], [[0.6773850186438616, -0.008623184128087096, -0.7355781244792073, 0.9143113700439428], [0.012387365632342, 0.9999232241125863, -0.0003147268358815317, 1.0244078975283304], [0.7355243637633943, -0.008898683935484984, 0.6774398303426441, -0.0011672973599985426]]]
[[[721.5377, 0, 609.5593], [0, 721.5377, 172.854], [0, 0, 1]], [[0.6764369257814862, -0.008444307411090504, -0.7364521567024155, 0.9986782364190331], [0.01238829773578505, 0.9999232583474664, -8.657364140336294e-05, 1.1225686319449375], [0.7363963712013399, -0.009064826977545952, 0.6764896254883481, 0.0014801025400004164]]]
[[[721.5377, 0, 609.5593], [0, 721.5377, 172.854], [0, 0, 1]], [[0.6755482572850069, -0.008223156817564371, -0.7372699178531184, 0.9018720934729281], [0.01201724420709444, 0.9999277802997799, -0.0001415147419509105, 1.0160197998468015], [0.7372178361385848, -0.008764352612080306, 0.6755982890760115, 0.0017318725600006246]]]
[[[721.5377, 0, 609.5593], [0, 721.5377, 172.854], [0, 0, 1]], [[0.6745698209500285, -0.009105073475481607, -0.7381548985818984, 0.8947219202303985], [0.011941807650579955, 0.999927684545539, -0.0014208833285518899, 1.0082497218039512], [0.7381144558220515, -0.007856418802666257, 0.6746297701629494, -0.0002059936600034007]]]
[[[721.5377, 0, 609.5593], [0, 721.5377, 172.854], [0, 0, 1]], [[0.6736115436606084, -0.008939737550921334, -0.739031507677239, 0.9772227117706692], [0.011135139292758587, 0.9999361081719391, -0.0019463419244420356, 1.1042954392220403], [0.7390016893892078, -0.006918140391508685, 0.6736680506105511, 0.001190185550001388]]]
[[[721.5377, 0, 609.5593], [0, 721.5377, 172.854], [0, 0, 1]], [[0.6727424720803573, -0.009010099685629774, -0.7398218598844352, 0.8816602695853729], [0.011233825034374466, 0.9999349723930183, -0.0019626921487452234, 0.9998684094498822], [0.7397914350912065, -0.006990642962467676, 0.6727999431306936, 0.0019378662099995836]]]
[[[721.5377, 0, 609.5593], [0, 721.5377, 172.854], [0, 0, 1]], [[0.6719432381161624, -0.008101381031415916, -0.7405583382660343, 0.875186018032855], [0.011395233704265853, 0.9999348925544885, -0.0005994171072280228, 0.9964008897660623], [0.7405149785107601, -0.008036061064171205, 0.6719918067385803, 0.0038146972700019433]]]
[[[721.5377, 0, 609.5593], [0, 721.5377, 172.854], [0, 0, 1]], [[0.6711691101287023, -0.00826628832441262, -0.7412581831496927, 0.9550319378936375], [0.011897047114169983, 0.9999291558892073, -0.00037877785118940873, 1.09171368195703], [0.7412088004597686, -0.008564559535376678, 0.6712199061715586, 0.002304077150000694]]]
[[[721.5377, 0, 609.5593], [0, 721.5377, 172.854], [0, 0, 1]], [[0.6705164368105733, -0.00918861908893557, -0.7418377701668275, 0.8610684252229444], [0.01239121302222361, 0.9999225232989597, -0.0011854278886629472, 0.9852104557954221], [0.7417911874690143, -0.00839742095406636, 0.670578345545567, -0.00175476075000347]]]
[[[721.5377, 0, 609.5593], [0, 721.5377, 172.854], [0, 0, 1]], [[0.6697420577068017, -0.009342352815901688, -0.7425350473765682, 0.85625744918428], [0.012401691352360413, 0.999922123254074, -0.001394804167358507, 0.9805473859146316], [0.742490251915983, -0.008274531462729806, 0.6698057613508654, -0.001525878899997224]]]
[[[721.5377, 0, 609.5593], [0, 721.5377, 172.854], [0, 0, 1]], [[0.6687978199718992, -0.008687182451520328, -0.7433935760160221, 0.9345733901489159], [0.012149379783278933, 0.9999259087333565, -0.0007547281980941166, 1.071882202623521], [0.7433450535059185, -0.008527010309911823, 0.6688538117731392, -0.0006179809600013186]]]
[[[721.5377, 0, 609.5593], [0, 721.5377, 172.854], [0, 0, 1]], [[0.6680210560536471, -0.008357421260221543, -0.7440954388913087, 0.8416595024131595], [0.01182988523764311, 0.9999298381303847, -0.0006104357515666941, 0.9689215797261689], [0.744048333432872, -0.008394779712523379, 0.668073053781803, -0.0019454956100020127]]]
[[[721.5377, 0, 609.5593], [0, 721.5377, 172.854], [0, 0, 1]], [[0.6671119533170958, -0.007154646389813023, -0.7449231187018467, 0.9184742948542126], [0.011313301754877424, 0.9999358633429024, 0.0005276401115541992, 1.059195995576354], [0.7448715667447993, -0.008779535051525737, 0.6671501096600577, 0.0004043579099999306]]]
[[[721.5377, 0, 609.5593], [0, 721.5377, 172.854], [0, 0, 1]], [[0.6663680127739868, -0.005550893262190147, -0.7456023465196709, 0.8256731881863769], [0.010780775785274206, 0.9999394859763261, 0.0021907210841216533, 0.9524255840061071], [0.7455450666627171, -0.009497998178171116, 0.666387531099954, -0.0005950927699984732]]]
[[[721.5377, 0, 609.5593], [0, 721.5377, 172.854], [0, 0, 1]], [[0.6656332408637495, -0.005027888658704435, -0.7462620913545437, 0.814826053336241], [0.01064105370545889, 0.999939588988725, 0.0027543327861836837, 0.9401448273448488], [0.7462031604283509, -0.009774390451336495, 0.6656465313197731, -0.0032577514599978485]]]
[[[721.5377, 0, 609.5593], [0, 721.5377, 172.854], [0, 0, 1]], [[0.6647850035145353, -0.004159329360298375, -0.7470231583300826, 0.8847004979488277], [0.01011548440600513, 0.9999429395195849, 0.003434338388070243, 1.0248654056420379], [0.7469662482852963, -0.009839597766396032, 0.6647891441941456, -0.0018463134800015268]]]
[[[721.5377, 0, 609.5593], [0, 721.5377, 172.854], [0, 0, 1]], [[0.6640154724892806, -0.0029928139807919854, -0.7477128428476495, 0.7926432165956394], [0.00969531479256693, 0.9999423835662649, 0.004607647869567274, 0.9210951062561801], [0.747655972467224, -0.010308860863028029, 0.6640062305594702, 0.00020599364999895897]]]
[[[721.5377, 0, 609.5593], [0, 721.5377, 172.854], [0, 0, 1]], [[0.6633007082395235, -0.0023252193158927433, -0.7483493594599246, 0.7809335724333495], [0.009771789577105415, 0.9999368289026026, 0.005554307577712753, 0.9107327027489174], [0.7482891704263849, -0.010996888620881027, 0.6632815283597551, 0.0014801025400004164]]]
[[[721.5377, 0, 609.5593], [0, 721.5377, 172.854], [0, 0, 1]], [[0.6624731055643667, -0.0023902218808649245, -0.7490818855394007, 0.8448975428121183], [0.010137292116896065, 0.9999319425213613, 0.005774567862081164, 0.9894935481288252], [0.7490171024165204, -0.011419157798073301, 0.6624522496925666, 0.0012283325200002082]]]
[[[721.5377, 0, 609.5593], [0, 721.5377, 172.854], [0, 0, 1]], [[0.6618393238800377, -0.0023758153507959403, -0.7496419577821358, 0.7553383455586689], [0.010414239314821784, 0.9999276163302341, 0.006025422776024925, 0.885691991185555], [0.7495733806542947, -0.011794812484950404, 0.6618161598306108, 0.0002517700200002082]]]
[[[721.5377, 0, 609.5593], [0, 721.5377, 172.854], [0, 0, 1]], [[0.6611457044578559, -0.0035003207346172216, -0.7502493620335045, 0.7435423257421593], [0.011009754649850304, 0.9999267044029719, 0.005036975715809387, 0.8723679649378921], [0.7501767410280564, -0.011590236260161507, 0.661135783061209, -0.0004043579099999306]]]
[[[721.5377, 0, 609.5593], [0, 721.5377, 172.854], [0, 0, 1]], [[0.6603870370039255, -0.005421030915179583, -0.7509058354953653, 0.803513156600694], [0.011396109352920429, 0.9999311320906353, 0.0028035276985765127, 0.9442085650980222], [0.7508389241700194, -0.010408818365072637, 0.6604033361904305, -0.002693176270000208]]]
[[[721.5377, 0, 609.5593], [0, 721.5377, 172.854], [0, 0, 1]], [[0.6596628449823272, -0.006255068766599633, -0.7515356312674385, 0.7208787992465314], [0.011437720717642584, 0.9999331129856418, 0.0017170030951320083, 0.8471823129312462], [0.7514746233204468, -0.009728497806372421, 0.6596902658337653, -0.0010986328099988896]]]
[[[721.5377, 0, 609.5593], [0, 721.5377, 172.854], [0, 0, 1]], [[0.6589070167891974, -0.0072582895730138285, -0.7521893780547787, 0.7120996289375436], [0.011996068471086216, 0.9999276751595696, 0.0008595296476742061, 0.8357085652593464], [0.7521287373629579, -0.009589665398359759, 0.6589464323830505, -0.00044250487999875077]]]
[[[721.5377, 0, 609.5593], [0, 721.5377, 172.854], [0, 0, 1]], [[0.6581571808441753, -0.007058593797723459, -0.7528474623433662, 0.771030113913789], [0.011969249447672681, 0.9999277733806303, 0.001088618259260624, 0.9103622918414339], [0.7527854026021671, -0.00972750099736558, 0.6581941304459037, 0.0004959106399979873]]]
[[[721.5377, 0, 609.5593], [0, 721.5377, 172.854], [0, 0, 1]], [[0.6574570384586028, -0.007355963163328336, -0.753456125057845, 0.6908467282822556], [0.012357702588036595, 0.9999231194416704, 0.001020976387776267, 0.8180317020479896], [0.7533906886655747, -0.009982234818842903, 0.6574973955994294, -0.000762939449998612]]]
[[[721.5377, 0, 609.5593], [0, 721.5377, 172.854], [0, 0, 1]], [[0.6566497991589542, -0.007371117224137194, -0.7541596037281321, 0.7509787748993896], [0.012349098365305771, 0.9999232675138033, 0.0009792109491612115, 0.8915065623559196], [0.7540945173080554, -0.009956189802679682, 0.6566904394389672, -0.0014114379900007634]]]
[[[721.5377, 0, 609.5593], [0, 721.5377, 172.854], [0, 0, 1]], [[0.6559026348154674, -0.007987757170273852, -0.7548032388493815, 0.6741244377191622], [0.012595534429636042, 0.9999206070624315, 0.0003634340797978929, 0.8024921023828516], [0.7547404097797862, -0.009745527553049355, 0.6559511708489842, -0.0037536621100002776]]]
[[[721.5377, 0, 609.5593], [0, 721.5377, 172.854], [0, 0, 1]], [[0.6550750434187665, -0.008252429130886908, -0.7555187521851067, 0.6679568659918884], [0.012821455449442689, 0.9999177827635629, 0.00019491884991558445, 0.7964598443132056], [0.7554550269672305, -0.009814536496431464, 0.6551269931114891, -0.003005981450002082]]]
[[[721.5377, 0, 609.5593], [0, 721.5377, 172.854], [0, 0, 1]], [[0.6543020046915773, -0.008202584710763227, -0.7561888681147361, 0.7295063170254233], [0.012845598355499595, 0.9999174558640286, 0.0002684423541922213, 0.8687196883985376], [0.7561242472368362, -0.009889340851193851, 0.6543533630066072, -0.0015716552699984732]]]
[[[721.5377, 0, 609.5593], [0, 721.5377, 172.854], [0, 0, 1]], [[0.6535485055334879, -0.007904504159648626, -0.756843358779698, 0.6559278013228168], [0.01253005977464302, 0.9999214247546356, 0.00037672098904076404, 0.784052502764276], [0.7567809118344545, -0.009729497964941897, 0.6535961967089173, 0.0001678466800001388]]]
[[[721.5377, 0, 609.5593], [0, 721.5377, 172.854], [0, 0, 1]], [[0.6527358705443608, -0.007817097654621375, -0.7575452305235337, 0.6488343834783398], [0.01249489039053345, 0.9999218354524287, 0.0004479950609243443, 0.7762954397461528], [0.7574825153221849, -0.009757867067354972, 0.6527825235187228, -0.0019378662099995836]]]
[[[721.5377, 0, 609.5593], [0, 721.5377, 172.854], [0, 0, 1]], [[0.6517021861034662, -0.007342789925401755, -0.7584394135750558, 0.7055409489886981], [0.012438594597733686, 0.9999221302372228, 0.001007385868442949, 0.8449976635349941], [0.7583729570550339, -0.010090435965117004, 0.6517427721959314, -0.0010681152400024985]]]
[[[721.5377, 0, 609.5593], [0, 721.5377, 172.854], [0, 0, 1]], [[0.6507953056683744, -0.007218294780238322, -0.7592189185870388, 0.6324913911032907], [0.012398499471984351, 0.9999225071857387, 0.0011210861829176418, 0.7594147946009382], [0.7591519922458547, -0.010142772986314408, 0.6508343697326515, -0.001739501949998612]]]
[[[721.5377, 0, 609.5593], [0, 721.5377, 172.854], [0, 0, 1]], [[0.6499230256065165, -0.007095320040302979, -0.7599669185036918, 0.6257190531827478], [0.012288258771207624, 0.9999238081697475, 0.0011732653927775674, 0.7533440486680434], [0.7599006905397857, -0.010101202346044036, 0.6499606959103921, -0.0009002685499979179]]]
[[[721.5377, 0, 609.5593], [0, 721.5377, 172.854], [0, 0, 1]], [[0.6490740046170834, -0.00797912675128636, -0.7606834230260506, 0.6814903637659319], [0.012469596293245145, 0.9999222400964694, 0.00015142239645084873, 0.8234579533143751], [0.7606230641379644, -0.009583699533351737, 0.6491230291744613, -0.003105163580002568]]]
[[[721.5377, 0, 609.5593], [0, 721.5377, 172.854], [0, 0, 1]], [[0.648479718180721, -0.00892136757704627, -0.7611796531100973, 0.616299771333172], [0.012701450651099662, 0.9999189295306117, -0.0008986198935861968, 0.7448417132608209], [0.7611259608367136, -0.009085349025254692, 0.6485404599355995, -0.0011444091800001388]]]
[[[721.5377, 0, 609.5593], [0, 721.5377, 172.854], [0, 0, 1]], [[0.6479671651543998, -0.009198250339146048, -0.7616127264380955, 0.6129607832262964], [0.012705024065411694, 0.9999184850505473, -0.001267129715471995, 0.7417232478935357], [0.7615622989915324, -0.008855249568302527, 0.6480312101356037, -0.0009002685499979179]]]
[[[721.5377, 0, 609.5593], [0, 721.5377, 172.854], [0, 0, 1]], [[0.6474764508783973, -0.009319454556563612, -0.7620284727782042, 0.6712633077388471], [0.01282300477291787, 0.9999168928472161, -0.0013333969261802735, 0.8120559514899043], [0.7619775692935508, -0.00890815163415886, 0.64754214436433, -0.0005722045900000694]]]
[[[721.5377, 0, 609.5593], [0, 721.5377, 172.854], [0, 0, 1]], [[0.6469617295967796, -0.009061610835243244, -0.7624686273193239, 0.6069693148192731], [0.012791452832707195, 0.9999176556059006, -0.001029923311660009, 0.733870745312597], [0.762415175066428, -0.009086760515710529, 0.6470243670927379, 0.0007934570299994448]]]
[[[721.5377, 0, 609.5593], [0, 721.5377, 172.854], [0, 0, 1]], [[0.64634195950946, -0.009056489233183477, -0.762994135875395, 0.6641141780558577], [0.012770793273531781, 0.9999178983831686, -0.0010503961881048317, 0.80313403783092], [0.7629410057249749, -0.009065125247700746, 0.6464045523413393, 0.0009689331100020127]]]
[[[721.5377, 0, 609.5593], [0, 721.5377, 172.854], [0, 0, 1]], [[0.6458022762802911, -0.009100057616306206, -0.7634504626382609, 0.5984956719400405], [0.01284863959701488, 0.999916901530696, -0.0010499970277315156, 0.7272842046312992], [0.7633965761068756, -0.009131209374016735, 0.6458655344602832, -0.0001373291100037477]]]
[[[721.5377, 0, 609.5593], [0, 721.5377, 172.854], [0, 0, 1]], [[0.6453518390922331, -0.00930901341178962, -0.7638287413089216, 0.5942211295214963], [0.013181207751975902, 0.9999125732729391, -0.0010495584254221976, 0.7242587318409454], [0.7637717326154927, -0.009390850866042192, 0.6454181221328853, -0.00019073485999854256]]]
[[[721.5377, 0, 609.5593], [0, 721.5377, 172.854], [0, 0, 1]], [[0.644909934726056, -0.008942634880394328, -0.7642062583969267, 0.6511734055220152], [0.013267668703767669, 0.9999118534354415, -0.0005043079088965088, 0.7919212458703919], [0.7641434060821315, -0.00981400227714801, 0.6449717360477921, 0.0014038085899983344]]]
[[[721.5377, 0, 609.5593], [0, 721.5377, 172.854], [0, 0, 1]], [[0.6444963862380056, -0.008580013844389807, -0.7645592138536959, 0.5885558600906923], [0.013191460194969312, 0.999912983776316, -0.00010125941552057312, 0.7178407115050208], [0.7644935536053106, -0.010020391108872475, 0.6445534875073978, -0.0005722045900000694]]]
[[[721.5377, 0, 609.5593], [0, 721.5377, 172.854], [0, 0, 1]], [[0.6441460824755639, -0.008812527512811464, -0.7648517266700913, 0.585560061183659], [0.013192667636882743, 0.9999128888274149, -0.0004102163289507018, 0.7135757510524866], [0.7647887145820124, -0.009826195380193295, 0.6442062309015207, -0.0015029907199988202]]]
[[[721.5377, 0, 609.5593], [0, 721.5377, 172.854], [0, 0, 1]], [[0.643810068483048, -0.00862980458537882, -0.7651366689635724, 0.6395457691553526], [0.013124598287367385, 0.9999138412874317, -0.00023435359668021614, 0.7822741937106851], [0.7650727681989787, -0.009891232209953348, 0.6438678613548905, -0.0021438598599985426]]]
[[[721.5377, 0, 609.5593], [0, 721.5377, 172.854], [0, 0, 1]], [[0.6433226166278296, -0.008173182081823613, -0.7655515724167641, 0.5780745816953977], [0.013080550948408699, 0.9999143957461675, 0.0003168066648053679, 0.7055109005224112], [0.7654834486270808, -0.010217645239199599, 0.6433744551998916, -0.002120971680000139]]]
[[[721.5377, 0, 609.5593], [0, 721.5377, 172.854], [0, 0, 1]], [[0.6430571276861136, -0.007635315450190118, -0.7657801463148948, 0.5716495747249785], [0.01306936290872402, 0.9999140870706051, 0.0010051024417418852, 0.6995001112762705], [0.76570668162505, -0.010654596929701976, 0.6431016694730469, -0.001747131350001041]]]
[[[721.5377, 0, 609.5593], [0, 721.5377, 172.854], [0, 0, 1]], [[0.6430452836599054, -0.007704466150142732, -0.765789399485324, 0.6210414496927154], [0.01304917956785733, 0.9999144529147035, 0.0008976440803229065, 0.7624070078263715], [0.7657169725658154, -0.010570149177302503, 0.6430908099724424, -0.0025939941399997224]]]
[[[721.5377, 0, 609.5593], [0, 721.5377, 172.854], [0, 0, 1]], [[0.6434502842487093, -0.007985142866817467, -0.7654462549347615, 0.5572060992597638], [0.012976290242453205, 0.999915690620919, 0.00047701324327583414, 0.6841944382452213], [0.7653779116173911, -0.010239587076008529, 0.643499652886242, -0.0020370483400000694]]]
[[[721.5377, 0, 609.5593], [0, 721.5377, 172.854], [0, 0, 1]], [[0.6438435491075013, -0.00785860628915068, -0.7651168058406825, 0.5512974345849871], [0.012597762500688213, 0.9999205903636851, 0.0003306761493693505, 0.6734568413008932], [0.7650534495397252, -0.009851663510881261, 0.64389142258104, -0.0029296875]]]
[[[721.5377, 0, 609.5593], [0, 721.5377, 172.854], [0, 0, 1]], [[0.6442491762377182, -0.007294900423513263, -0.7647808727634554, 0.5993230588162313], [0.012352414277645824, 0.9999233294363982, 0.0008678193024569209, 0.7299681869471442], [0.7647159059275117, -0.010005982042724803, 0.6442898909224214, -0.002746582029999445]]]
[[[721.5377, 0, 609.5593], [0, 721.5377, 172.854], [0, 0, 1]], [[0.6444290545098941, -0.006278799023050079, -0.7646383265219656, 0.5363460123419352], [0.01185560970590472, 0.9999281338577803, 0.0017809093740069875, 0.6557078971251775], [0.7645721929432074, -0.010212923309479687, 0.6444571808704511, -0.0017929077200022903]]]
[[[721.5377, 0, 609.5593], [0, 721.5377, 172.854], [0, 0, 1]], [[0.6445848202059364, -0.004508362046251653, -0.7645195120019765, 0.581692879073479], [0.010915798063307896, 0.9999349532022522, 0.003306768369696806, 0.7083526146315235], [0.7644548743468914, -0.010476833303515969, 0.6445921043971984, -0.0022354125899965993]]]
[[[721.5377, 0, 609.5593], [0, 721.5377, 172.854], [0, 0, 1]], [[0.6447891328882281, -0.00296528615605286, -0.7643547482597722, 0.5218549529453425], [0.010008575837913116, 0.9999394985261056, 0.00456373718099627, 0.6354185761417716], [0.7642949708842416, -0.01059275060469127, 0.6447798004867112, -0.0006484985400021515]]]
[[[721.5377, 0, 609.5593], [0, 721.5377, 172.854], [0, 0, 1]], [[0.64519274992419, -0.0020478283099266592, -0.764017095256693, 0.5134232973073185], [0.009701203995808916, 0.9999377489875805, 0.005512240078444107, 0.6246615123814461], [0.7639582462977236, -0.010968343031824238, 0.6451724524224844, -0.003593444819998126]]]
[[[721.5377, 0, 609.5593], [0, 721.5377, 172.854], [0, 0, 1]], [[0.6453863704089204, -0.0029874172828645374, -0.7638504488631122, 0.5577794852902359], [0.009880346340148826, 0.9999413430441983, 0.004437254462356285, 0.6798652949969138], [0.7637923877904247, -0.010410850538886594, 0.6453780307265335, -0.003517150880000486]]]
[[[721.5377, 0, 609.5593], [0, 721.5377, 172.854], [0, 0, 1]], [[0.6456142331303543, -0.003144411338577818, -0.7636572363677558, 0.5022675514957434], [0.009507356738966405, 0.9999471189282008, 0.003920397304985004, 0.6090530588331396], [0.7636045260128718, -0.009791426072065644, 0.6456099873980673, -0.003913879400002429]]]
[[[721.5377, 0, 609.5593], [0, 721.5377, 172.854], [0, 0, 1]], [[0.645893460245211, -0.003636233153806656, -0.7634188993081841, 0.5468000060773784], [0.009099949103490008, 0.9999542838594028, 0.0029361739633105804, 0.6661648494481333], [0.7633733221293381, -0.008843528689391403, 0.6458970220255995, -0.00341796875]]]
[[[721.5377, 0, 609.5593], [0, 721.5377, 172.854], [0, 0, 1]], [[0.6461606692241347, -0.004133635028477212, -0.7631902139108374, 0.4917753993184789], [0.008765707141613663, 0.9999595693322287, 0.002005512206651525, 0.5989016691302551], [0.763151067565345, -0.007985785018075007, 0.6461707787508806, -0.0023269653299990978]]]
[[[721.5377, 0, 609.5593], [0, 721.5377, 172.854], [0, 0, 1]], [[0.6465742557874553, -0.005170924729163076, -0.7628335292122023, 0.4879471721048481], [0.009095960035083676, 0.9999581971265149, 0.0009314024534810357, 0.5939866513863237], [0.7627968243667107, -0.007540924143334135, 0.6465942616503227, -0.0027999877899986814]]]
[[[721.5377, 0, 609.5593], [0, 721.5377, 172.854], [0, 0, 1]], [[0.6468165600258007, -0.005658172514094746, -0.7626246276905767, 0.5316943267200247], [0.009537354465340363, 0.9999542938996063, 0.0006700608495582464, 0.6475200223248105], [0.762585979772899, -0.007706827852002484, 0.6468409605600649, -0.005058288580002568]]]
[[[721.5377, 0, 609.5593], [0, 721.5377, 172.854], [0, 0, 1]], [[0.6470905991583948, -0.005236462287843229, -0.7623951311121665, 0.4809485042805338], [0.009824237104355232, 0.9999506600396998, 0.0014703235991214729, 0.5833731923437828], [0.7623498152725866, -0.008441383113964161, 0.6471101159810255, 7.629400002429065e-06]]]
[[[721.5377, 0, 609.5593], [0, 721.5377, 172.854], [0, 0, 1]], [[0.6474375313385289, -0.005692202461200405, -0.7620972653443996, 0.47668547446260007], [0.010403921632618615, 0.9999449393726489, 0.0013699042636354758, 0.578374305265188], [0.7620475060184462, -0.008815727659694364, 0.6474611042502062, 0.0014495849599995836]]]
[[[721.5377, 0, 609.5593], [0, 721.5377, 172.854], [0, 0, 1]], [[0.6480856942957716, -0.007017664948577186, -0.7615350846992127, 0.5172595824483585], [0.010833761351565614, 0.9999413130719409, 5.190363601504854e-06, 0.626237597336737], [0.7614903561202498, -0.008253653168873908, 0.6481236878445525, -0.0030517578099988896]]]
[[[721.5377, 0, 609.5593], [0, 721.5377, 172.854], [0, 0, 1]], [[0.6492755597658562, -0.008335671822970757, -0.7605075700254363, 0.46496819467818], [0.011264113017581344, 0.9999356555242449, -0.0013433425570597254, 0.561267185885724], [0.7604698332272368, -0.007694243728800423, 0.6493276764198339, -0.003067016599999306]]]
[[[721.5377, 0, 609.5593], [0, 721.5377, 172.854], [0, 0, 1]], [[0.6503652294525878, -0.009644779727738707, -0.7595604298165395, 0.458311485965904], [0.011880892651003097, 0.9999262341254872, -0.002524024056281435, 0.5525493876807311], [0.7595287438332391, -0.007382718444092751, 0.6504318432852724, -0.002189636229999792]]]
[[[721.5377, 0, 609.5593], [0, 721.5377, 172.854], [0, 0, 1]], [[0.6515380686375453, -0.009886248195464667, -0.7585515191552087, 0.49741247831778435], [0.012412650075408906, 0.9999201502410985, -0.0023704978221212912, 0.5990571744509011], [0.758514384329106, -0.007871164998709029, 0.6516087580192583, 0.0005645751899976403]]]
[[[721.5377, 0, 609.5593], [0, 721.5377, 172.854], [0, 0, 1]], [[0.6525231869535854, -0.010271148400206789, -0.7576991447787685, 0.44584476079502194], [0.012795661866363968, 0.9999149186491919, -0.0025350542758855836, 0.5345053398527109], [0.7576607166306948, -0.008041080357821105, 0.652599095541314, 0.0005264282199988202]]]
[[[721.5377, 0, 609.5593], [0, 721.5377, 172.854], [0, 0, 1]], [[0.6534320140369093, -0.01019601679944652, -0.7569165371909201, 0.44058227188501314], [0.01276053526108697, 0.9999155712372999, -0.002453392963792799, 0.5265291435579911], [0.7568776465000924, -0.008055534656969473, 0.6535069522123476, -2.2888179998403757e-05]]]
[[[721.5377, 0, 609.5593], [0, 721.5377, 172.854], [0, 0, 1]], [[0.6545236151754368, -0.010215876159635574, -0.7559725345883723, 0.4787472326370636], [0.012726851713330265, 0.999915901399395, -0.0024934662825579325, 0.5697860953543135], [0.7559344312988684, -0.007989117781478774, 0.6545985865963431, -0.0017013549799997918]]]
[[[721.5377, 0, 609.5593], [0, 721.5377, 172.854], [0, 0, 1]], [[0.6555235548137364, -0.011079499668807226, -0.7550934470457622, 0.4315770186697871], [0.013061068223460131, 0.9999091459913269, -0.0033329056028589574, 0.513317575122517], [0.7550617707056982, -0.007677528898307658, 0.655608707972058, -0.0035095214799980567]]]
[[[721.5377, 0, 609.5593], [0, 721.5377, 172.854], [0, 0, 1]], [[0.6562913957174417, -0.010985700910523796, -0.7544275434279669, 0.43059628481336276], [0.012824909688497593, 0.999911964334724, -0.003403714405698355, 0.5100408231221417], [0.7543985190857245, -0.007441636633039435, 0.656374509289847, -0.0015563964900024985]]]
[[[721.5377, 0, 609.5593], [0, 721.5377, 172.854], [0, 0, 1]], [[0.6571550113518829, -0.010633701104554066, -0.7536804465129275, 0.47052578479824264], [0.012742518014435128, 0.9999143186463452, -0.0029972655316627345, 0.5599322578703578], [0.7536477421778416, -0.007634118602334056, 0.657234205548834, 0.0008468627899986814]]]
[[[721.5377, 0, 609.5593], [0, 721.5377, 172.854], [0, 0, 1]], [[0.6573188456538737, -0.010348969623933698, -0.7535415277049976, 0.42624125472426], [0.012610894337908999, 0.9999167470984053, -0.0027320717672943487, 0.5075833150405461], [0.7535070673140744, -0.007706990324792791, 0.6573946317151339, 0.0025253295900000694]]]
[[[721.5377, 0, 609.5593], [0, 721.5377, 172.854], [0, 0, 1]], [[0.6572272902779327, -0.009898108740684409, -0.7536274386971877, 0.42425871611031485], [0.012231097153789937, 0.9999221556000998, -0.0024663743560758206, 0.5047473856503247], [0.7535931854630458, -0.007596721885612482, 0.6572971935435691, 0.0018463134800015268]]]
[[[721.5377, 0, 609.5593], [0, 721.5377, 172.854], [0, 0, 1]], [[0.6566222457849786, -0.009123100209614595, -0.7541644352413183, 0.4653218268650156], [0.01188024914970957, 0.9999278917671169, -0.001752411569752416, 0.5535859849626025], [0.754126041202949, -0.007808988970046458, 0.6566832826186714, 0.001953125]]]
[[[721.5377, 0, 609.5593], [0, 721.5377, 172.854], [0, 0, 1]], [[0.6552595799284333, -0.008407428369585614, -0.7553570004045923, 0.41924861425380094], [0.011679928265314696, 0.9999312897778881, -0.0009974962887575353, 0.5041127919502791], [0.7553134860359175, -0.008168896580277491, 0.655312755057408, 0.0029373168899979873]]]
[[[721.5377, 0, 609.5593], [0, 721.5377, 172.854], [0, 0, 1]], [[0.6533003589985085, -0.007622434871566876, -0.7570604595532966, 0.45840197580204733], [0.011362038605394005, 0.9999354153651853, -0.00026301555843105055, 0.5514300331149518], [0.757013569898948, -0.008429922009316684, 0.6533447722326761, 0.0019454956100020127]]]
[[[721.5377, 0, 609.5593], [0, 721.5377, 172.854], [0, 0, 1]], [[0.6516350644782312, -0.007513633406844109, -0.7584954107016594, 0.4129118518959457], [0.011423029269548478, 0.9999347508749082, -9.162446240092064e-05, 0.5022116799300298], [0.7584466079723466, -0.008604609564798842, 0.651678374314722, 0.0024337768600020127]]]
[[[721.5377, 0, 609.5593], [0, 721.5377, 172.854], [0, 0, 1]], [[0.6499806068749231, -0.00750785237303948, -0.7599137074952994, 0.4117456087560269], [0.011204825446818065, 0.9999371803462349, -0.0002953776018099921, 0.4986197994600496], [0.7598681876307318, -0.008322710734247474, 0.6500238994935656, 0.0006713867099961135]]]
[[[721.5377, 0, 609.5593], [0, 721.5377, 172.854], [0, 0, 1]], [[0.6482611368221188, -0.008345332296784722, -0.7613723490611873, 0.45010793643174246], [0.011263373927557451, 0.999935627488743, -0.0013701410372241691, 0.5458615128562804], [0.7613347718933257, -0.007687412279181371, 0.6483134032229996, -0.0027694702099978485]]]
[[[721.5377, 0, 609.5593], [0, 721.5377, 172.854], [0, 0, 1]], [[0.6471324289887411, -0.009207931903605414, -0.762322001086936, 0.4072263145649076], [0.01128001330467739, 0.9999332473525617, -0.0025024265837431453, 0.49537641846678143], [0.7622941562487399, -0.006979600921205231, 0.6471930967802442, -0.002716064449998612]]]
[[[721.5377, 0, 609.5593], [0, 721.5377, 172.854], [0, 0, 1]], [[0.6459541550258405, -0.009665440135926386, -0.7633150128694124, 0.4074661375273157], [0.011079199993992504, 0.999933225025653, -0.0032858510754283105, 0.49728787485113046], [0.7632958017258745, -0.006334410531028138, 0.6460181067980053, 0.0003738403299990978]]]
[[[721.5377, 0, 609.5593], [0, 721.5377, 172.854], [0, 0, 1]], [[0.6452270360377614, -0.009827023433398337, -0.7639276808549124, 0.449583080249807], [0.010674964683822712, 0.9999356218694975, -0.003846718791446299, 0.5506026697239536], [0.763916302414685, -0.005672894049845122, 0.6452904006555302, 0.0006866455100009716]]]
[[[721.5377, 0, 609.5593], [0, 721.5377, 172.854], [0, 0, 1]], [[0.6448481773978598, -0.0105693140502007, -0.764237605530614, 0.4107578329144508], [0.010756420208725326, 0.999930852414606, -0.004752874255920554, 0.5036048945800916], [0.7642349949661764, -0.005155578523065774, 0.644917275686689, 0.0010833740199984732]]]
[[[721.5377, 0, 609.5593], [0, 721.5377, 172.854], [0, 0, 1]], [[0.6444419536325574, -0.009782162540019554, -0.7645906602191093, 0.4143624358610924], [0.010494375826647619, 0.9999371390838979, -0.0039479053583740195, 0.506146273577091], [0.7645812164016729, -0.005479705899976968, 0.6445041011110697, 0.005218505860000278]]]
[[[721.5377, 0, 609.5593], [0, 721.5377, 172.854], [0, 0, 1]], [[0.6441028609415401, -0.008936931857028688, -0.7648866816567707, 0.45718319995697815], [0.010369663621826807, 0.9999418787557752, -0.0029511331282696634, 0.5595449385749476], [0.7648685995668101, -0.006030784306658188, 0.6441580978590219, 0.005813598629998751]]]
[[[721.5377, 0, 609.5593], [0, 721.5377, 172.854], [0, 0, 1]], [[0.6437894431612294, -0.009006949965411999, -0.7651496766819382, 0.4174264363303977], [0.010257077371355228, 0.9999424628238743, -0.0031406059164786945, 0.5098941051364636], [0.7651339394105794, -0.005826310500235397, 0.6438447863173257, 0.00289154053000118]]]
[[[721.5377, 0, 609.5593], [0, 721.5377, 172.854], [0, 0, 1]], [[0.6432985211925719, -0.008879986543047582, -0.7655639479954925, 0.46125174194257124], [0.010129572287301792, 0.9999439301154751, -0.003086809112002414, 0.5617828691919404], [0.7655484337367077, -0.005769095614817583, 0.6433524019843718, 0.00036621094000111043]]]
[[[721.5377, 0, 609.5593], [0, 721.5377, 172.854], [0, 0, 1]], [[0.6430973095719827, -0.00880745877128378, -0.765733817387785, 0.421159332430329], [0.009971379653931649, 0.9999453953987749, -0.003126948765974288, 0.514047164197372], [0.7657195452703781, -0.005624490268460476, 0.6431500160150394, -0.0022888183600002776]]]
[[[721.5377, 0, 609.5593], [0, 721.5377, 172.854], [0, 0, 1]], [[0.6427422112221147, -0.008942687536937301, -0.7660303376844309, 0.42394469377175203], [0.009852081357049323, 0.999945663000413, -0.0034069839445880837, 0.5197351496896951], [0.7660191814871482, -0.005357180814692189, 0.6427953906240135, 0.0008621215799990978]]]
[[[721.5377, 0, 609.5593], [0, 721.5377, 172.854], [0, 0, 1]], [[0.6423872154136075, -0.008373516809755456, -0.7663344894296406, 0.4695873502023722], [0.00951059512278843, 0.9999504105238973, -0.002953823538953819, 0.5717508345401433], [0.766321221194847, -0.005390798579582391, 0.6424349968962717, -0.0008773803699995142]]]
[[[721.5377, 0, 609.5593], [0, 721.5377, 172.854], [0, 0, 1]], [[0.6421732492106454, -0.008158789613228393, -0.7665161134316024, 0.42850435165879486], [0.009414292003905048, 0.9999518856489096, -0.0027563550670008092, 0.5263901000661553], [0.7665017215272953, -0.005446149028189373, 0.6422191606892893, 0.0008773803699995142]]]
[[[721.5377, 0, 609.5593], [0, 721.5377, 172.854], [0, 0, 1]], [[0.641747116691141, -0.008692736539525098, -0.7668670514176896, 0.4316639468083466], [0.009761084533493301, 0.9999473465009997, -0.0031662997867671567, 0.5300946604423272], [0.766854196994016, -0.005453490356101227, 0.6417981769961635, 0.0007247924799997918]]]
[[[721.5377, 0, 609.5593], [0, 721.5377, 172.854], [0, 0, 1]], [[0.6413803079713243, -0.008462780179376767, -0.7671764346604012, 0.4786072718053941], [0.009820299807022937, 0.9999478019922666, -0.0028204614046444688, 0.5872013349915493], [0.7671602585238038, -0.005724914188915981, 0.6414299362356112, 0.0010757446300004858]]]
[[[721.5377, 0, 609.5593], [0, 721.5377, 172.854], [0, 0, 1]], [[0.6411892157592176, -0.008560701610025518, -0.7673350663054723, 0.43744545314750927], [0.009771838899337349, 0.9999477829023616, -0.002990423578177347, 0.5393313682443568], [0.767320598419334, -0.005580847300870012, 0.6412393885163321, 0.0013122558600002776]]]
[[[721.5377, 0, 609.5593], [0, 721.5377, 172.854], [0, 0, 1]], [[0.6408541643277205, -0.008734540683229505, -0.7676129544652514, 0.4403002101230331], [0.00954366478149233, 0.9999486419316358, -0.0034105661723082786, 0.5417630699512412], [0.7676033210756436, -0.00514016518510828, 0.6409046108240385, -0.001113891599999306]]]
[[[721.5377, 0, 609.5593], [0, 721.5377, 172.854], [0, 0, 1]], [[0.64066404783069, -0.008971759814404607, -0.7677689010001825, 0.4867155775476481], [0.009728590568442762, 0.999946314596253, -0.003566854485800522, 0.6019508340552553], [0.7677596839784875, -0.005184153856118022, 0.6407169361005288, -0.001403808600002776]]]
[[[721.5377, 0, 609.5593], [0, 721.5377, 172.854], [0, 0, 1]], [[0.6403833244766993, -0.009690368673381574, -0.7679943323274881, 0.4443976609837158], [0.010199607174404253, 0.9999395272015051, -0.004112171387251034, 0.5479132370157774], [0.7679877380177748, -0.005199874518123476, 0.6404434366588024, -0.0037002563399965993]]]
[[[721.5377, 0, 609.5593], [0, 721.5377, 172.854], [0, 0, 1]], [[0.6399917801479321, -0.009378987898933235, -0.7683245121230172, 0.4915368333366239], [0.010183128448638749, 0.9999412157556977, -0.0037241009674305213, 0.6057538381910601], [0.7683142750451012, -0.00544055318958989, 0.6400496661532695, -0.0009155273500027761]]]
[[[721.5377, 0, 609.5593], [0, 721.5377, 172.854], [0, 0, 1]], [[0.6397322083389498, -0.008864059730871052, -0.768546765043519, 0.4494668610159675], [0.010171319584094831, 0.9999435692639862, -0.0030663570434373345, 0.5503141261436256], [0.7685305757558958, -0.005855487399626014, 0.6397862669639167, 0.0007553100600006246]]]
[[[721.5377, 0, 609.5593], [0, 721.5377, 172.854], [0, 0, 1]], [[0.6394572307103187, -0.009193834444838182, -0.7687716979054907, 0.4481707360398844], [0.010395932493061675, 0.9999404786023364, -0.0033111689975486493, 0.5513585093615259], [0.7687563818791294, -0.005874747716415564, 0.6395147478044416, -0.00035858153999868136]]]
[[[721.5377, 0, 609.5593], [0, 721.5377, 172.854], [0, 0, 1]], [[0.6391032832294564, -0.009771250887064912, -0.7690588508179534, 0.4920205293385885], [0.010642053089466605, 0.9999359180537855, -0.003860892639559121, 0.60850355954144], [0.7690472937806687, -0.005716855957190161, 0.6391663144179256, 0.0009155273399983344]]]
[[[721.5377, 0, 609.5593], [0, 721.5377, 172.854], [0, 0, 1]], [[0.6387979544085873, -0.010375113683593853, -0.7693045758732082, 0.44816386452587276], [0.01068361413212629, 0.9999322823904419, -0.00461421960005136, 0.5535381541341932], [0.7693003534592195, -0.005271399197003609, 0.6388655402492965, 3.051758000083282e-05]]]
[[[721.5377, 0, 609.5593], [0, 721.5377, 172.854], [0, 0, 1]], [[0.638284846200612, -0.010664810556663355, -0.7697263909509999, 0.4486280812668171], [0.01080719500296929, 0.9999296308471853, -0.004892636301577732, 0.5535094550048515], [0.7697244049962485, -0.005195687596671158, 0.638355187324086, -0.0007781982399990284]]]
[[[721.5377, 0, 609.5593], [0, 721.5377, 172.854], [0, 0, 1]], [[0.6375651388351214, -0.010869512261579317, -0.7703197696056799, 0.4942267418211628], [0.010921283705306718, 0.9999275065628371, -0.00507022497091416, 0.6087311450360747], [0.7703190373503569, -0.00518028206016395, 0.637637628573939, -0.0012741088900014574]]]
[[[721.5377, 0, 609.5593], [0, 721.5377, 172.854], [0, 0, 1]], [[0.636263327259182, -0.011251767437103741, -0.7713898988933005, 0.44871170805397204], [0.01107910033048059, 0.999923789496661, -0.005446901367210153, 0.5542975528084052], [0.771392398148272, -0.005080642496604435, 0.6363394967710865, 0.0010147094699988202]]]
[[[721.5377, 0, 609.5593], [0, 721.5377, 172.854], [0, 0, 1]], [[0.6347493866121748, -0.011536245642971742, -0.7726319506931698, 0.44887552817794946], [0.011111153189525796, 0.9999214384687463, -0.0058016519537176445, 0.5553933266817247], [0.772638180826101, -0.004902236944314352, 0.6348277007209713, 0.0015792846700009022]]]
[[[721.5377, 0, 609.5593], [0, 721.5377, 172.854], [0, 0, 1]], [[0.633141240512766, -0.013098376809851795, -0.7739254499542595, 0.492640873776571], [0.011723949775791675, 0.99990439283627, -0.007331724789224586, 0.6165646273601324], [0.7739474908310063, -0.00443144577732286, 0.6332342723863831, 0.00017547606999812615]]]
[[[721.5377, 0, 609.5593], [0, 721.5377, 172.854], [0, 0, 1]], [[0.6312493576770909, -0.014226073388724066, -0.7754494614532909, 0.45083786931387143], [0.012238933286056897, 0.9998899814326755, -0.00838054548242981, 0.5653542822373542], [0.7754833698695799, -0.004200460272668114, 0.631354020490262, 0.0016326904300001388]]]
[[[721.5377, 0, 609.5593], [0, 721.5377, 172.854], [0, 0, 1]], [[0.6294874432674397, -0.0146974109384108, -0.7768716398996228, 0.4519030402852102], [0.012377947582034133, 0.9998838984128743, -0.008886850304193358, 0.5689125696062243], [0.7769120575601065, -0.004021915759959283, 0.629596282558388, 0.0014266967800011798]]]
[[[721.5377, 0, 609.5593], [0, 721.5377, 172.854], [0, 0, 1]], [[0.6276325677862388, -0.014528890949905827, -0.778374120318641, 0.49957638329817705], [0.01228810486868549, 0.9998861679836352, -0.008755201524691026, 0.6300447161393742], [0.7784127197912356, -0.004069693203118457, 0.6277396556411295, 0.0027694702200022903]]]
[[[721.5377, 0, 609.5593], [0, 721.5377, 172.854], [0, 0, 1]], [[0.6258568570994524, -0.013864012032197547, -0.7798147110640878, 0.45580332023527326], [0.012074276439857286, 0.9998944066020025, -0.008086253426860408, 0.5789602896222582], [0.7798444756937434, -0.0043548612378107015, 0.6259581686610933, 0.0025939941399997224]]]
[[[721.5377, 0, 609.5593], [0, 721.5377, 172.854], [0, 0, 1]], [[0.6242721464601176, -0.01367223990008789, -0.781087291543136, 0.45811204739569716], [0.012116770771000016, 0.9998960248107209, -0.007818147721894885, 0.583830033385111], [0.7811129694353823, -0.0045836038040798395, 0.6243729010423232, 0.0007400512700002082]]]
[[[721.5377, 0, 609.5593], [0, 721.5377, 172.854], [0, 0, 1]], [[0.6225104759774924, -0.014068753891452653, -0.7824850014295593, 0.5076159010285489], [0.012192181233246963, 0.9998914062411088, -0.00827806994132572, 0.6494448272700765], [0.782516490570679, -0.004387013690377052, 0.6226144040221275, -0.0026626586899993754]]]
[[[721.5377, 0, 609.5593], [0, 721.5377, 172.854], [0, 0, 1]], [[0.6211253255364899, -0.013834938880415483, -0.7835891298654957, 0.4645733565950015], [0.01180839363722991, 0.9998958811513534, -0.008293895120311688, 0.5990012233599031], [0.7836222889995522, -0.004101380588737137, 0.6212240230869768, -0.001258850100001041]]]
[[[721.5377, 0, 609.5593], [0, 721.5377, 172.854], [0, 0, 1]], [[0.6199301908181706, -0.014278277931244945, -0.7845270481579745, 0.4686689245521537], [0.011806137687763974, 0.9998909746366444, -0.008868706392648494, 0.6063315908433552], [0.7845681446662515, -0.0037642555040231745, 0.6200311740190619, -0.0011291503899997224]]]
[[[721.5377, 0, 609.5593], [0, 721.5377, 172.854], [0, 0, 1]], [[0.6185914950919823, -0.014720134429345917, -0.785574872206493, 0.5210740216297793], [0.011716286441166946, 0.9998861372246896, -0.009510058775728901, 0.6791617351811431], [0.7856254138149392, -0.003321178747263625, 0.6186935258589944, -0.0008773803699995142]]]
[[[721.5377, 0, 609.5593], [0, 721.5377, 172.854], [0, 0, 1]], [[0.6176261584375851, -0.0152653810360876, -0.7863236589060856, 0.4808278635161523], [0.011672053126062707, 0.9998794113843961, -0.010243332729931597, 0.6236474975545759], [0.7863852056018433, -0.0028514612774462092, 0.617729858092621, -0.0020446777400024985]]]
[[[721.5377, 0, 609.5593], [0, 721.5377, 172.854], [0, 0, 1]], [[0.6164567858389453, -0.0156871155753191, -0.7872324596953834, 0.5350118139367289], [0.011583969730722017, 0.9998740001045674, -0.010853366305864167, 0.7006473856664556], [0.7873035264994019, -0.0024286456757074307, 0.6165608314203777, -0.0012359619099981956]]]
[[[721.5377, 0, 609.5593], [0, 721.5377, 172.854], [0, 0, 1]], [[0.6153996938706306, -0.016438058992689384, -0.7880437849513737, 0.4931306809531258], [0.011614586363850099, 0.9998630817634057, -0.011786395130906145, 0.647866629655461], [0.788129632844452, -0.0018994586434151126, 0.6155063556855699, -0.0008697509800015268]]]
[[[721.5377, 0, 609.5593], [0, 721.5377, 172.854], [0, 0, 1]], [[0.6142431409251036, -0.01633949806202058, -0.7889476437822377, 0.5004327819502855], [0.01141948111436429, 0.9998649684714872, -0.011816948615887366, 0.6591052279907001], [0.7890341939849895, -0.0017508930844202567, 0.6143467873244434, -0.0006866455100009716]]]
[[[721.5377, 0, 609.5593], [0, 721.5377, 172.854], [0, 0, 1]], [[0.6130463918862893, -0.015435739001528429, -0.7898961066853533, 0.558069527686005], [0.010834883770796359, 0.9998793562612607, -0.011130059130134562, 0.7364462738312691], [0.7899726113536314, -0.001735189915730317, 0.6131396761155494, 0.0007858276400014574]]]
[[[721.5377, 0, 609.5593], [0, 721.5377, 172.854], [0, 0, 1]], [[0.6119631072737868, -0.016215017727213323, -0.7907200696428022, 0.5141048456258591], [0.01102754465065089, 0.9998675549713646, -0.011969368177272658, 0.6840107894254263], [0.7908094262177138, -0.001394889132284025, 0.6120608676345181, 0.0015869140599988896]]]
[[[721.5377, 0, 609.5593], [0, 721.5377, 172.854], [0, 0, 1]], [[0.6108343344295121, -0.016171873166571676, -0.7915932581827231, 0.5211711552738643], [0.010821451296332421, 0.9998685191838311, -0.012076445543862271, 0.6945889876859087], [0.7916844776007018, -0.001189480313870075, 0.6109290245705199, 0.0007629394600030537]]]
[[[721.5377, 0, 609.5593], [0, 721.5377, 172.854], [0, 0, 1]], [[0.6096381393571244, -0.016381727621253752, -0.7925105538990167, 0.5811460896923742], [0.010947229214081948, 0.9998650786914707, -0.012246737762908032, 0.7771222475069582], [0.7926042500603423, -0.0012097162651376957, 0.6097352207088256, 0.0006790161099985426]]]
[[[721.5377, 0, 609.5593], [0, 721.5377, 172.854], [0, 0, 1]], [[0.6085233407132209, -0.01657278675866276, -0.7933628971323736, 0.5348519402825973], [0.011486024777880787, 0.9998611062068861, -0.012076403833261107, 0.7183214683557387], [0.7934528436158151, -0.001763812289895733, 0.6086291760375794, 0.0020065307599992366]]]
[[[721.5377, 0, 609.5593], [0, 721.5377, 172.854], [0, 0, 1]], [[0.6073034604236793, -0.016587521601033436, -0.7942967714176861, 0.5424190463708102], [0.011786810599607641, 0.9998600963278542, -0.011868397833877341, 0.729679421272813], [0.7943825136880303, -0.002154506530381501, 0.6074140104148875, 0.0010604858400000694]]]
[[[721.5377, 0, 609.5593], [0, 721.5377, 172.854], [0, 0, 1]], [[0.6059899382734405, -0.016389388747657774, -0.7953034531849021, 0.6047950112853602], [0.011915297375452662, 0.9998625802438323, -0.011525897648354514, 0.8140905451674716], [0.7953830651955108, -0.0024916991439501565, 0.6061019477246132, 0.0013732910200019433]]]
[[[721.5377, 0, 609.5593], [0, 721.5377, 172.854], [0, 0, 1]], [[0.6049153474728455, -0.01715416305371354, -0.7961049912428216, 0.5568815713882198], [0.01215862069494783, 0.9998503571756212, -0.012305738441025966, 0.7505814237351229], [0.7961969544871438, -0.0022356085769130573, 0.605033397193649, 0.0004577636699991672]]]
[[[721.5377, 0, 609.5593], [0, 721.5377, 172.854], [0, 0, 1]], [[0.6036708903350693, -0.017084539174047154, -0.7970505471319089, 0.6204190057457277], [0.012069592642520676, 0.9998516264593135, -0.012290240034633157, 0.8384931032037786], [0.7971422590074551, -0.0022008152752416572, 0.6037875249759768, 0.0009384155300011798]]]
[[[721.5377, 0, 609.5593], [0, 721.5377, 172.854], [0, 0, 1]], [[0.6027373782443726, -0.01727538285955271, -0.7977526020102699, 0.5710614495652809], [0.012042486621787727, 0.999848686960091, -0.012553154987726953, 0.7745086761034136], [0.7978487521974726, -0.00204066931120721, 0.6028542147863761, 0.0030441284099964605]]]
[[[721.5377, 0, 609.5593], [0, 721.5377, 172.854], [0, 0, 1]], [[0.6021052988167962, -0.017872854983521275, -0.7982166185888857, 0.5785954527359523], [0.012035881348774443, 0.9998389970061062, -0.01330855461655515, 0.7864010014185061], [0.798325965190219, -0.0015940892577351812, 0.6022234736229929, 0.004501342780002915]]]
[[[721.5377, 0, 609.5593], [0, 721.5377, 172.854], [0, 0, 1]], [[0.6016047319638479, -0.017230596102813116, -0.7986080722335885, 0.6451096679580438], [0.011660559583438528, 0.9998502321004596, -0.012788460378718438, 0.8751578418324689], [0.7987088191756166, -0.0016186187317255437, 0.6017155492793032, 0.007057189939999375]]]
[[[721.5377, 0, 609.5593], [0, 721.5377, 172.854], [0, 0, 1]], [[0.6010406940310737, -0.016643973352630622, -0.7990450940151516, 0.5909428904967663], [0.012099982384368988, 0.9998580440217404, -0.0117252817159136, 0.8051627369281499], [0.7991268200635887, -0.002621060101657227, 0.6011567644957514, 0.005432128899997224]]]
[[[721.5377, 0, 609.5593], [0, 721.5377, 172.854], [0, 0, 1]], [[0.6003901528638952, -0.01471365430688662, -0.7995718683902066, 0.5956389995052291], [0.012006401202328912, 0.9998838838982401, -0.009384298095180774, 0.8118070078235805], [0.7996171025398576, -0.003965740474102605, 0.6004970959365705, 0.006446838380000486]]]
[[[721.5377, 0, 609.5593], [0, 721.5377, 172.854], [0, 0, 1]], [[0.599661790051141, -0.014281983260618376, -0.8001260916298161, 0.657688620114392], [0.011982237224223077, 0.9998888906726912, -0.008867485575827502, 0.9026120133604005], [0.8001638354385706, -0.0042698083655455165, 0.5997662921444966, 0.005653381350001041]]]
[[[721.5377, 0, 609.5593], [0, 721.5377, 172.854], [0, 0, 1]], [[0.5986983122326048, -0.01448733808420533, -0.8008435852056658, 0.6010521740792549], [0.012034857994271978, 0.9998862518048539, -0.0090909650036672, 0.8277230252090959], [0.8008841945767741, -0.004195293419312609, 0.5988045644367099, 0.004219055180001874]]]
[[[721.5377, 0, 609.5593], [0, 721.5377, 172.854], [0, 0, 1]], [[0.5979793559438626, -0.014542656823653922, -0.80137956113035, 0.603930907075507], [0.011556193408100745, 0.9998878875598585, -0.00952190658420262, 0.834026473492767], [0.8014281903320333, -0.0035669936351421126, 0.5980803727740354, 0.0029144287099995836]]]
[[[721.5377, 0, 609.5593], [0, 721.5377, 172.854], [0, 0, 1]], [[0.5971343101590502, -0.013929965636969731, -0.8020203062817226, 0.6686728500558674], [0.011168908062605436, 0.9998966609538594, -0.009051127333756534, 0.9247706347571908], [0.8020635081610211, -0.003552952388598785, 0.597228185374535, 0.002265930169997432]]]
[[[721.5377, 0, 609.5593], [0, 721.5377, 172.854], [0, 0, 1]], [[0.5965712834703857, -0.012795189494463795, -0.8024580904098965, 0.6117785964504163], [0.010894005746578816, 0.9999098871621863, -0.007844628359397962, 0.8460844263986023], [0.8024861521405153, -0.004062103039599849, 0.5966569156069553, 0.0022888183600002776]]]
[[[721.5377, 0, 609.5593], [0, 721.5377, 172.854], [0, 0, 1]], [[0.5958030435564492, -0.01215129399008196, -0.8030386537043149, 0.6161079812904132], [0.010753625016877703, 0.9999166015853563, -0.007151882478650288, 0.8526955507520392], [0.8030585861802788, -0.004374463208056629, 0.5958840249862158, 0.002693176270000208]]]
[[[721.5377, 0, 609.5593], [0, 721.5377, 172.854], [0, 0, 1]], [[0.5952035369827918, -0.011214001247798087, -0.8034967303848776, 0.6807852614348068], [0.009784837070042256, 0.9999296324959315, -0.006707236395409732, 0.9419115685413978], [0.8035154052827407, -0.0038699137672001138, 0.5952713811705946, 0.00011444092000090222]]]
[[[721.5377, 0, 609.5593], [0, 721.5377, 172.854], [0, 0, 1]], [[0.5945042645522874, -0.011283403828636152, -0.8040132861011587, 0.6225999474989388], [0.009630622370787588, 0.9999297367193396, -0.006911782486690238, 0.8625789765317189], [0.8040347819229559, -0.0036340641755410997, 0.5945711589336241, -0.0005111694299984038]]]
[[[721.5377, 0, 609.5593], [0, 721.5377, 172.854], [0, 0, 1]], [[0.5937317592509898, -0.010635086474835166, -0.8045927497761819, 0.6891647446156298], [0.009032544257607371, 0.9999377417131129, -0.006551781583235874, 0.9548981091199379], [0.8046123359736409, -0.003377518816060506, 0.5937908564180557, 0.000350952150000694]]]
[[[721.5377, 0, 609.5593], [0, 721.5377, 172.854], [0, 0, 1]], [[0.5930859136429983, -0.010657864095866889, -0.8050686361864832, 0.6305907168639973], [0.00827942403427824, 0.9999402461552896, -0.007138295073728194, 0.8744294770409261], [0.8050966092189872, -0.0024318823600305737, 0.593138715455564, 0.0029525756799984038]]]
[[[721.5377, 0, 609.5593], [0, 721.5377, 172.854], [0, 0, 1]], [[0.5924328523162434, -0.010708257192567967, -0.8055486631633982, 0.6346679411904024], [0.00767124927336263, 0.9999413084235879, -0.007650597539351242, 0.8822322582281341], [0.8055833088086086, -0.001647099274788967, 0.5924802272084301, 0.0005187988300008328]]]
[[[721.5377, 0, 609.5593], [0, 721.5377, 172.854], [0, 0, 1]], [[0.5916821733144204, -0.009812664882760176, -0.8061116035573628, 0.7031135565246416], [0.0071863333288887925, 0.9999503893403454, -0.006897497472120109, 0.9787776421020057], [0.8061392946601786, -0.001711860388713519, 0.5917233366521885, 0.002471923830000833]]]
[[[721.5377, 0, 609.5593], [0, 721.5377, 172.854], [0, 0, 1]], [[0.5910332827784193, -0.009411512643179002, -0.8065922650744504, 0.6424363531395436], [0.007359335707367214, 0.9999532304540872, -0.006275116124930182, 0.8974359284629109], [0.8066135994552233, -0.0022271807745153234, 0.5910749029012197, 0.0018615722599975015]]]
[[[721.5377, 0, 609.5593], [0, 721.5377, 172.854], [0, 0, 1]], [[0.5904156110745636, -0.010845660893670454, -0.8070265038022166, 0.6457731744819746], [0.00794983617354851, 0.9999393494517057, -0.007622173109632919, 0.9050725248484432], [0.8070602247070929, -0.001915478498699218, 0.590466023271329, -0.0014190673799987508]]]
[[[721.5377, 0, 609.5593], [0, 721.5377, 172.854], [0, 0, 1]], [[0.5897750621430472, -0.01307005826804039, -0.807461794545745, 0.7150674802136766], [0.009036650804999975, 0.9999132318304925, -0.009584766691381561, 1.0060398224535507], [0.8075170060230269, -0.0016438939046523613, 0.5898419979930531, -0.0009460449199991672]]]
[[[721.5377, 0, 609.5593], [0, 721.5377, 172.854], [0, 0, 1]], [[0.5892959426561761, -0.014789138942781986, -0.8077818847549749, 0.6558648951746925], [0.010504723338074938, 0.9998881841064595, -0.010642841344171717, 0.9243757508293847], [0.8078489603611304, -0.00221374199440595, 0.5893854058167907, 0.0015106201099968075]]]
[[[721.5377, 0, 609.5593], [0, 721.5377, 172.854], [0, 0, 1]], [[0.5891922689415151, -0.015583473976526107, -0.8078425747374126, 0.6610982692277899], [0.011471255000662364, 0.9998745591692434, -0.010921365977802381, 0.9328777527004176], [0.8079114311162202, -0.0028321837748024503, 0.5892971221776047, 0.0012130737299997918]]]
[[[721.5377, 0, 609.5593], [0, 721.5377, 172.854], [0, 0, 1]], [[0.5890456311667617, -0.01734806003361199, -0.8079135406814404, 0.7330692157652113], [0.012444851028981456, 0.9998457220326761, -0.012395878985495445, 1.0344533926524833], [0.8080039418754205, -0.0027526252971995127, 0.5891706484268844, -0.0029525756799984038]]]
[[[721.5377, 0, 609.5593], [0, 721.5377, 172.854], [0, 0, 1]], [[0.5889528340312471, -0.01937879188957514, -0.8079350355761675, 0.6720641500748914], [0.012888934007136914, 0.9998105511603059, -0.014585512287368855, 0.949460400648327], [0.8080646228283491, -0.0018232425581515745, 0.589091029570008, -0.003631591800001388]]]
[[[721.5377, 0, 609.5593], [0, 721.5377, 172.854], [0, 0, 1]], [[0.5889787892043621, -0.020070252947141185, -0.8078992330817015, 0.678623761316203], [0.012958445721499715, 0.9997975857281155, -0.015390459925374855, 0.9575066743191575], [0.8080445931703563, -0.0014044639081849362, 0.5891196507750222, -0.004173278810000625]]]
[[[721.5377, 0, 609.5593], [0, 721.5377, 172.854], [0, 0, 1]], [[0.5889215629904563, -0.018277818475560995, -0.807983486215314, 0.7561212569823653], [0.012502326764686765, 0.9998306387891629, -0.013505019952731987, 1.0621906557876715], [0.8080934874569569, -0.0021482761063544185, 0.5890503377805872, -0.002693176270000208]]]
[[[721.5377, 0, 609.5593], [0, 721.5377, 172.854], [0, 0, 1]], [[0.5889504885952386, -0.01585823751613435, -0.8080135136780273, 0.6938052305048326], [0.011886045254168729, 0.9998692910190028, -0.010960054989487778, 0.9744182426952248], [0.8080817062102357, -0.0031491554484674045, 0.5890619992057846, -9.91821199960441e-05]]]
[[[721.5377, 0, 609.5593], [0, 721.5377, 172.854], [0, 0, 1]], [[0.5889380473722685, -0.013029126825192971, -0.8080731515225046, 0.7692428196065866], [0.010855946440332366, 0.9999073662532614, -0.0082101972784408, 1.0803886542783163], [0.8081052683804408, -0.003937101299092853, 0.589024935337322, -0.002235412600001041]]]
[[[721.5377, 0, 609.5593], [0, 721.5377, 172.854], [0, 0, 1]], [[0.5884853670967152, -0.01118112052906313, -0.8084305506700988, 0.7025825937794069], [0.009696762347264357, 0.9999300602938548, -0.006771064961192031, 0.9866413790037966], [0.8084497173683872, -0.0038544862747932067, 0.588552629271616, -0.003067016599999306]]]
[[[721.5377, 0, 609.5593], [0, 721.5377, 172.854], [0, 0, 1]], [[0.5881479450449234, -0.008678213077438353, -0.8087067969030657, 0.7060233734437773], [0.008106956495507207, 0.9999554511797611, -0.004834553987743281, 0.9897294775607919], [0.8087127252589844, -0.003712717827014185, 0.5881920976437233, -0.0032272338900014574]]]
[[[721.5377, 0, 609.5593], [0, 721.5377, 172.854], [0, 0, 1]], [[0.5877235224414368, -0.005708213432036513, -0.809041703170142, 0.7784258055291271], [0.007412174283122062, 0.9999711336485264, -0.001670790853942783, 1.0949197993703617], [0.8090278863187761, -0.005014795020268811, 0.5877488672804722, -0.0011749267600009716]]]
[[[721.5377, 0, 609.5593], [0, 721.5377, 172.854], [0, 0, 1]], [[0.5873363414708466, -0.0029244153192012345, -0.8093376735224193, 0.7087355105892104], [0.00684219053785682, 0.999975677802098, 0.001352121621121917, 0.9984480534899806], [0.809314034486172, -0.006331792737879525, 0.5873420655669401, -0.0006790161099985426]]]
[[[721.5377, 0, 609.5593], [0, 721.5377, 172.854], [0, 0, 1]], [[0.5869259858692698, -0.005063320398380005, -0.8096247586987004, 0.7084034562707453], [0.007241273269114639, 0.9999732773299367, -0.0010042845550110773, 1.0015645160593876], [0.809608208377872, -0.005273273420635132, 0.5869469665264516, -0.0038833618200015962]]]
[[[721.5377, 0, 609.5593], [0, 721.5377, 172.854], [0, 0, 1]], [[0.5865675535381532, -0.009348557560329466, -0.8098463493822808, 0.7799819195636549], [0.00784698222639697, 0.9999520442023082, -0.005859536292555868, 1.1060228033889583], [0.8098622907668961, -0.002917836041722712, 0.5866127821882414, -0.006240844719997085]]]
[[[721.5377, 0, 609.5593], [0, 721.5377, 172.854], [0, 0, 1]], [[0.5860430344532764, -0.01321908563274869, -0.8101720913138329, 0.7101233736799117], [0.009052740652633503, 0.999911326881314, -0.009766589022068038, 1.0114381531051604], [0.8102293562044466, -0.001610636359915029, 0.5861107371436255, -0.0016479492200005552]]]
[[[721.5377, 0, 609.5593], [0, 721.5377, 172.854], [0, 0, 1]], [[0.5858239485855845, -0.014018211665773522, -0.8103170928749363, 0.7132551732680877], [0.009727328845348096, 0.999899994323319, -0.010265496858945806, 1.0142484990050438], [0.8103799604735601, -0.0018684469273004317, 0.5859017226198869, 0.0030517578099988896]]]
[[[721.5377, 0, 609.5593], [0, 721.5377, 172.854], [0, 0, 1]], [[0.5855232772908381, -0.01357028925712106, -0.8105420032299836, 0.7879902249795678], [0.010655357556004615, 0.9999023359413725, -0.009043336460649932, 1.1207097881282095], [0.8105855630998804, -0.003341530856492246, 0.58561068899533, 0.006172180180001874]]]
[[[721.5377, 0, 609.5593], [0, 721.5377, 172.854], [0, 0, 1]], [[0.5852299651062767, -0.01292432561440268, -0.8107643614202089, 0.7189567298273226], [0.011080897605104731, 0.9999070730752265, -0.007940964827942201, 1.0225210232353803], [0.8107916511965151, -0.004336706301598673, 0.5853187946140823, 0.003807067869999514]]]
[[[721.5377, 0, 609.5593], [0, 721.5377, 172.854], [0, 0, 1]], [[0.5850255992911648, -0.012550111110410612, -0.8109177164701298, 0.7938962406194108], [0.010951203002506817, 0.9999113454190242, -0.007574460714466844, 1.128180311944623], [0.8109408852233382, -0.004449271112605307, 0.5851111729062736, -0.001052856450002082]]]
[[[721.5377, 0, 609.5593], [0, 721.5377, 172.854], [0, 0, 1]], [[0.5847709901854864, -0.012959315782673191, -0.8110949051571775, 0.7244506154067116], [0.01107513215706068, 0.9999067360508961, -0.007991285738048212, 1.030319354638826], [0.8111228208386135, -0.004309911192640732, 0.5848599782685785, -0.0020751953099988896]]]
[[[721.5377, 0, 609.5593], [0, 721.5377, 172.854], [0, 0, 1]], [[0.5843230312278072, -0.013554473544450829, -0.8114079562240438, 0.7277042080314641], [0.011077754267984727, 0.9999005674247478, -0.008725744899178132, 1.0347048947468778], [0.8114455487197679, -0.0038899242409293233, 0.5844150836111904, -0.003799438480001527]]]
[[[721.5377, 0, 609.5593], [0, 721.5377, 172.854], [0, 0, 1]], [[0.5840216000005806, -0.014140067616251537, -0.8116149513288735, 0.8036040639047385], [0.011135721019227498, 0.9998937440512452, -0.009407248511921979, 1.1454300330621923], [0.8116617315422379, -0.0035438813454964847, 0.5841170040795468, -0.0031433105399969463]]]
[[[721.5377, 0, 609.5593], [0, 721.5377, 172.854], [0, 0, 1]], [[0.583798909279262, -0.01498061295488953, -0.8117600721640845, 0.7337142238709395], [0.011062561744418413, 0.9998837158828242, -0.010496401288371154, 1.0461236927267186], [0.8118229198858548, -0.002852358296460212, 0.583896746694271, -0.0025024414100016656]]]
[[[721.5377, 0, 609.5593], [0, 721.5377, 172.854], [0, 0, 1]], [[0.5834657093437764, -0.015982680108605256, -0.8119804923497299, 0.7371058967722153], [0.010638925652495525, 0.9998709631040107, -0.012036212129189955, 1.05199911054059], [0.8120680878355734, -0.001615883041615506, 0.5835604592851296, 0.0014953613300008328]]]
[[[721.5377, 0, 609.5593], [0, 721.5377, 172.854], [0, 0, 1]], [[0.5829639410814351, -0.015654133897082177, -0.8123472111669573, 0.8150888035337983], [0.009836117887873369, 0.9998770855838216, -0.012209197733626198, 1.1629759730443021], [0.8124384863998608, -0.0008728209066860995, 0.5830462623154082, 0.004409790040000416]]]
[[[721.5377, 0, 609.5593], [0, 721.5377, 172.854], [0, 0, 1]], [[0.5826553285088576, -0.014533097990827536, -0.8125894149095373, 0.7447196013101401], [0.009380395788445699, 0.9998937597194539, -0.011156946219597437, 1.062782313421446], [0.8126652301748164, -0.0011217561606177767, 0.5827297532544814, 0.0074386596599964605]]]
[[[721.5377, 0, 609.5593], [0, 721.5377, 172.854], [0, 0, 1]], [[0.5824105512284482, -0.011806736472570361, -0.8128090494031439, 0.8229784143221028], [0.008430399040228385, 0.9999284718043827, -0.008484081975936327, 1.1743046719922121], [0.8128510799585602, -0.0019110857697047928, 0.5824684279524368, 0.007972717290002151]]]
[[[721.5377, 0, 609.5593], [0, 721.5377, 172.854], [0, 0, 1]], [[0.582153773488986, -0.010615406652596322, -0.8130094077894391, 0.750790034788179], [0.0083643787706974, 0.9999400466020048, -0.007066850031004492, 1.074960289562236], [0.8130356825996721, -0.0026863252186612274, 0.5822076626741569, 0.004638671869997779]]]
[[[721.5377, 0, 609.5593], [0, 721.5377, 172.854], [0, 0, 1]], [[0.5819965607706759, -0.009193727067835451, -0.8131392738231915, 0.7543157960978526], [0.007858595120448491, 0.9999529820311118, -0.005681215523082041, 1.0806822024822291], [0.8131532732110459, -0.0030836844340812377, 0.5820414462531627, 0.0027008056700026373]]]
[[[721.5377, 0, 609.5593], [0, 721.5377, 172.854], [0, 0, 1]], [[0.5816418282606702, -0.007690970713076933, -0.8134086504255259, 0.8339055289932426], [0.007560024531541829, 0.9999632252883599, -0.00404896282809665, 1.1945579528886237], [0.8134098780114902, -0.0037943432094916787, 0.5816785824774203, 0.001457214349997571]]]
[[[721.5377, 0, 609.5593], [0, 721.5377, 172.854], [0, 0, 1]], [[0.5813501558035619, -0.006623142143785709, -0.8136265300095108, 0.7605097355637814], [0.007528905394447259, 0.9999678471530052, -0.0027604788978443096, 1.0930249170473796], [0.813618652644306, -0.0045209123334997775, 0.5813813287515665, 0.0018081665100027067]]]
[[[721.5377, 0, 609.5593], [0, 721.5377, 172.854], [0, 0, 1]], [[0.5814857228857485, -0.006053572588408788, -0.8135340855421825, 0.7629482311851395], [0.007489950295619299, 0.9999697714528611, -0.0020873009082910516, 1.0980218021184665], [0.813522129216291, -0.004879594186965346, 0.5815134863749618, 0.0008697509699970851]]]
[[[721.5377, 0, 609.5593], [0, 721.5377, 172.854], [0, 0, 1]], [[0.5822960048692019, -0.007659898291678069, -0.8129407657828015, 0.8421938301873543], [0.008021634843566654, 0.9999610682480008, -0.003676324625707703, 1.212003669987966], [0.812937276847238, -0.004380404830407219, 0.5823347799725849, 9.918213000048581e-05]]]
[[[721.5377, 0, 609.5593], [0, 721.5377, 172.854], [0, 0, 1]], [[0.5831487859187715, -0.009384466779189535, -0.8123111628340047, 0.7688261207469329], [0.008630065682796416, 0.9999484121187935, -0.005356777708100216, 1.1071091212741904], [0.812319527924679, -0.0038865002732108144, 0.5831996910731803, -0.0006332397399972933]]]
[[[721.5377, 0, 609.5593], [0, 721.5377, 172.854], [0, 0, 1]], [[0.5841014590511515, -0.008713900978997678, -0.8116338789528467, 0.7745893748282506], [0.008621963664792622, 0.9999525654748653, -0.004530843497434794, 1.1099886545934319], [0.8116348608068032, -0.00435140551586205, 0.5841488834134305, -8.39233400000694e-05]]]
[[[721.5377, 0, 609.5593], [0, 721.5377, 172.854], [0, 0, 1]], [[0.5851228694666659, -0.009679864684290452, -0.8108868773428195, 0.8576857851244353], [0.009212935683777438, 0.9999435736094147, -0.005288800744950473, 1.2224862065916298], [0.8108923167987113, -0.00437605037985566, 0.585179033065857, 0.0003662109299966687]]]
[[[721.5377, 0, 609.5593], [0, 721.5377, 172.854], [0, 0, 1]], [[0.5860385264260909, -0.011105113643527873, -0.8102070858708286, 0.7865475931231873], [0.008977054157270901, 0.9999336952271056, -0.007212326124295516, 1.1163235817381485], [0.810233458975247, -0.0030465719144805205, 0.5860993604812895, -0.0018692016599999306]]]
[[[721.5377, 0, 609.5593], [0, 721.5377, 172.854], [0, 0, 1]], [[0.5868832070552364, -0.011285964850791422, -0.8095929398617229, 0.7901105992476145], [0.009041064030374224, 0.999931855379898, -0.0073853745818085355, 1.1216176862823448], [0.8096211215363388, -0.0029852292879527257, 0.586945251252908, -0.0006637573199981261]]]
[[[721.5377, 0, 609.5593], [0, 721.5377, 172.854], [0, 0, 1]], [[0.5879620136638272, -0.009156511246099458, -0.8088367133050883, 0.8744117615326502], [0.009454067901811263, 0.9999454182568319, -0.004447595673780818, 1.239698331383443], [0.8088332900471429, -0.0050317799007454575, 0.588016487951269, 0.0023803710899983344]]]
[[[721.5377, 0, 609.5593], [0, 721.5377, 172.854], [0, 0, 1]], [[0.5890050541971245, -0.008439642561591871, -0.8080852792643083, 0.8001040541232471], [0.009301751971912174, 0.9999500267430468, -0.0036635265568956236, 1.1303737486758432], [0.8080758154656625, -0.005358773181673068, 0.589054123158044, -0.0015869140599988896]]]
[[[721.5377, 0, 609.5593], [0, 721.5377, 172.854], [0, 0, 1]], [[0.5897399125631958, -0.009388981869885725, -0.807538657000023, 0.8052713926341485], [0.00937411554420925, 0.999944636434185, -0.00478016989961964, 1.1342516127173403], [0.8075388297089607, -0.004750903698494872, 0.5897952758596238, -0.004928588870001249]]]
[[[721.5377, 0, 609.5593], [0, 721.5377, 172.854], [0, 0, 1]], [[0.590116471314716, -0.00985747493931585, -0.8072579392430208, 0.8922776734927182], [0.009151669690771998, 0.999942884608385, -0.005520368007030008, 1.2533833149216123], [0.8072662492789717, -0.004130097926538217, 0.5901729789359881, -0.004943847649997224]]]
[[[721.5377, 0, 609.5593], [0, 721.5377, 172.854], [0, 0, 1]], [[0.5903862058313867, -0.007779295318496653, -0.807083397505095, 0.815750026993445], [0.008383457144911514, 0.9999587125510516, -0.0035058293659003615, 1.1437018911710786], [0.807077347972497, -0.004696355777727377, 0.5904270476799739, -0.0028839111299987508]]]
[[[721.5377, 0, 609.5593], [0, 721.5377, 172.854], [0, 0, 1]], [[0.5904023914779245, -0.007209710767321734, -0.8070768465318524, 0.862658673561535], [0.008032034395192442, 0.9999630696088212, -0.0030570969854118745, 1.2076946606280352], [0.8070690816532511, -0.004677551619740166, 0.5904384963315169, -0.005153656010008945]]]
[[[721.5377, 0, 609.5593], [0, 721.5377, 172.854], [0, 0, 1]], [[0.5904183678231636, -0.006640123241896911, -0.8070700463406904, 0.862686314145689], [0.007680595339753192, 0.9999671018799623, -0.002608373634312169, 1.2076946606280352], [0.8070608151758196, -0.0046587467329351345, 0.5904499442684535, -0.005153656009994734]]]
[[[721.5377, 0, 609.5593], [0, 721.5377, 172.854], [0, 0, 1]], [[0.5903689168026429, -0.00621672955683385, -0.8071095925256319, 0.8275733599951057], [0.0073162261181379355, 0.9999704730836512, -0.0023507012245944916, 1.1583628482319857], [0.807100374741991, -0.0045172153453451975, 0.5903969680281747, -0.005012512199996877]]]
[[[721.5377, 0, 609.5593], [0, 721.5377, 172.854], [0, 0, 1]], [[0.5903116124070928, -0.006028114161481923, -0.8071529360022142, 0.9138288295602871], [0.007050426803293049, 0.9999724730858565, -0.0023118288102042255, 1.2797957731019012], [0.8071446535406337, -0.004326073301785862, 0.5903378637276775, -0.0050430297900021515]]]
[[[721.5377, 0, 609.5593], [0, 721.5377, 172.854], [0, 0, 1]], [[0.5903354338800773, -0.0053445275941074975, -0.8071403295155166, 0.833999021811342], [0.006667531883741973, 0.9999762495164186, -0.0017448271136939666, 1.1696787534588016], [0.8071304848190286, -0.004351600610490458, 0.5903570479361846, -0.00406646727999771]]]
[[[721.5377, 0, 609.5593], [0, 721.5377, 172.854], [0, 0, 1]], [[0.5902779886824288, -0.0047937220990277645, -0.8071858003616416, 0.8394477999626608], [0.006387647435962418, 0.9999787954382832, -0.001267530683618198, 1.1726045613676908], [0.8071747605303702, -0.0044078228455058975, 0.5902960927030623, -0.0012054443400018044]]]
[[[721.5377, 0, 609.5593], [0, 721.5377, 172.854], [0, 0, 1]], [[0.5901685881165132, -0.004201034598163705, -0.8072690932451623, 0.9268149429483316], [0.006199949085020623, 0.9999805547898266, -0.0006713222577165215, 1.295629588043331], [0.8072562159760088, -0.004608833967023023, 0.5901831583648925, -0.0018615722700019433]]]
[[[721.5377, 0, 609.5593], [0, 721.5377, 172.854], [0, 0, 1]], [[0.5902088936030462, -0.003874827815780193, -0.8072412573829872, 0.8446336491794649], [0.006431760894585278, 0.9999793112636937, -9.744939106778367e-05, 1.1852459402025255], [0.8072249341810888, -0.005134467254447339, 0.5902216048928995, -0.0014877319299984038]]]
[[[721.5377, 0, 609.5593], [0, 721.5377, 172.854], [0, 0, 1]], [[0.5902360252503895, -0.004774725158248767, -0.8072165982537058, 0.8478095406993286], [0.006678215343985831, 0.9999771681449817, -0.001031808394200122, 1.1897917681608052], [0.8072030946028644, -0.004781755786965276, 0.5902544357098496, 0.00028228760000104103]]]
[[[721.5377, 0, 609.5593], [0, 721.5377, 172.854], [0, 0, 1]], [[0.5902513234878695, -0.00593015402291784, -0.8071977504887404, 0.9367731795573854], [0.00623918884858087, 0.9999766603587421, -0.0027841085267197798, 1.313286429598868], [0.8071954209751999, -0.0033929354608187006, 0.5902745465845775, -0.002052307130000486]]]
[[[721.5377, 0, 609.5593], [0, 721.5377, 172.854], [0, 0, 1]], [[0.590179489500407, -0.006441704550259183, -0.8072463531137977, 0.8553200598767132], [0.005761515195353205, 0.9999763055209849, -0.0037674048435803608, 1.1975568407897006], [0.8072514943409475, -0.0024275170625329863, 0.5902026194835281, 0.002998352049999653]]]
[[[721.5377, 0, 609.5593], [0, 721.5377, 172.854], [0, 0, 1]], [[0.5901089135937907, -0.0033459915691043886, -0.8073167125964726, 0.8596285365895765], [0.004605303453434444, 0.9999890926648981, -0.0007782874375985145, 1.20230522796321], [0.8073105110657596, -0.0032586640902709236, 0.5901178863846519, 0.005943298340000069]]]
[[[721.5377, 0, 609.5593], [0, 721.5377, 172.854], [0, 0, 1]], [[0.5899911486793056, -0.0005772644910343165, -0.8074095065366652, 0.9483687593554838], [0.0036680222291455584, 0.9999913414713887, 0.001965348615212955, 1.3248543941310114], [0.8074013810323835, -0.004121134305044707, 0.5899881576430495, 0.007400512700002082]]]
[[[721.5377, 0, 609.5593], [0, 721.5377, 172.854], [0, 0, 1]], [[0.5898679863191565, 0.0006842906392301674, -0.8074994058586695, 0.8646378783097333], [0.003032538034253649, 0.9999907119261807, 0.003062641742206426, 1.2084486097002862], [0.8074940014816544, -0.004255326978195938, 0.589860432444366, 0.0030136108400000694]]]
[[[721.5377, 0, 609.5593], [0, 721.5377, 172.854], [0, 0, 1]], [[0.5896503640253928, 0.001972800699637137, -0.8076562116780389, 0.8662517182207079], [0.0026056819195211683, 0.9999871658826661, 0.004344938628739754, 1.2116582869406276], [0.8076544178214194, -0.004666489832062815, 0.5896376558923212, 0.0018997192299963217]]]
[[[721.5377, 0, 609.5593], [0, 721.5377, 172.854], [0, 0, 1]], [[0.589414711917848, 0.002956526701173502, -0.8078252015904588, 0.9556621600579309], [0.0023641550877871245, 0.9999827074254958, 0.005384758183636973, 1.3380442708586069], [0.8078271523943232, -0.0050836797539384046, 0.5893975297323855, 0.005859375]]]
[[[721.5377, 0, 609.5593], [0, 721.5377, 172.854], [0, 0, 1]], [[0.5889734825320775, 0.0029287162222620274, -0.8081470531378099, 0.8698792968111526], [0.0021709660886352015, 0.9999840914802964, 0.005206120683196207, 1.2188377087486424], [0.8081494439645917, -0.004820726876257004, 0.5889577546922239, 0.003166198729999792]]]
[[[721.5377, 0, 609.5593], [0, 721.5377, 172.854], [0, 0, 1]], [[0.5886196041115399, 0.003394420921108044, -0.8084030180313433, 0.8714951798916032], [0.0012967310856273932, 0.9999859336803929, 0.005143046747257951, 1.2208608452209844], [0.8084091044415974, -0.004075579463494363, 0.5886069227489353, 0.00431823731000236]]]
[[[721.5377, 0, 609.5593], [0, 721.5377, 172.854], [0, 0, 1]], [[0.5882142890533867, 0.007008424729399793, -0.808674738158817, 0.9600649897286442], [-0.00021469822503887654, 0.9999637656123819, 0.00851007444017343, 1.3440383761819341], [0.8087050785410532, -0.004832126355701536, 0.5881944801651844, 0.00455474852999771]]]
[[[721.5377, 0, 609.5593], [0, 721.5377, 172.854], [0, 0, 1]], [[0.5877712090508435, 0.01344498164014262, -0.8089154704167835, 0.8740187678091842], [-0.001318373032834893, 0.9998764899715448, 0.01566099277599553, 1.2206819797211412], [0.809026123004354, -0.008138628316842979, 0.5877163389133098, 0.006111145020000208]]]
[[[721.5377, 0, 609.5593], [0, 721.5377, 172.854], [0, 0, 1]], [[0.5871118968822099, 0.014893855078693579, -0.8093687624440842, 0.9591501345797413], [-0.00071040574192919, 0.9998398242627761, 0.017883543884331905, 1.3439668524285082], [0.8095054761167804, -0.009924661156727948, 0.5870284364814612, -0.0027313232399990284]]]
[[[721.5377, 0, 609.5593], [0, 721.5377, 172.854], [0, 0, 1]], [[0.5869471019767252, 0.00857169114844487, -0.8095799068603294, 0.8687663730232535], [0.00029347357544449423, 0.9999416354823994, 0.01079997694649838, 1.222269410439471], [0.809625230186402, -0.006576605480036987, 0.5869103295274123, -0.01224517821999882]]]
[[[721.5377, 0, 609.5593], [0, 721.5377, 172.854], [0, 0, 1]], [[0.5868526745086236, 0.002209540469711545, -0.8096907164794395, 0.8671867890999596], [0.003191336301939671, 0.9999821973632748, 0.0050418577056992285, 1.2246441604467884], [0.8096874420383975, -0.005542823055925882, 0.5868351755969365, -0.004714965819999861]]]
[[[721.5377, 0, 609.5593], [0, 721.5377, 172.854], [0, 0, 1]], [[0.5865691536992679, 0.00120371716108948, -0.8098982522474788, 0.9552845120976554], [0.004657456955067976, 0.999977346961131, 0.004859388777345132, 1.346564071074319], [0.8098857549205544, -0.006622433810450472, 0.586550259864566, 0.0029907226600016656]]]
[[[721.5377, 0, 609.5593], [0, 721.5377, 172.854], [0, 0, 1]], [[0.5863675852564201, 0.002933399622528951, -0.8100397830521717, 0.8693951018592722], [0.0050352622161918765, 0.9999609244729406, 0.007266062319873569, 1.2249974416627123], [0.8100294445851762, -0.00833934613004179, 0.5863299021976913, -0.0003204345800043029]]]
[[[721.5377, 0, 609.5593], [0, 721.5377, 172.854], [0, 0, 1]], [[0.5866792497733079, 0.0029625721248202896, -0.8098139792889684, 0.8684327410448581], [0.005590049052935782, 0.999954668421231, 0.007707947468135342, 1.22504694096244], [0.8098001044930868, -0.009048992705876167, 0.586636093753184, -0.00455474852999771]]]
[[[721.5377, 0, 609.5593], [0, 721.5377, 172.854], [0, 0, 1]], [[0.5875177687655585, 0.0023452499348507, -0.8092078664888787, 0.95456845964806], [0.005855395939699017, 0.9999572997547557, 0.0071493360228149835, 1.3455764182523526], [0.8091900800943677, -0.008938594404090975, 0.5874789492458007, -0.008232116700000347]]]
[[[721.5377, 0, 609.5593], [0, 721.5377, 172.854], [0, 0, 1]], [[0.5879574628750054, 0.0006378936109594822, -0.8088915965327664, 0.8682113984563794], [0.006289620880523176, 0.999965853345274, 0.0053602996779421016, 1.2213225802340808], [0.8088673948916262, -0.008239249674524763, 0.587933373985552, -0.008644103999998265]]]
[[[721.5377, 0, 609.5593], [0, 721.5377, 172.854], [0, 0, 1]], [[0.5883498922363758, 0.0006375797078011456, -0.8086062068754859, 0.8696304049249747], [0.006041389013196513, 0.9999683121259317, 0.0051842417773740376, 1.219458731793768], [0.8085838892311893, -0.0079352527452654, 0.5883273968120408, -0.008514404300001388]]]
[[[721.5377, 0, 609.5593], [0, 721.5377, 172.854], [0, 0, 1]], [[0.5883608405307547, 0.0019343471395737288, -0.8085961783431131, 0.956656610915718], [0.005236549743822243, 0.999967053638509, 0.0062024337400489755, 1.3389312574001695], [0.8085815357010846, -0.0078835232391898, 0.5883313268767972, -0.00630950928000118]]]
[[[721.5377, 0, 609.5593], [0, 721.5377, 172.854], [0, 0, 1]], [[0.5878222664843383, 0.0029240975471646813, -0.8089848160990107, 0.8696387437250235], [0.004848468000752549, 0.9999627744415868, 0.007137372704994143, 1.2164944383927403], [0.8089755715615035, -0.00811784359414385, 0.5877862070788322, -0.0032272338799970157]]]
[[[721.5377, 0, 609.5593], [0, 721.5377, 172.854], [0, 0, 1]], [[0.5869947006427377, 0.004442200312989807, -0.8095785868423906, 0.8679042888326939], [0.004282789329424763, 0.9999539158101698, 0.008592087724626432, 1.217460400297198], [0.8095794458438916, -0.008510764494872603, 0.5869486244594243, -0.004821777350002776]]]
[[[721.5377, 0, 609.5593], [0, 721.5377, 172.854], [0, 0, 1]], [[0.5860617172490639, 0.00416832544193804, -0.8102556933697463, 0.9512008983105404], [0.004161108113189996, 0.9999580979340177, 0.008153990155241734, 1.3402105670703572], [0.8102557304668376, -0.008150303012252169, 0.5860198151995031, -0.007537841789996946]]]
[[[721.5377, 0, 609.5593], [0, 721.5377, 172.854], [0, 0, 1]], [[0.5851980266043726, 0.0033208071907708226, -0.8108836179735965, 0.8635468662606551], [0.004438226925342712, 0.9999635191120865, 0.00729812213730227, 1.2192130144182645], [0.8108782718756911, -0.007869732179276704, 0.5851619395648688, -0.0052566528400035395]]]
[[[721.5377, 0, 609.5593], [0, 721.5377, 172.854], [0, 0, 1]], [[0.5845817847691617, 0.0033221603713051782, -0.8113279855684561, 0.8625977469777194], [0.004410168648361276, 0.9999638320600667, 0.007272206284202717, 1.2190422691810099], [0.811322800942137, -0.007829292574320853, 0.5845459903627696, -0.007217407219997085]]]
[[[721.5377, 0, 609.5593], [0, 721.5377, 172.854], [0, 0, 1]], [[0.5840370675673994, 0.003144244459385689, -0.8117208987293926, 0.947415851099114], [0.004538643412967391, 0.999964217123742, 0.007138990690013893, 1.3424161288695522], [0.8117142997528397, -0.007853546898172806, 0.584001898436876, -0.007293701180003609]]]
[[[721.5377, 0, 609.5593], [0, 721.5377, 172.854], [0, 0, 1]], [[0.5838021504011043, 0.0029021477326207357, -0.8118907726570026, 0.8617065938262358], [0.004577102637648896, 0.999965955797853, 0.006865666517603794, 1.221508453945757], [0.8118830576619338, -0.007724298273925122, 0.5837689918946403, -0.008049011229999792]]]
[[[721.5377, 0, 609.5593], [0, 721.5377, 172.854], [0, 0, 1]], [[0.5835498310670523, 0.0022258023870300563, -0.8120742826031057, 0.9482137121357953], [0.0047537020719742185, 0.9999697477732479, 0.006156773092934872, 1.345783315018788], [0.8120634193080154, -0.007453143098107679, 0.5835215965838227, -0.009101867669997432]]]
[[[721.5377, 0, 609.5593], [0, 721.5377, 172.854], [0, 0, 1]], [[0.583414666601643, 0.001949172046585484, -0.8121721046197207, 0.8625671654354901], [0.0049900673248479445, 0.9999696424208668, 0.005984435209532971, 1.2253779756306626], [0.81215911373461, -0.0075442007539846655, 0.5833872290449941, -0.00830078125]]]
[[[721.5377, 0, 609.5593], [0, 721.5377, 172.854], [0, 0, 1]], [[0.5833208618178091, 0.0020258042007605796, -0.8122392925028121, 0.8628745727842108], [0.005036517472226891, 0.9999686437019714, 0.006111064112898688, 1.2256065625242363], [0.8122262035048368, -0.007655568573279569, 0.5832923680367671, -0.00874328612999875]]]
[[[721.5377, 0, 609.5593], [0, 721.5377, 172.854], [0, 0, 1]], [[0.5832198831616939, 0.002446248092875353, -0.8123106448613906, 0.9505679621644669], [0.004971486691701397, 0.9999659882721547, 0.006580776471465715, 1.3489786430896438], [0.8122991149847045, -0.007876431245257241, 0.5831878853559155, -0.010025024420002637]]]
[[[721.5377, 0, 609.5593], [0, 721.5377, 172.854], [0, 0, 1]], [[0.5829049822481389, 0.002875544802477162, -0.8125352379511832, 0.8652655222157262], [0.004532760501894565, 0.9999666702290002, 0.006790619512123619, 1.226965961979185], [0.8125276830684167, -0.007641313579150909, 0.5828725200026639, -0.010406494139999722]]]
[[[721.5377, 0, 609.5593], [0, 721.5377, 172.854], [0, 0, 1]], [[0.5827523628945165, 0.00357868445200169, -0.8126419116427915, 0.8664478708824089], [0.003954035458714194, 0.9999659800264631, 0.00723908787807095, 1.2301329260376288], [0.8126401719976984, -0.007431810500019783, 0.5827183874293335, -0.009979248050001388]]]
[[[721.5377, 0, 609.5593], [0, 721.5377, 172.854], [0, 0, 1]], [[0.5825162746137392, 0.003335731852769702, -0.8128121939926451, 0.9536233839073454], [0.0036401915833462676, 0.9999708443940151, 0.006712627440659014, 1.3558159065604], [0.8128108874857468, -0.0068690068370158884, 0.582487148295742, -0.009826660149997224]]]
[[[721.5377, 0, 609.5593], [0, 721.5377, 172.854], [0, 0, 1]], [[0.5824077695444896, 0.0038597188785712004, -0.8128876260248958, 0.8672036752203676], [0.003572534065168141, 0.9999669173975941, 0.00730760635955418, 1.237196551510078], [0.8128889388929866, -0.007160075455704678, 0.5823747130026361, -0.0046920776400014574]]]
[[[721.5377, 0, 609.5593], [0, 721.5377, 172.854], [0, 0, 1]], [[0.5822427538231584, 0.0037949031021720005, -0.8130061342516858, 0.8672205204685256], [0.0038259722015253446, 0.9999652441724131, 0.00740758961601716, 1.2386961065076179], [0.8130059886354701, -0.007423554246538195, 0.5822079983006164, -0.0048828125]]]
[[[721.5377, 0, 609.5593], [0, 721.5377, 172.854], [0, 0, 1]], [[0.5822052941700863, 0.0028013117584768624, -0.813036990605443, 0.9525681420560914], [0.00418903937790166, 0.9999704558399597, 0.006445106384979008, 1.3634521694097428], [0.8130310248627747, -0.007158219028161066, 0.582176358598433, -0.006278991700000347]]]
[[[721.5377, 0, 609.5593], [0, 721.5377, 172.854], [0, 0, 1]], [[0.5822071977657763, 0.002796059075364593, -0.8130356455429057, 0.867291531071196], [0.00437245825789106, 0.9999688578332845, 0.0065700055083494045, 1.2406953279609403], [0.8130286959748132, -0.0073800689186356875, 0.5821768409205668, -0.0042343139599978485]]]
[[[721.5377, 0, 609.5593], [0, 721.5377, 172.854], [0, 0, 1]], [[0.5822058243756754, 0.003336202095487096, -0.8130345920184567, 0.9541090276260468], [0.0043386781158088914, 0.9999645942994787, 0.007210133125426683, 1.3639319240711516], [0.81302986042042, -0.0077252768919334955, 0.5821707362635943, -0.0028839111400031925]]]
[[[721.5377, 0, 609.5593], [0, 721.5377, 172.854], [0, 0, 1]], [[0.5820010844383491, 0.004135999639893724, -0.8131774906006465, 0.867374327202175], [0.004205031003737215, 0.9999583886172492, 0.00809560054919744, 1.2381724143809993], [0.8131771365617969, -0.00813108485832955, 0.5819594745617458, -0.0023880004799963217]]]
[[[721.5377, 0, 609.5593], [0, 721.5377, 172.854], [0, 0, 1]], [[0.5818797998028827, 0.0047199725384795945, -0.813261102254739, 0.866002779202102], [0.004220448195208438, 0.9999521686070385, 0.008823169221582982, 1.2398016683244741], [0.8132638479598049, -0.0085663502915259, 0.5818320472819405, -0.0028152465900035395]]]
[[[721.5377, 0, 609.5593], [0, 721.5377, 172.854], [0, 0, 1]], [[0.5816931408842188, 0.004104100432611386, -0.813397962997137, 0.9524002760593527], [0.004697274209317424, 0.9999536481046976, 0.008404597379369357, 1.3634666292310451], [0.8133947537716574, -0.008709649920970413, 0.5816469002195397, -0.0073013305599971545]]]
[[[721.5377, 0, 609.5593], [0, 721.5377, 172.854], [0, 0, 1]], [[0.5816328630412048, 0.004182121660270989, -0.8134406693108661, 0.8641534364977028], [0.004904444534800346, 0.9999505794613246, 0.008647835496014682, 1.2398017797666607], [0.8134366349349507, -0.00901933996364239, 0.5815836074480814, -0.004219055180001874]]]
[[[721.5377, 0, 609.5593], [0, 721.5377, 172.854], [0, 0, 1]], [[0.5815186958773725, 0.004122650031225144, -0.8135225934796156, 0.8631634597745164], [0.005032006865567185, 0.9999498026633412, 0.00866435574350257, 1.2372965522988424], [0.8135174769185877, -0.009132136128262684, 0.5814687599843607, -0.0048599243099971545]]]
[[[721.5377, 0, 609.5593], [0, 721.5377, 172.854], [0, 0, 1]], [[0.5813682511112542, 0.002199458877164743, -0.8136375845427063, 0.94823342751179], [0.0054743252399054075, 0.9999631380077885, 0.006614710030254577, 1.3583171300132024], [0.8136221410230977, -0.008299699167094983, 0.5813347801660643, -0.0021820068400018044]]]
[[[721.5377, 0, 609.5593], [0, 721.5377, 172.854], [0, 0, 1]], [[0.5812730603400125, 0.0009101683709384058, -0.8137080563178005, 0.8604112942461324], [0.005558883732165959, 0.9999715974677876, 0.0050895058083398155, 1.234271968674871], [0.81368957725573, -0.007481701093829356, 0.5812514911930412, -0.003425598150002429]]]
[[[721.5377, 0, 609.5593], [0, 721.5377, 172.854], [0, 0, 1]], [[0.5812385744085421, -0.0005408341328857269, -0.813733019557377, 0.9449643235245205], [0.00599917634481924, 0.9999754505791714, 0.0036205140749599987, 1.3558135710167025], [0.8137110847854474, -0.006986110321482759, 0.5812275498975136, -0.00027465819999861196]]]
[[[721.5377, 0, 609.5593], [0, 721.5377, 172.854], [0, 0, 1]], [[0.5813410597934185, 0.0007649693054438571, -0.8136596260232081, 0.8573547046973407], [0.006081630670842789, 0.9999675390886706, 0.005285313361708214, 1.2318362621626004], [0.8136372569927267, -0.008020947008284984, 0.5813175366720342, 0.0009765625]]]
