[[[1144.2352294921875,0,935.9679565429688],[0,1144.2352294921875,504.10003662109375],[0,0,1]],[[0.9850632,0.08885775,-0.14749466,0.03],[-0.12423358,0.95986593,-0.25144228,-0.01],[0.11923252,0.26601043,0.95656788,-0.09]]]
[[[1144.2352294921875,0,935.9679565429688],[0,1144.2352294921875,504.10003662109375],[0,0,1]],[[0.96327096,0.10051657,-0.2490086,0.03],[-0.15813784,0.96178973,-0.22350153,-0.02],[0.2170283,0.25467029,0.94235969,-0.13]]]
[[[1144.2352294921875,0,935.9679565429688],[0,1144.2352294921875,504.10003662109375],[0,0,1]],[[0.95661825,0.08743587,-0.27791372,0.04],[-0.11853262,0.98819041,-0.09710628,-0.04],[0.26614106,0.12583552,0.95568526,-0.22]]]
[[[1144.2352294921875,0,935.9679565429688],[0,1144.2352294921875,504.10003662109375],[0,0,1]],[[0.94911754,0.09936009,-0.29883677,0.06],[-0.13263413,0.98677748,-0.09315813,-0.06],[0.28562921,0.12805399,0.94974649,-0.26]]]
[[[1144.2352294921875,0,935.9679565429688],[0,1144.2352294921875,504.10003662109375],[0,0,1]],[[0.94490612,0.08708479,-0.31554496,0.08],[-0.13432391,0.98221886,-0.13116089,-0.13],[0.29851216,0.16632,0.93980235,-0.3]]]
[[[1144.2352294921875,0,935.9679565429688],[0,1144.2352294921875,504.10003662109375],[0,0,1]],[[0.92326248,0.04968277,-0.38094336,0.09],[-0.11157197,0.98353922,-0.14213467,-0.16],[0.36761117,0.17373021,0.91360831,-0.37]]]
[[[1144.2352294921875,0,935.9679565429688],[0,1144.2352294921875,504.10003662109375],[0,0,1]],[[0.88665134,0.13187191,-0.44323722,0.12],[-0.15513676,0.98775601,-0.01645838,-0.14],[0.43563983,0.08335516,0.89625341,-0.44]]]
[[[1144.2352294921875,0,935.9679565429688],[0,1144.2352294921875,504.10003662109375],[0,0,1]],[[0.86891139,0.09854601,-0.48505875,0.13],[-0.13657928,0.98966944,-0.0435975,-0.19],[0.47575146,0.10413126,0.87339437,-0.49]]]
[[[1144.2352294921875,0,935.9679565429688],[0,1144.2352294921875,504.10003662109375],[0,0,1]],[[0.82315034,0.05094022,-0.56553423,0.14],[-0.1144486,0.99041158,-0.07737231,-0.22],[0.55617034,0.12841359,0.82108766,-0.55]]]
[[[1144.2352294921875,0,935.9679565429688],[0,1144.2352294921875,504.10003662109375],[0,0,1]],[[0.79123843,0.07678577,-0.60666806,0.16],[-0.15789029,0.98409843,-0.08136939,-0.22],[0.59077311,0.16016954,0.79078043,-0.58]]]
[[[1144.2352294921875,0,935.9679565429688],[0,1144.2352294921875,504.10003662109375],[0,0,1]],[[0.76978838,0.03869904,-0.63712537,0.17],[-0.1273769,0.98739719,-0.09392504,-0.24],[0.6254611,0.15345743,0.76501644,-0.63]]]
[[[1144.2352294921875,0,935.9679565429688],[0,1144.2352294921875,504.10003662109375],[0,0,1]],[[0.73124051,0.07515258,-0.67796749,0.22],[-0.15621534,0.98594743,-0.05919842,-0.26],[0.66399151,0.14919719,0.73270488,-0.67]]]
[[[1144.2352294921875,0,935.9679565429688],[0,1144.2352294921875,504.10003662109375],[0,0,1]],[[0.70340085,0.087622,-0.70537233,0.25],[-0.15895429,0.98663121,-0.03594993,-0.29],[0.69279259,0.13740914,0.70792532,-0.74]]]
[[[1144.2352294921875,0,935.9679565429688],[0,1144.2352294921875,504.10003662109375],[0,0,1]],[[0.66771805,0.10372663,-0.73715264,0.29],[-0.14055483,0.99000025,0.0119898,-0.28],[0.73102516,0.09560452,0.67562038,-0.8]]]
[[[1144.2352294921875,0,935.9679565429688],[0,1144.2352294921875,504.10003662109375],[0,0,1]],[[0.63675821,0.09234646,-0.76551402,0.32],[-0.12164406,0.99240071,0.01853234,-0.31],[0.76140827,0.08131958,0.64315283,-0.86]]]
[[[1144.2352294921875,0,935.9679565429688],[0,1144.2352294921875,504.10003662109375],[0,0,1]],[[0.57604414,0.05831185,-0.81533676,0.37],[-0.08820089,0.99606276,0.00892216,-0.35],[0.81264687,0.06677381,0.57891935,-0.93]]]
[[[1144.2352294921875,0,935.9679565429688],[0,1144.2352294921875,504.10003662109375],[0,0,1]],[[0.48425299,0.03730909,-0.87413275,0.41],[-0.09335484,0.99559003,-0.00922386,-0.38],[0.8699339,0.08607116,0.48560047,-1.01]]]
[[[1144.2352294921875,0,935.9679565429688],[0,1144.2352294921875,504.10003662109375],[0,0,1]],[[0.44403881,0.02547134,-0.89564592,0.46],[-0.12853366,0.99106818,-0.03553879,-0.42],[0.88674116,0.13090125,0.44334659,-1.06]]]
[[[1144.2352294921875,0,935.9679565429688],[0,1144.2352294921875,504.10003662109375],[0,0,1]],[[0.36755729,0.05614046,-0.92830545,0.52],[-0.07146393,0.99693,0.03199479,-0.4],[0.92725194,0.0545804,0.37044081,-1.13]]]
[[[1144.2352294921875,0,935.9679565429688],[0,1144.2352294921875,504.10003662109375],[0,0,1]],[[0.27151069,0.081848,-0.95894951,0.57],[-0.08497547,0.99452502,0.06082492,-0.41],[0.95867765,0.06497251,0.27697909,-1.18]]]
[[[1144.2352294921875,0,935.9679565429688],[0,1144.2352294921875,504.10003662109375],[0,0,1]],[[0.22224435,0.06569095,-0.97277617,0.62],[-0.1377074,0.98984104,0.03538206,-0.45],[0.96521813,0.12609498,0.22903259,-1.2]]]
[[[1144.2352294921875,0,935.9679565429688],[0,1144.2352294921875,504.10003662109375],[0,0,1]],[[0.09301244,0.12231167,-0.98812443,0.72],[-0.21368115,0.97175449,0.10017143,-0.37],[0.97246653,0.20182641,0.11652087,-1.29]]]
[[[1144.2352294921875,0,935.9679565429688],[0,1144.2352294921875,504.10003662109375],[0,0,1]],[[0.0368972,0.16891353,-0.98494077,0.78],[-0.20796664,0.96533024,0.15775962,-0.37],[0.97744095,0.19901392,0.07074626,-1.34]]]
[[[1144.2352294921875,0,935.9679565429688],[0,1144.2352294921875,504.10003662109375],[0,0,1]],[[-0.05261061,0.13675402,-0.98920768,0.84],[-0.18121088,0.97282606,0.14412688,-0.4],[0.98203737,0.18683787,-0.02639983,-1.37]]]
[[[1144.2352294921875,0,935.9679565429688],[0,1144.2352294921875,504.10003662109375],[0,0,1]],[[-0.1690114,0.11068121,-0.97938061,0.9],[-0.15323256,0.97864193,0.13704096,-0.4],[0.97363132,0.17323454,-0.14844181,-1.39]]]
[[[1144.2352294921875,0,935.9679565429688],[0,1144.2352294921875,504.10003662109375],[0,0,1]],[[-0.30290818,0.11653145,-0.94586933,0.97],[-0.13112047,0.97796208,0.16247563,-0.4],[0.94395822,0.17323805,-0.28095326,-1.42]]]
[[[1144.2352294921875,0,935.9679565429688],[0,1144.2352294921875,504.10003662109375],[0,0,1]],[[-0.39882663,0.14946415,-0.90476489,1.06],[-0.13701215,0.96584189,0.21994966,-0.37],[0.90673482,0.2116856,-0.36472529,-1.46]]]
[[[1144.2352294921875,0,935.9679565429688],[0,1144.2352294921875,504.10003662109375],[0,0,1]],[[-0.48225906,0.17797834,-0.85775948,1.12],[-0.11242633,0.95847398,0.26208529,-0.35],[0.86878604,0.22282776,-0.4422237,-1.5]]]
[[[1144.2352294921875,0,935.9679565429688],[0,1144.2352294921875,504.10003662109375],[0,0,1]],[[-0.55345184,0.18773901,-0.81144732,1.18],[-0.08533522,0.95635563,0.27946866,-0.35],[0.82849973,0.22391742,-0.51327622,-1.52]]]
[[[1144.2352294921875,0,935.9679565429688],[0,1144.2352294921875,504.10003662109375],[0,0,1]],[[-0.60680878,0.19349962,-0.77093583,1.26],[-0.05105544,0.95842445,0.28074387,-0.36],[0.79320771,0.20971829,-0.57170141,-1.55]]]
[[[1144.2352294921875,0,935.9679565429688],[0,1144.2352294921875,504.10003662109375],[0,0,1]],[[-0.62170053,0.13771939,-0.77105325,1.33],[-0.09687421,0.96334291,0.25017405,-0.34],[0.7772426,0.2302285,-0.5855695,-1.58]]]
[[[1144.2352294921875,0,935.9679565429688],[0,1144.2352294921875,504.10003662109375],[0,0,1]],[[-0.62637424,0.17954415,-0.75856489,1.44],[-0.07890836,0.95351189,0.29084328,-0.33],[0.77551997,0.24203382,-0.5830881,-1.6]]]
[[[1144.2352294921875,0,935.9679565429688],[0,1144.2352294921875,504.10003662109375],[0,0,1]],[[-0.5972687,0.23655267,-0.7663644,1.53],[-0.05474751,0.94126379,0.33320615,-0.33],[0.80017203,0.24097016,-0.54923701,-1.63]]]
[[[1144.2352294921875,0,935.9679565429688],[0,1144.2352294921875,504.10003662109375],[0,0,1]],[[-0.60001796,0.25954518,-0.75671411,1.62],[-0.01424032,0.94229287,0.33448812,-0.33],[0.79986155,0.21147482,-0.56169713,-1.67]]]
[[[1144.2352294921875,0,935.9679565429688],[0,1144.2352294921875,504.10003662109375],[0,0,1]],[[-0.65719235,0.27189022,-0.70297647,1.76],[0.04883013,0.94607037,0.32026172,-0.33],[0.75214148,0.17614709,-0.63502705,-1.72]]]
[[[1144.2352294921875,0,935.9679565429688],[0,1144.2352294921875,504.10003662109375],[0,0,1]],[[-0.71246612,0.30241147,-0.63319898,1.88],[0.09581675,0.93584394,0.33914083,-0.32],[0.69513571,0.18095534,-0.69573373,-1.74]]]
[[[1144.2352294921875,0,935.9679565429688],[0,1144.2352294921875,504.10003662109375],[0,0,1]],[[-0.75734127,0.33849892,-0.5584392,1.97],[0.14647177,0.92142874,0.35988405,-0.31],[0.63638252,0.19075949,-0.74741697,-1.75]]]
[[[1144.2352294921875,0,935.9679565429688],[0,1144.2352294921875,504.10003662109375],[0,0,1]],[[-0.79017597,0.34066033,-0.50948501,2.03],[0.17632706,0.92250782,0.34335127,-0.31],[0.58697009,0.18147182,-0.78901118,-1.77]]]
[[[1144.2352294921875,0,935.9679565429688],[0,1144.2352294921875,504.10003662109375],[0,0,1]],[[-0.79488271,0.35889447,-0.48924267,2.11],[0.21339944,0.92015785,0.32828683,-0.33],[0.56800085,0.15654533,-0.80800539,-1.78]]]
[[[1144.2352294921875,0,935.9679565429688],[0,1144.2352294921875,504.10003662109375],[0,0,1]],[[-0.79749233,0.3368893,-0.50051355,2.21],[0.20331968,0.93112504,0.30276918,-0.34],[0.56804043,0.13969171,-0.81106144,-1.79]]]
[[[1144.2352294921875,0,935.9679565429688],[0,1144.2352294921875,504.10003662109375],[0,0,1]],[[-0.79685843,0.31914425,-0.51299661,2.34],[0.17936881,0.93578243,0.30354571,-0.34],[0.57692832,0.14986728,-0.80293095,-1.79]]]
[[[1144.2352294921875,0,935.9679565429688],[0,1144.2352294921875,504.10003662109375],[0,0,1]],[[-0.76686084,0.35651171,-0.53369063,2.44],[0.19538192,0.92174256,0.33499023,-0.34],[0.61135352,0.15261731,-0.77650446,-1.82]]]
[[[1144.2352294921875,0,935.9679565429688],[0,1144.2352294921875,504.10003662109375],[0,0,1]],[[-0.74316579,0.38328812,-0.54844981,2.57],[0.22149827,0.91438311,0.33888638,-0.35],[0.63138461,0.13036783,-0.76443613,-1.86]]]
[[[1144.2352294921875,0,935.9679565429688],[0,1144.2352294921875,504.10003662109375],[0,0,1]],[[-0.7510516,0.38254687,-0.53812802,2.68],[0.24070761,0.91759557,0.31635496,-0.38],[0.61480451,0.10806713,-0.78124374,-1.86]]]
[[[1144.2352294921875,0,935.9679565429688],[0,1144.2352294921875,504.10003662109375],[0,0,1]],[[-0.77382559,0.39884511,-0.49205509,2.79],[0.2723535,0.91088527,0.31002179,-0.4],[0.57185662,0.10588968,-0.81349343,-1.85]]]
[[[1144.2352294921875,0,935.9679565429688],[0,1144.2352294921875,504.10003662109375],[0,0,1]],[[-0.79283285,0.41819704,-0.44331688,2.89],[0.29522318,0.8999126,0.32093996,-0.41],[0.53316277,0.12357399,-0.83694208,-1.84]]]
[[[1144.2352294921875,0,935.9679565429688],[0,1144.2352294921875,504.10003662109375],[0,0,1]],[[-0.85768104,0.10651904,-0.50303,2.98],[-0.04280236,0.96012205,0.27628946,-0.42],[0.51240063,0.25849879,-0.81891918,-1.82]]]
[[[1144.2352294921875,0,935.9679565429688],[0,1144.2352294921875,504.10003662109375],[0,0,1]],[[-0.89283699,0.13496526,-0.42968479,3.09],[-0.0098729,0.94795042,0.3182683,-0.41],[0.45027551,0.28840363,-0.84503275,-1.79]]]
[[[1144.2352294921875,0,935.9679565429688],[0,1144.2352294921875,504.10003662109375],[0,0,1]],[[-9.0182012e-01,1.4184126e-01,-4.0817109e-01,3.1900000e+00],[1.9998300e-03,9.4595212e-01,3.2430330e-01,-4.0000000e-01],[4.3211046e-01,2.9164678e-01,-8.5336256e-01,-1.7700000e+00]]]
[[[1144.2352294921875,0,935.9679565429688],[0,1144.2352294921875,504.10003662109375],[0,0,1]],[[-9.01494560e-01,1.34160380e-01,-4.11474020e-01,3.28000000e+00],[-3.03205103e-04,9.50545907e-01,3.10587406e-01,-4.10000000e-01],[4.32794060e-01,2.80117360e-01,-8.56871310e-01,-1.73000000e+00]]]
[[[1144.2352294921875,0,935.9679565429688],[0,1144.2352294921875,504.10003662109375],[0,0,1]],[[-0.90020704,0.14571193,-0.41036272,3.39],[0.0154883,0.95247424,0.30422831,-0.43],[0.43519023,0.26751238,-0.85968089,-1.67]]]
[[[1144.2352294921875,0,935.9679565429688],[0,1144.2352294921875,504.10003662109375],[0,0,1]],[[-0.89140034,0.14666834,-0.42883173,3.47],[0.01665544,0.9561522,0.29240012,-0.44],[0.45291471,0.25350282,-0.85475701,-1.65]]]
[[[1144.2352294921875,0,935.9679565429688],[0,1144.2352294921875,504.10003662109375],[0,0,1]],[[-0.89389175,0.18073109,-0.41023961,3.55],[0.05945847,0.95484459,0.29109943,-0.46],[0.44432628,0.23581883,-0.86427367,-1.61]]]
[[[1144.2352294921875,0,935.9679565429688],[0,1144.2352294921875,504.10003662109375],[0,0,1]],[[-0.94033551,0.19200833,-0.28089836,3.69],[0.10773864,0.9511075,0.28946379,-0.46],[0.32274449,0.24192926,-0.91504693,-1.58]]]
[[[1144.2352294921875,0,935.9679565429688],[0,1144.2352294921875,504.10003662109375],[0,0,1]],[[-0.97895956,0.19731604,-0.05202911,3.82],[0.17228912,0.93585151,0.30741012,-0.47],[0.10934892,0.29197776,-0.95015609,-1.51]]]
[[[1144.2352294921875,0,935.9679565429688],[0,1144.2352294921875,504.10003662109375],[0,0,1]],[[-0.97265887,0.19068941,0.13257137,3.91],[0.22383551,0.92191947,0.31617236,-0.5],[-0.06192897,0.33720165,-0.93939614,-1.46]]]
[[[1144.2352294921875,0,935.9679565429688],[0,1144.2352294921875,504.10003662109375],[0,0,1]],[[-0.93015569,0.15799874,0.33143502,3.97],[0.25697842,0.92487735,0.28029788,-0.56],[-0.26224956,0.34589201,-0.9008823,-1.39]]]
[[[1144.2352294921875,0,935.9679565429688],[0,1144.2352294921875,504.10003662109375],[0,0,1]],[[-0.88872802,0.12553936,0.44091368,4.01],[0.25905937,0.93101931,0.25708833,-0.58],[-0.37822396,0.34270409,-0.85994512,-1.31]]]
[[[1144.2352294921875,0,935.9679565429688],[0,1144.2352294921875,504.10003662109375],[0,0,1]],[[-0.86475939,0.1135286,0.48918843,4.03],[0.26460373,0.93093085,0.25170535,-0.61],[-0.42682445,0.34710526,-0.8350715,-1.27]]]
[[[1144.2352294921875,0,935.9679565429688],[0,1144.2352294921875,504.10003662109375],[0,0,1]],[[-0.82772076,0.11631493,0.5489552,4.05],[0.28500408,0.92985016,0.23271155,-0.59],[-0.48337778,0.34907424,-0.80280656,-1.19]]]
[[[1144.2352294921875,0,935.9679565429688],[0,1144.2352294921875,504.10003662109375],[0,0,1]],[[-0.77419114,0.12570141,0.62034702,4.05],[0.30858722,0.93067288,0.19653289,-0.59],[-0.55263507,0.34358463,-0.75930864,-1.11]]]
[[[1144.2352294921875,0,935.9679565429688],[0,1144.2352294921875,504.10003662109375],[0,0,1]],[[-0.70443964,0.12778854,0.69816786,4.06],[0.32524201,0.93242425,0.15749829,-0.58],[-0.63086152,0.33802098,-0.69839901,-1.03]]]
[[[1144.2352294921875,0,935.9679565429688],[0,1144.2352294921875,504.10003662109375],[0,0,1]],[[-0.63031268,0.11064832,0.76841813,4.07],[0.32794568,0.93509531,0.13435605,-0.59],[-0.70367712,0.33668518,-0.62568933,-0.97]]]
[[[1144.2352294921875,0,935.9679565429688],[0,1144.2352294921875,504.10003662109375],[0,0,1]],[[-0.57807469,0.10120969,0.80968493,4.06],[0.3300122,0.93650484,0.11855026,-0.6],[-0.74627447,0.33573627,-0.57477027,-0.92]]]
[[[1144.2352294921875,0,935.9679565429688],[0,1144.2352294921875,504.10003662109375],[0,0,1]],[[-0.50472915,0.08183102,0.85939264,4.05],[0.34146458,0.93323755,0.11168282,-0.6],[-0.79287755,0.34982121,-0.4989748,-0.87]]]
[[[1144.2352294921875,0,935.9679565429688],[0,1144.2352294921875,504.10003662109375],[0,0,1]],[[-0.39504939,0.03563888,0.91797006,4.04],[0.33488241,0.93607795,0.10777505,-0.59],[-0.85544962,0.34998795,-0.38173237,-0.78]]]
[[[1144.2352294921875,0,935.9679565429688],[0,1144.2352294921875,504.10003662109375],[0,0,1]],[[-3.6509910e-01,-3.7170000e-03,9.3096310e-01,4.0300000e+00],[3.2763624e-01,9.3550760e-01,1.3222530e-01,-5.6000000e-01],[-8.7141353e-01,3.5329211e-01,-3.4033570e-01,-7.0000000e-01]]]
[[[1144.2352294921875,0,935.9679565429688],[0,1144.2352294921875,504.10003662109375],[0,0,1]],[[-0.3525548,-0.03438454,0.93516088,4.01],[0.32840061,0.93122381,0.15804644,-0.55],[-0.87627763,0.36282712,-0.31701609,-0.64]]]
[[[1144.2352294921875,0,935.9679565429688],[0,1144.2352294921875,504.10003662109375],[0,0,1]],[[-0.34183055,-0.03002275,0.93928367,3.99],[0.36386114,0.91730547,0.16173896,-0.55],[-0.86646497,0.39705572,-0.30263945,-0.59]]]
[[[1144.2352294921875,0,935.9679565429688],[0,1144.2352294921875,504.10003662109375],[0,0,1]],[[-0.34017578,-0.01413642,0.94025725,3.97],[0.37173969,0.91642195,0.14826964,-0.55],[-0.8637675,0.39996827,-0.30649003,-0.54]]]
[[[1144.2352294921875,0,935.9679565429688],[0,1144.2352294921875,504.10003662109375],[0,0,1]],[[-0.32019973,-0.02653163,0.9469803,3.95],[0.37871131,0.91267824,0.15362294,-0.55],[-0.86836314,0.40782166,-0.28219202,-0.49]]]
[[[1144.2352294921875,0,935.9679565429688],[0,1144.2352294921875,504.10003662109375],[0,0,1]],[[-0.27658257,-0.02155188,0.96075034,3.92],[0.39043996,0.91099668,0.13283619,-0.54],[-0.87810206,0.41185507,-0.24355164,-0.44]]]
[[[1144.2352294921875,0,935.9679565429688],[0,1144.2352294921875,504.10003662109375],[0,0,1]],[[-0.22211573,-0.0473115,0.97387362,3.88],[0.40406993,0.90454823,0.13610162,-0.53],[-0.8873536,0.42374283,-0.18179788,-0.39]]]
[[[1144.2352294921875,0,935.9679565429688],[0,1144.2352294921875,504.10003662109375],[0,0,1]],[[-0.17289506,-0.05802755,0.98323125,3.85],[0.38899699,0.91308832,0.12229053,-0.52],[-0.90487194,0.40361696,-0.13529652,-0.35]]]
[[[1144.2352294921875,0,935.9679565429688],[0,1144.2352294921875,504.10003662109375],[0,0,1]],[[-0.11519437,-0.10943379,0.98729825,3.82],[0.40126231,0.90408808,0.14702836,-0.49],[-0.90869313,0.41310206,-0.06023488,-0.32]]]
[[[1144.2352294921875,0,935.9679565429688],[0,1144.2352294921875,504.10003662109375],[0,0,1]],[[-0.08852118,-0.13404395,0.98701555,3.78],[0.42008647,0.89344656,0.15901223,-0.49],[-0.90315902,0.42870736,-0.02277969,-0.31]]]
[[[1144.2352294921875,0,935.9679565429688],[0,1144.2352294921875,504.10003662109375],[0,0,1]],[[-0.11876477,-0.15751299,0.98035109,3.71],[0.40581465,0.89341104,0.1927067,-0.49],[-0.90620863,0.42072713,-0.04218538,-0.3]]]
[[[1144.2352294921875,0,935.9679565429688],[0,1144.2352294921875,504.10003662109375],[0,0,1]],[[-0.15694183,-0.2220294,0.96232831,3.64],[0.40090269,0.87618804,0.26753643,-0.47],[-0.90257996,0.42778727,-0.04849905,-0.28]]]
[[[1144.2352294921875,0,935.9679565429688],[0,1144.2352294921875,504.10003662109375],[0,0,1]],[[-0.19192791,-0.25996247,0.94635457,3.6],[0.38661486,0.86627972,0.31637445,-0.49],[-0.90205145,0.42659545,-0.0657585,-0.25]]]
[[[1144.2352294921875,0,935.9679565429688],[0,1144.2352294921875,504.10003662109375],[0,0,1]],[[-0.17485502,-0.24876267,0.95265245,3.56],[0.3990984,0.86660123,0.29954517,-0.48],[-0.90008378,0.43257862,-0.05224939,-0.2]]]
[[[1144.2352294921875,0,935.9679565429688],[0,1144.2352294921875,504.10003662109375],[0,0,1]],[[-0.13849083,-0.24244757,0.96023083,3.49],[0.42495644,0.86123145,0.27874151,-0.5],[-0.89455956,0.44665894,-0.01624374,-0.17]]]
[[[1144.2352294921875,0,935.9679565429688],[0,1144.2352294921875,504.10003662109375],[0,0,1]],[[-0.15125552,-0.25609183,0.95474768,3.42],[0.40885386,0.86316288,0.29629886,-0.57],[-0.89998055,0.43516856,-0.02585475,-0.16]]]
[[[1144.2352294921875,0,935.9679565429688],[0,1144.2352294921875,504.10003662109375],[0,0,1]],[[-0.15644361,-0.26962787,0.95017409,3.4],[0.43942171,0.84256583,0.31144217,-0.59],[-0.88455558,0.46624961,-0.01333439,-0.13]]]
[[[1144.2352294921875,0,935.9679565429688],[0,1144.2352294921875,504.10003662109375],[0,0,1]],[[-0.13409504,-0.24328084,0.96064436,3.37],[0.42359099,0.86230278,0.27750501,-0.59],[-0.89587599,0.4441317,-0.01257964,-0.14]]]
[[[1144.2352294921875,0,935.9679565429688],[0,1144.2352294921875,504.10003662109375],[0,0,1]],[[-0.13639264,-0.2262964,0.9644646,3.34],[0.40280259,0.87678385,0.26268756,-0.59],[-0.90507001,0.42431676,-0.0284348,-0.14]]]
[[[1144.2352294921875,0,935.9679565429688],[0,1144.2352294921875,504.10003662109375],[0,0,1]],[[-0.1572081,-0.22642906,0.96126002,3.28],[0.37229949,0.88795865,0.2700505,-0.6],[-0.91470414,0.40033004,-0.05529556,-0.15]]]
[[[1144.2352294921875,0,935.9679565429688],[0,1144.2352294921875,504.10003662109375],[0,0,1]],[[-0.15973005,-0.28426728,0.94534856,3.24],[0.36035669,0.87476653,0.32393116,-0.62],[-0.91903985,0.39240354,-0.0372895,-0.16]]]
[[[1144.2352294921875,0,935.9679565429688],[0,1144.2352294921875,504.10003662109375],[0,0,1]],[[-1.7790048e-01,-3.6877286e-01,9.1233945e-01,3.2300000e+00],[3.9249021e-01,8.2359999e-01,4.0943763e-01,-6.2000000e-01],[-9.0238988e-01,4.3092269e-01,-1.7797900e-03,-1.3000000e-01]]]
[[[1144.2352294921875,0,935.9679565429688],[0,1144.2352294921875,504.10003662109375],[0,0,1]],[[-0.15761279,-0.35603127,0.92108947,3.23],[0.4237963,0.818097,0.38874018,-0.64],[-0.89194173,0.45162374,0.02194148,-0.12]]]
[[[1144.2352294921875,0,935.9679565429688],[0,1144.2352294921875,504.10003662109375],[0,0,1]],[[-0.12139142,-0.32699707,0.93719929,3.21],[0.4296459,0.83383936,0.34658486,-0.66],[-0.89480346,0.44473535,0.03927115,-0.11]]]
[[[1144.2352294921875,0,935.9679565429688],[0,1144.2352294921875,504.10003662109375],[0,0,1]],[[-0.08848072,-0.33707881,0.93731254,3.18],[0.42256159,0.8394292,0.34176773,-0.67],[-0.90200782,0.42631114,0.06816233,-0.09]]]
[[[1144.2352294921875,0,935.9679565429688],[0,1144.2352294921875,504.10003662109375],[0,0,1]],[[-0.09846946,-0.3212626,0.94185972,3.17],[0.40681019,0.85076737,0.33272368,-0.71],[-0.90819275,0.41592026,0.04691748,-0.06]]]
[[[1144.2352294921875,0,935.9679565429688],[0,1144.2352294921875,504.10003662109375],[0,0,1]],[[-0.15088125,-0.37702066,0.91383576,3.14],[0.41054279,0.81703222,0.40486726,-0.71],[-0.89927423,0.43625456,0.03150747,-0.03]]]
[[[1144.2352294921875,0,935.9679565429688],[0,1144.2352294921875,504.10003662109375],[0,0,1]],[[-0.15143944,-0.36105067,0.92017072,3.14],[0.38486686,0.83590853,0.39132988,-0.73],[-0.91046607,0.41340509,0.01236616,0.01]]]
[[[1144.2352294921875,0,935.9679565429688],[0,1144.2352294921875,504.10003662109375],[0,0,1]],[[-0.14435986,-0.3459084,0.92709959,3.11],[0.40263888,0.83531028,0.37435752,-0.74],[-0.90390682,0.42732745,0.01869021,0.01]]]
[[[1144.2352294921875,0,935.9679565429688],[0,1144.2352294921875,504.10003662109375],[0,0,1]],[[-0.19109957,-0.31300813,0.93032938,3.07],[0.40743488,0.83699393,0.36529809,-0.76],[-0.8930189,0.44885591,-0.03241941,0.01]]]
[[[1144.2352294921875,0,935.9679565429688],[0,1144.2352294921875,504.10003662109375],[0,0,1]],[[-0.20404057,-0.28169456,0.93756139,3.02],[0.40444914,0.84789777,0.34277555,-0.81],[-0.8915118,0.44913495,-0.05907496,0.03]]]
[[[1144.2352294921875,0,935.9679565429688],[0,1144.2352294921875,504.10003662109375],[0,0,1]],[[-0.18116778,-0.34193909,0.92209637,2.99],[0.39726257,0.8322655,0.38668007,-0.82],[-0.89964736,0.43636727,-0.01494079,0.03]]]
[[[1144.2352294921875,0,935.9679565429688],[0,1144.2352294921875,504.10003662109375],[0,0,1]],[[-0.16495004,-0.32625449,0.93078196,2.97],[0.40173495,0.83965349,0.36550757,-0.82],[-0.90078026,0.43421704,-0.00743372,0.05]]]
[[[1144.2352294921875,0,935.9679565429688],[0,1144.2352294921875,504.10003662109375],[0,0,1]],[[-0.0920285,-0.28673935,0.95358115,2.94],[0.43052351,0.85205239,0.29776004,-0.83],[-0.89787799,0.4379403,0.04503411,0.06]]]
[[[1144.2352294921875,0,935.9679565429688],[0,1144.2352294921875,504.10003662109375],[0,0,1]],[[0.01101256,-0.24908146,0.96842301,2.89],[0.41692126,0.88142669,0.22196564,-0.88],[-0.90887845,0.4013105,0.1135531,0.06]]]
[[[1144.2352294921875,0,935.9679565429688],[0,1144.2352294921875,504.10003662109375],[0,0,1]],[[0.02599408,-0.26943719,0.96267033,2.85],[0.42327967,0.87537503,0.23357621,-0.91],[-0.9056288,0.40140593,0.13680077,0.08]]]
[[[1144.2352294921875,0,935.9679565429688],[0,1144.2352294921875,504.10003662109375],[0,0,1]],[[-0.00887969,-0.30467424,0.95241857,2.83],[0.44546548,0.85151893,0.27655134,-0.95],[-0.89525777,0.42672399,0.12815958,0.11]]]
[[[1144.2352294921875,0,935.9679565429688],[0,1144.2352294921875,504.10003662109375],[0,0,1]],[[-0.01283794,-0.29318991,0.95597112,2.8],[0.45127937,0.85144508,0.26719391,-0.95],[-0.89229292,0.43483901,0.12137869,0.13]]]
[[[1144.2352294921875,0,935.9679565429688],[0,1144.2352294921875,504.10003662109375],[0,0,1]],[[-0.03638549,-0.26503599,0.9635548,2.75],[0.43281496,0.86489099,0.25424242,-0.95],[-0.90075082,0.42629039,0.08324115,0.13]]]
[[[1144.2352294921875,0,935.9679565429688],[0,1144.2352294921875,504.10003662109375],[0,0,1]],[[-0.06578716,-0.28525805,0.95619333,2.7],[0.42947942,0.85686988,0.28517699,-0.97],[-0.90067977,0.429425,0.06614055,0.13]]]
[[[1144.2352294921875,0,935.9679565429688],[0,1144.2352294921875,504.10003662109375],[0,0,1]],[[-0.08515608,-0.34718496,0.93392545,2.67],[0.43104041,0.83224136,0.34868777,-1.],[-0.89830792,0.43225127,0.07877946,0.15]]]
[[[1144.2352294921875,0,935.9679565429688],[0,1144.2352294921875,504.10003662109375],[0,0,1]],[[-0.09180431,-0.36578026,0.92616546,2.66],[0.43426698,0.82227802,0.36779794,-1.02],[-0.89609623,0.4359673,0.08335674,0.19]]]
[[[1144.2352294921875,0,935.9679565429688],[0,1144.2352294921875,504.10003662109375],[0,0,1]],[[-0.06233747,-0.32211936,0.94464743,2.64],[0.44080031,0.84028655,0.31562266,-1.05],[-0.89544016,0.43607479,0.08960804,0.2]]]
[[[1144.2352294921875,0,935.9679565429688],[0,1144.2352294921875,504.10003662109375],[0,0,1]],[[-1.3762800e-03,-2.7228209e-01,9.6221936e-01,2.6000000e+00],[4.6862394e-01,8.4984690e-01,2.4115515e-01,-1.1000000e+00],[-8.8339901e-01,4.5124972e-01,1.2642723e-01,2.0000000e-01]]]
[[[1144.2352294921875,0,935.9679565429688],[0,1144.2352294921875,504.10003662109375],[0,0,1]],[[0.01459405,-0.29134822,0.9565084,2.56],[0.4275791,0.86655188,0.2574251,-1.13],[-0.9038623,0.40522513,0.1372198,0.2]]]
[[[1144.2352294921875,0,935.9679565429688],[0,1144.2352294921875,504.10003662109375],[0,0,1]],[[-0.03356823,-0.31100148,0.94981933,2.54],[0.45706001,0.8403765,0.29132071,-1.18],[-0.8888045,0.44390231,0.11393534,0.22]]]
[[[1144.2352294921875,0,935.9679565429688],[0,1144.2352294921875,504.10003662109375],[0,0,1]],[[-0.02557099,-0.24054359,0.97030425,2.53],[0.45067257,0.86361724,0.22597313,-1.21],[-0.89232534,0.44306651,0.08632189,0.24]]]
[[[1144.2352294921875,0,935.9679565429688],[0,1144.2352294921875,504.10003662109375],[0,0,1]],[[-0.01718276,-0.19160768,0.98132408,2.5],[0.42854443,0.8853364,0.18037042,-1.22],[-0.90335977,0.42363888,0.066899,0.25]]]
[[[1144.2352294921875,0,935.9679565429688],[0,1144.2352294921875,504.10003662109375],[0,0,1]],[[-0.05502695,-0.25308022,0.96588206,2.46],[0.08632958,0.96251827,0.25711828,-1.25],[-0.99474782,0.09753203,-0.03111672,0.26]]]
[[[1144.2352294921875,0,935.9679565429688],[0,1144.2352294921875,504.10003662109375],[0,0,1]],[[-0.03624612,-0.30326763,0.95221871,2.41],[0.07503933,0.94932789,0.30520439,-1.27],[-0.99652374,0.08251582,-0.01165303,0.27]]]
[[[1144.2352294921875,0,935.9679565429688],[0,1144.2352294921875,504.10003662109375],[0,0,1]],[[-3.4579960e-02,-3.5377184e-01,9.3469542e-01,2.3900000e+00],[8.5300450e-02,9.3079597e-01,3.5545287e-01,-1.2800000e+00],[-9.9575728e-01,9.2021020e-02,-2.0106200e-03,3.0000000e-01]]]
[[[1144.2352294921875,0,935.9679565429688],[0,1144.2352294921875,504.10003662109375],[0,0,1]],[[-0.01358477,-0.33454975,0.94228339,2.35],[0.10437402,0.93674666,0.33408993,-1.3],[-0.99444783,0.10288799,0.02219215,0.31]]]
[[[1144.2352294921875,0,935.9679565429688],[0,1144.2352294921875,504.10003662109375],[0,0,1]],[[0.05971583,-0.28841949,0.95564318,2.33],[0.11471577,0.95299071,0.28045183,-1.34],[-0.99160427,0.09287947,0.08999407,0.36]]]
[[[1144.2352294921875,0,935.9679565429688],[0,1144.2352294921875,504.10003662109375],[0,0,1]],[[0.13225336,-0.28733066,0.94866014,2.29],[0.11940032,0.95471483,0.27252012,-1.39],[-0.9840008,0.07722826,0.16057055,0.38]]]
[[[1144.2352294921875,0,935.9679565429688],[0,1144.2352294921875,504.10003662109375],[0,0,1]],[[0.07874706,-0.303886,0.94945151,2.27],[0.15844886,0.94411588,0.28903794,-1.42],[-0.98422444,0.12767822,0.12249582,0.45]]]
[[[1144.2352294921875,0,935.9679565429688],[0,1144.2352294921875,504.10003662109375],[0,0,1]],[[0.04282131,-0.2225579,0.97398174,2.23],[0.15163961,0.96502793,0.21384645,-1.41],[-0.98751014,0.13853645,0.0750716,0.49]]]
[[[1144.2352294921875,0,935.9679565429688],[0,1144.2352294921875,504.10003662109375],[0,0,1]],[[-0.00806247,-0.16866095,0.98564434,2.18],[0.1160057,0.97886193,0.16845073,-1.42],[-0.99321806,0.11569805,0.01167308,0.51]]]
[[[1144.2352294921875,0,935.9679565429688],[0,1144.2352294921875,504.10003662109375],[0,0,1]],[[-0.04109441,-0.13464394,0.99004459,2.11],[0.07691099,0.9875139,0.13749349,-1.51],[-0.99619293,0.08179513,-0.03022612,0.56]]]
[[[1144.2352294921875,0,935.9679565429688],[0,1144.2352294921875,504.10003662109375],[0,0,1]],[[-0.03351278,-0.14212136,0.98928475,2.07],[0.08565079,0.98578936,0.14452192,-1.53],[-0.9957636,0.08957595,-0.02086417,0.59]]]
[[[1144.2352294921875,0,935.9679565429688],[0,1144.2352294921875,504.10003662109375],[0,0,1]],[[0.0024444,-0.0439724,0.99903297,2.04],[0.10970278,0.9930166,0.04344038,-1.58],[-0.99396384,0.10949004,0.00725071,0.62]]]
[[[1144.2352294921875,0,935.9679565429688],[0,1144.2352294921875,504.10003662109375],[0,0,1]],[[1.3361982e-01,-1.1849800e-03,9.9103498e-01,1.9500000e+00],[8.0938210e-02,9.9667364e-01,-9.7199000e-03,-1.6500000e+00],[-9.8772424e-01,8.1510860e-02,1.3327046e-01,5.9000000e-01]]]
[[[1144.2352294921875,0,935.9679565429688],[0,1144.2352294921875,504.10003662109375],[0,0,1]],[[0.15432671,-0.09228351,0.98370409,1.9],[0.07828631,0.99364227,0.0809352,-1.72],[-0.98491591,0.0645197,0.16056898,0.61]]]
[[[1144.2352294921875,0,935.9679565429688],[0,1144.2352294921875,504.10003662109375],[0,0,1]],[[0.133093,-0.09052868,0.98696381,1.87],[0.12655516,0.98922223,0.07367092,-1.77],[-0.98299277,0.11509964,0.14311433,0.64]]]
[[[1144.2352294921875,0,935.9679565429688],[0,1144.2352294921875,504.10003662109375],[0,0,1]],[[0.15627183,-0.06004272,0.98589069,1.83],[0.13279738,0.99036711,0.0392671,-1.81],[-0.97874844,0.1247867,0.16273896,0.65]]]
[[[1144.2352294921875,0,935.9679565429688],[0,1144.2352294921875,504.10003662109375],[0,0,1]],[[0.14191802,-0.01335089,0.98979175,1.79],[0.07054655,0.99750495,0.00334109,-1.86],[-0.98736364,0.06935175,0.14250486,0.64]]]
[[[1144.2352294921875,0,935.9679565429688],[0,1144.2352294921875,504.10003662109375],[0,0,1]],[[0.13609338,-0.0399317,0.98989421,1.72],[0.06709068,0.99726713,0.03100655,-1.87],[-0.98842394,0.06219238,0.13839957,0.7]]]
[[[1144.2352294921875,0,935.9679565429688],[0,1144.2352294921875,504.10003662109375],[0,0,1]],[[0.13759811,-0.08582163,0.98676634,1.68],[0.07696347,0.99415547,0.07573351,-1.9],[-0.98749554,0.06552371,0.14339808,0.7]]]
[[[1144.2352294921875,0,935.9679565429688],[0,1144.2352294921875,504.10003662109375],[0,0,1]],[[0.16358538,-0.03678715,0.98584622,1.61],[0.0980477,0.9949652,0.02085917,-1.95],[-0.98164678,0.09324715,0.16636765,0.75]]]
[[[1144.2352294921875,0,935.9679565429688],[0,1144.2352294921875,504.10003662109375],[0,0,1]],[[0.22061259,0.00959582,0.97531736,1.56],[0.11799961,0.99234641,-0.03645315,-2.],[-0.96819937,0.12312829,0.21779063,0.74]]]
[[[1144.2352294921875,0,935.9679565429688],[0,1144.2352294921875,504.10003662109375],[0,0,1]],[[0.32707801,-0.07132807,0.94230497,1.45],[0.0286483,0.9974395,0.06555892,-1.92],[-0.94456536,0.00555237,0.32828245,0.8]]]
[[[1144.2352294921875,0,935.9679565429688],[0,1144.2352294921875,504.10003662109375],[0,0,1]],[[0.39772838,-0.109894,0.91090149,1.35],[0.10026258,0.99206316,0.07590924,-1.96],[-0.91201103,0.06113768,0.40558815,0.89]]]
[[[1144.2352294921875,0,935.9679565429688],[0,1144.2352294921875,504.10003662109375],[0,0,1]],[[0.47243327,-0.07778613,0.87793076,1.31],[0.07692875,0.99593765,0.04684636,-1.96],[-0.87800545,0.04540594,0.47649598,0.89]]]
[[[1144.2352294921875,0,935.9679565429688],[0,1144.2352294921875,504.10003662109375],[0,0,1]],[[0.51722926,-0.0531937,0.85419601,1.29],[0.06529064,0.99761271,0.02259189,-1.94],[-0.85335594,0.04408547,0.51946527,0.87]]]
[[[1144.2352294921875,0,935.9679565429688],[0,1144.2352294921875,504.10003662109375],[0,0,1]],[[0.53304183,0.00737751,0.84606075,1.25],[-0.0441637,0.99884373,0.0191163,-1.89],[-0.84493858,-0.04755497,0.53274894,0.86]]]
[[[1144.2352294921875,0,935.9679565429688],[0,1144.2352294921875,504.10003662109375],[0,0,1]],[[0.53088051,-0.02606125,0.84704953,1.2],[-0.00745595,0.99934673,0.03542171,-1.89],[-0.84741676,-0.0251203,0.53033727,0.86]]]
[[[1144.2352294921875,0,935.9679565429688],[0,1144.2352294921875,504.10003662109375],[0,0,1]],[[0.44845846,-0.00977581,0.89375365,1.17],[0.01009518,0.9999339,0.00587337,-1.89],[-0.89374924,0.00638852,0.44852561,0.84]]]
[[[1144.2352294921875,0,935.9679565429688],[0,1144.2352294921875,504.10003662109375],[0,0,1]],[[0.41979578,-0.03130542,0.90708178,1.12],[0.04947834,0.99871016,0.01157074,-1.9],[-0.90627134,0.04002325,0.42080155,0.84]]]
[[[1144.2352294921875,0,935.9679565429688],[0,1144.2352294921875,504.10003662109375],[0,0,1]],[[0.3934494,-0.01808524,0.91917169,1.07],[0.05809526,0.99829948,-0.00522396,-1.92],[-0.91751128,0.05545458,0.39382941,0.84]]]
[[[1144.2352294921875,0,935.9679565429688],[0,1144.2352294921875,504.10003662109375],[0,0,1]],[[0.3264358,-0.04043775,0.94435722,1.03],[0.03903739,0.99881077,0.02927691,-1.87],[-0.94441521,0.02730805,0.32762486,0.82]]]
[[[1144.2352294921875,0,935.9679565429688],[0,1144.2352294921875,504.10003662109375],[0,0,1]],[[0.2508021,-0.05958174,0.96620625,0.97],[0.07080996,0.99656135,0.04307463,-1.88],[-0.96544743,0.05761361,0.25415748,0.83]]]
[[[1144.2352294921875,0,935.9679565429688],[0,1144.2352294921875,504.10003662109375],[0,0,1]],[[0.1975024,-0.05789718,0.97859418,0.93],[0.06834866,0.99664026,0.04517192,-1.88],[-0.9779188,0.05796361,0.20079505,0.82]]]
[[[1144.2352294921875,0,935.9679565429688],[0,1144.2352294921875,504.10003662109375],[0,0,1]],[[0.12428524,-0.05476798,0.99073702,0.89],[0.05243361,0.99744499,0.04856245,-1.87],[-0.99086249,0.04591203,0.12683851,0.79]]]
[[[1144.2352294921875,0,935.9679565429688],[0,1144.2352294921875,504.10003662109375],[0,0,1]],[[0.02166758,-0.03760099,0.99906111,0.86],[0.0338601,0.9987489,0.03685623,-1.85],[-0.99919403,0.0330295,0.02291311,0.76]]]
[[[1144.2352294921875,0,935.9679565429688],[0,1144.2352294921875,504.10003662109375],[0,0,1]],[[-0.08427951,-0.06971151,0.99400383,0.82],[0.01207493,0.99740708,0.07097535,-1.83],[-0.99637115,0.01798408,-0.08321945,0.77]]]
[[[1144.2352294921875,0,935.9679565429688],[0,1144.2352294921875,504.10003662109375],[0,0,1]],[[-0.16632144,-0.04626822,0.98498875,0.82],[0.05893007,0.99664873,0.05676811,-1.82],[-0.9843114,0.06748691,-0.16303739,0.78]]]
[[[1144.2352294921875,0,935.9679565429688],[0,1144.2352294921875,504.10003662109375],[0,0,1]],[[-0.2130006,-0.02764126,0.97666413,0.82],[0.04470025,0.99827933,0.03800315,-1.83],[-0.97603118,0.05175151,-0.21139839,0.79]]]
[[[1144.2352294921875,0,935.9679565429688],[0,1144.2352294921875,504.10003662109375],[0,0,1]],[[-0.20236716,-0.03742545,0.97859752,0.81],[0.0186078,0.99894416,0.04205296,-1.84],[-0.97913516,0.02671941,-0.20145687,0.79]]]
[[[1144.2352294921875,0,935.9679565429688],[0,1144.2352294921875,504.10003662109375],[0,0,1]],[[-0.13376649,-0.03146366,0.99051642,0.8],[0.0328145,0.99880898,0.03616006,-1.86],[-0.99047166,0.03733996,-0.13257475,0.77]]]
[[[1144.2352294921875,0,935.9679565429688],[0,1144.2352294921875,504.10003662109375],[0,0,1]],[[-1.98379000e-03,-3.85172700e-02,9.99258880e-01,7.60000000e-01],[6.04889700e-02,9.97425320e-01,3.85680300e-02,-1.87000000e+00],[-9.98168886e-01,6.05201423e-02,3.50836664e-04,7.40000000e-01]]]
[[[1144.2352294921875,0,935.9679565429688],[0,1144.2352294921875,504.10003662109375],[0,0,1]],[[0.13626498,-0.02803671,0.99027872,0.74],[0.06836246,0.99748462,0.01883525,-1.88],[-0.9883132,0.06513079,0.13783814,0.7]]]
[[[1144.2352294921875,0,935.9679565429688],[0,1144.2352294921875,504.10003662109375],[0,0,1]],[[0.29750076,-0.03972199,0.95389819,0.7],[0.0565957,0.99811256,0.02391363,-1.88],[-0.95304513,0.04687166,0.29918623,0.7]]]
[[[1144.2352294921875,0,935.9679565429688],[0,1144.2352294921875,504.10003662109375],[0,0,1]],[[0.4405342,-0.05099382,0.89629,0.67],[0.06687684,0.99747741,0.02388177,-1.86],[-0.89524442,0.0494197,0.44283167,0.69]]]
[[[1144.2352294921875,0,935.9679565429688],[0,1144.2352294921875,504.10003662109375],[0,0,1]],[[0.5411247,-0.04912676,0.83951008,0.65],[0.06028527,0.99799192,0.01954427,-1.86],[-0.83878219,0.04003374,0.54299772,0.68]]]
[[[1144.2352294921875,0,935.9679565429688],[0,1144.2352294921875,504.10003662109375],[0,0,1]],[[0.59713918,-0.03658179,0.80130738,0.63],[0.03408627,0.9992165,0.0202173,-1.84],[-0.80141681,0.01524062,0.59791607,0.64]]]
[[[1144.2352294921875,0,935.9679565429688],[0,1144.2352294921875,504.10003662109375],[0,0,1]],[[0.63616067,-0.04323134,0.77034891,0.6],[0.010924,0.9988355,0.04703467,-1.83],[-0.771483,-0.02150661,0.63588983,0.62]]]
[[[1144.2352294921875,0,935.9679565429688],[0,1144.2352294921875,504.10003662109375],[0,0,1]],[[0.64902031,-0.05656987,0.75866944,0.56],[0.01888992,0.9981243,0.05826688,-1.82],[-0.76054037,-0.02348541,0.64886898,0.59]]]
[[[1144.2352294921875,0,935.9679565429688],[0,1144.2352294921875,504.10003662109375],[0,0,1]],[[0.62572229,-0.0525942,0.77827495,0.54],[0.00708386,0.99806803,0.06175402,-1.81],[-0.78001732,-0.03312781,0.62488377,0.57]]]
[[[1144.2352294921875,0,935.9679565429688],[0,1144.2352294921875,504.10003662109375],[0,0,1]],[[0.60556543,-0.04530057,0.79450929,0.51],[0.00950749,0.99872082,0.04969956,-1.81],[-0.79574233,-0.02254273,0.60521936,0.54]]]
[[[1144.2352294921875,0,935.9679565429688],[0,1144.2352294921875,504.10003662109375],[0,0,1]],[[0.61210895,-0.04261985,0.78962833,0.46],[0.0289669,0.99908656,0.03147261,-1.81],[-0.79024625,0.00360817,0.61278212,0.52]]]
[[[1144.2352294921875,0,935.9679565429688],[0,1144.2352294921875,504.10003662109375],[0,0,1]],[[0.61579037,-0.0279211,0.78741944,0.44],[0.02126755,0.99959868,0.01881492,-1.79],[-0.78762662,0.00516015,0.6161347,0.49]]]
[[[1144.2352294921875,0,935.9679565429688],[0,1144.2352294921875,504.10003662109375],[0,0,1]],[[0.60099214,-0.03857557,0.79832762,0.37],[0.02798116,0.99923974,0.02722128,-1.8],[-0.79876858,0.00597811,0.60161227,0.47]]]
[[[1144.2352294921875,0,935.9679565429688],[0,1144.2352294921875,504.10003662109375],[0,0,1]],[[0.59852725,-0.05465901,0.79923981,0.35],[0.0267693,0.99847907,0.04824013,-1.8],[-0.80065876,-0.00747816,0.5990777,0.45]]]
[[[1144.2352294921875,0,935.9679565429688],[0,1144.2352294921875,504.10003662109375],[0,0,1]],[[0.55647647,-0.07366783,0.82759529,0.31],[0.03079227,0.99720782,0.06806299,-1.8],[-0.83029628,-0.01239203,0.55718869,0.42]]]
[[[1144.2352294921875,0,935.9679565429688],[0,1144.2352294921875,504.10003662109375],[0,0,1]],[[0.49065152,-0.04586501,0.870152,0.28],[0.01240091,0.99888211,0.04565974,-1.8],[-0.87127107,-0.01161249,0.49066973,0.39]]]
[[[1144.2352294921875,0,935.9679565429688],[0,1144.2352294921875,504.10003662109375],[0,0,1]],[[3.97864310e-01,-5.79553200e-02,9.15615800e-01,2.40000000e-01],[-1.84193254e-04,9.97999728e-01,6.32519200e-02,-1.78000000e+00],[-9.17447450e-01,-2.53344800e-02,3.97055830e-01,3.60000000e-01]]]
[[[1144.2352294921875,0,935.9679565429688],[0,1144.2352294921875,504.10003662109375],[0,0,1]],[[0.32004353,-0.09894979,0.94222504,0.14],[0.03823498,0.99507147,0.09151423,-1.74],[-0.94663393,0.00673723,0.32224786,0.38]]]
[[[1144.2352294921875,0,935.9679565429688],[0,1144.2352294921875,504.10003662109375],[0,0,1]],[[0.16390498,-0.11793015,0.9794054,0.14],[0.03241353,0.99293816,0.11413702,-1.69],[-0.98594636,0.01303822,0.16656871,0.34]]]
[[[1144.2352294921875,0,935.9679565429688],[0,1144.2352294921875,504.10003662109375],[0,0,1]],[[0.04764412,-0.11114974,0.99266446,0.1],[0.02842256,0.99353975,0.10988542,-1.69],[-0.99846256,0.02297851,0.05049455,0.32]]]
[[[1144.2352294921875,0,935.9679565429688],[0,1144.2352294921875,504.10003662109375],[0,0,1]],[[-0.02058164,-0.10926227,0.9938035,0.06],[0.02924511,0.99352127,0.10983867,-1.71],[-0.99936295,0.03132437,-0.01725365,0.3]]]
[[[1144.2352294921875,0,935.9679565429688],[0,1144.2352294921875,504.10003662109375],[0,0,1]],[[-0.04304804,-0.11064164,0.99293154,0.01],[0.03060316,0.99323869,0.11200439,-1.73],[-0.99860692,0.03520824,-0.03937161,0.3]]]
[[[1144.2352294921875,0,935.9679565429688],[0,1144.2352294921875,504.10003662109375],[0,0,1]],[[-0.04323139,-0.06134493,0.99718392,-0.02],[0.03422317,0.99743855,0.06284612,-1.77],[-0.99848157,0.03684352,-0.0410219,0.28]]]
[[[1144.2352294921875,0,935.9679565429688],[0,1144.2352294921875,504.10003662109375],[0,0,1]],[[-0.00577812,-0.05427396,0.99851328,-0.06],[0.0355847,0.99788469,0.05444752,-1.76],[-0.99935281,0.03584629,-0.00383535,0.28]]]
[[[1144.2352294921875,0,935.9679565429688],[0,1144.2352294921875,504.10003662109375],[0,0,1]],[[0.03961796,-0.0876626,0.99536616,-0.09],[0.03403515,0.99568683,0.08633809,-1.75],[-0.99863791,0.0304568,0.04242977,0.27]]]
[[[1144.2352294921875,0,935.9679565429688],[0,1144.2352294921875,504.10003662109375],[0,0,1]],[[0.07428011,-0.14649272,0.98642296,-0.14],[0.03844215,0.98883909,0.1439586,-1.72],[-0.99649894,0.02722691,0.0790815,0.26]]]
[[[1144.2352294921875,0,935.9679565429688],[0,1144.2352294921875,504.10003662109375],[0,0,1]],[[0.04608672,-0.13334821,0.99000102,-0.17],[0.02121533,0.99095935,0.13249145,-1.73],[-0.9987148,0.01489712,0.0484981,0.24]]]
[[[1144.2352294921875,0,935.9679565429688],[0,1144.2352294921875,504.10003662109375],[0,0,1]],[[-0.02930647,-0.14003901,0.98971611,-0.22],[-0.01528572,0.99008656,0.13964072,-1.72],[-0.99945605,-0.01103604,-0.03115722,0.22]]]
[[[1144.2352294921875,0,935.9679565429688],[0,1144.2352294921875,504.10003662109375],[0,0,1]],[[-1.3323596e-01,-1.1618496e-01,9.8425442e-01,-2.5000000e-01],[-1.7091920e-02,9.9322850e-01,1.1493246e-01,-1.7300000e+00],[-9.9093938e-01,-1.5096100e-03,-1.3431987e-01,2.0000000e-01]]]
[[[1144.2352294921875,0,935.9679565429688],[0,1144.2352294921875,504.10003662109375],[0,0,1]],[[-0.18686709,-0.14085491,0.97223896,-0.3],[0.00613835,0.98948294,0.14453495,-1.72],[-0.98236841,0.03297666,-0.18403736,0.19]]]
[[[1144.2352294921875,0,935.9679565429688],[0,1144.2352294921875,504.10003662109375],[0,0,1]],[[-0.25248656,-0.12002215,0.96013165,-0.34],[-0.02379686,0.99274921,0.11784352,-1.73],[-0.96730983,0.00690563,-0.25351194,0.17]]]
[[[1144.2352294921875,0,935.9679565429688],[0,1144.2352294921875,504.10003662109375],[0,0,1]],[[-0.25104678,-0.11027393,0.96167713,-0.39],[-0.02493052,0.99389887,0.10746245,-1.77],[-0.96765625,0.00300291,-0.25226423,0.17]]]
[[[1144.2352294921875,0,935.9679565429688],[0,1144.2352294921875,504.10003662109375],[0,0,1]],[[-0.20385802,-0.09099228,0.97476673,-0.43],[-0.02797125,0.9958083,0.08710855,-1.79],[-0.97860312,-0.00950764,-0.20554879,0.17]]]
[[[1144.2352294921875,0,935.9679565429688],[0,1144.2352294921875,504.10003662109375],[0,0,1]],[[-9.78348600e-02,-1.15391430e-01,9.88494040e-01,-4.80000000e-01],[-1.08400300e-02,9.93321960e-01,1.14884030e-01,-1.78000000e+00],[-9.95145738e-01,5.24282455e-04,-9.84328538e-02,1.80000000e-01]]]
[[[1144.2352294921875,0,935.9679565429688],[0,1144.2352294921875,504.10003662109375],[0,0,1]],[[-0.00500999,-0.06465746,0.99789858,-0.5],[0.00530069,0.99789363,0.06468558,-1.79],[-0.99997556,0.00561352,-0.00465762,0.17]]]
[[[1144.2352294921875,0,935.9679565429688],[0,1144.2352294921875,504.10003662109375],[0,0,1]],[[0.16343774,-0.08642938,0.98276401,-0.54],[0.00395212,0.99620634,0.08695617,-1.77],[-0.98654807,-0.01032804,0.16315788,0.17]]]
[[[1144.2352294921875,0,935.9679565429688],[0,1144.2352294921875,504.10003662109375],[0,0,1]],[[0.32726887,-0.10469854,0.93911701,-0.56],[0.02402896,0.99444556,0.10249506,-1.77],[-0.9446286,-0.01097749,0.32796484,0.16]]]
[[[1144.2352294921875,0,935.9679565429688],[0,1144.2352294921875,504.10003662109375],[0,0,1]],[[0.42308369,-0.11159471,0.89919639,-0.58],[0.02116051,0.99333513,0.11332346,-1.77],[-0.90584666,-0.02891783,0.42262292,0.14]]]
[[[1144.2352294921875,0,935.9679565429688],[0,1144.2352294921875,504.10003662109375],[0,0,1]],[[0.50898427,-0.10362776,0.85451955,-0.58],[0.01116183,0.99344009,0.11382832,-1.78],[-0.86070704,-0.04839876,0.50679934,0.07]]]
[[[1144.2352294921875,0,935.9679565429688],[0,1144.2352294921875,504.10003662109375],[0,0,1]],[[0.56981057,-0.12223312,0.81263912,-0.63],[0.0030884,0.98918957,0.14662561,-1.75],[-0.82177418,-0.08103885,0.56402534,0.05]]]
[[[1144.2352294921875,0,935.9679565429688],[0,1144.2352294921875,504.10003662109375],[0,0,1]],[[0.59427214,-0.086473,0.79960644,-0.65],[-0.00274645,0.99398118,0.10953696,-1.76],[-0.80426335,-0.06729072,0.59045494,0.02]]]
[[[1144.2352294921875,0,935.9679565429688],[0,1144.2352294921875,504.10003662109375],[0,0,1]],[[0.61272043,-0.08679011,0.78552443,-0.68],[0.00838059,0.9946112,0.10335687,-1.73],[-0.79025936,-0.05674562,0.61014289,-0.01]]]
[[[1144.2352294921875,0,935.9679565429688],[0,1144.2352294921875,504.10003662109375],[0,0,1]],[[0.64278001,-0.06262013,0.76349199,-0.73],[-0.00375271,0.99638593,0.08488362,-1.74],[-0.76604563,-0.05742653,0.64021885,-0.03]]]
[[[1144.2352294921875,0,935.9679565429688],[0,1144.2352294921875,504.10003662109375],[0,0,1]],[[0.69790381,-0.07067695,0.71270108,-0.76],[0.01304658,0.99621016,0.08601908,-1.75],[-0.71607727,-0.05073456,0.6961776,-0.05]]]
[[[1144.2352294921875,0,935.9679565429688],[0,1144.2352294921875,504.10003662109375],[0,0,1]],[[0.74174565,-0.08364366,0.66545093,-0.8],[0.02635448,0.99506325,0.09570123,-1.74],[-0.67016852,-0.05344816,0.74028468,-0.07]]]
[[[1144.2352294921875,0,935.9679565429688],[0,1144.2352294921875,504.10003662109375],[0,0,1]],[[0.82550406,-0.15385664,0.54302794,-0.9],[0.07139301,0.98286551,0.16994925,-1.69],[-0.55986953,-0.10152496,0.82233977,-0.09]]]
[[[1144.2352294921875,0,935.9679565429688],[0,1144.2352294921875,504.10003662109375],[0,0,1]],[[0.85775667,-0.14610578,0.49286398,-0.93],[0.07636876,0.98433954,0.15889579,-1.71],[-0.50835955,-0.09865402,0.85547763,-0.12]]]
[[[1144.2352294921875,0,935.9679565429688],[0,1144.2352294921875,504.10003662109375],[0,0,1]],[[0.90963668,-0.14878109,0.38785768,-0.97],[0.08835885,0.98159552,0.16931568,-1.72],[-0.40590924,-0.11974455,0.90603709,-0.15]]]
[[[1144.2352294921875,0,935.9679565429688],[0,1144.2352294921875,504.10003662109375],[0,0,1]],[[0.94286704,-0.15121511,0.29689047,-0.98],[0.10475568,0.9804318,0.16668622,-1.71],[-0.31628579,-0.12606147,0.9402532,-0.17]]]
[[[1144.2352294921875,0,935.9679565429688],[0,1144.2352294921875,504.10003662109375],[0,0,1]],[[0.95981151,-0.1411958,0.24255706,-0.96],[0.10542305,0.98232776,0.15467024,-1.72],[-0.26010907,-0.12288263,0.95773035,-0.21]]]
[[[1144.2352294921875,0,935.9679565429688],[0,1144.2352294921875,504.10003662109375],[0,0,1]],[[0.96628094,-0.09528708,0.23922771,-0.96],[0.06211895,0.9878363,0.14256629,-1.72],[-0.2499024,-0.12289802,0.96044225,-0.24]]]
[[[1144.2352294921875,0,935.9679565429688],[0,1144.2352294921875,504.10003662109375],[0,0,1]],[[0.96659011,-0.08537009,0.24171072,-1.05],[0.04284203,0.98345405,0.17603269,-1.72],[-0.25273916,-0.1597954,0.95425004,-0.28]]]
[[[1144.2352294921875,0,935.9679565429688],[0,1144.2352294921875,504.10003662109375],[0,0,1]],[[0.95453125,-0.10193326,0.28015703,-1.11],[0.05619066,0.98440295,0.16672698,-1.73],[-0.29278213,-0.14340326,0.94536698,-0.32]]]
[[[1144.2352294921875,0,935.9679565429688],[0,1144.2352294921875,504.10003662109375],[0,0,1]],[[0.93384981,-0.0968542,0.34431395,-1.14],[0.04391152,0.98640341,0.15838051,-1.72],[-0.35497174,-0.13278368,0.92540157,-0.35]]]
[[[1144.2352294921875,0,935.9679565429688],[0,1144.2352294921875,504.10003662109375],[0,0,1]],[[0.91795588,-0.10790946,0.38173425,-1.15],[0.04119764,0.98302114,0.17881994,-1.72],[-0.39454859,-0.14842165,0.90681142,-0.41]]]
[[[1144.2352294921875,0,935.9679565429688],[0,1144.2352294921875,504.10003662109375],[0,0,1]],[[0.9145779,-0.11185007,0.38864553,-1.17],[0.04671527,0.98378044,0.17319961,-1.74],[-0.40171358,-0.14024824,0.9049648,-0.46]]]
[[[1144.2352294921875,0,935.9679565429688],[0,1144.2352294921875,504.10003662109375],[0,0,1]],[[0.91839951,-0.10060208,0.38266215,-1.24],[0.02715797,0.9808839,0.19270064,-1.75],[-0.39473256,-0.16658309,0.90357125,-0.52]]]
[[[1144.2352294921875,0,935.9679565429688],[0,1144.2352294921875,504.10003662109375],[0,0,1]],[[0.92809856,-0.08494864,0.36252648,-1.26],[0.0197841,0.98350364,0.17981517,-1.74],[-0.37182063,-0.15971325,0.91446477,-0.56]]]
[[[1144.2352294921875,0,935.9679565429688],[0,1144.2352294921875,504.10003662109375],[0,0,1]],[[0.94009203,-0.06297561,0.33506697,-1.3],[-0.00482114,0.98023927,0.19776812,-1.72],[-0.3409,-0.18753487,0.92120737,-0.62]]]
[[[1144.2352294921875,0,935.9679565429688],[0,1144.2352294921875,504.10003662109375],[0,0,1]],[[0.93836296,-0.06208151,0.34004459,-1.31],[-0.0066448,0.98031932,0.19731838,-1.73],[-0.34560174,-0.187415,0.91947842,-0.67]]]
[[[1144.2352294921875,0,935.9679565429688],[0,1144.2352294921875,504.10003662109375],[0,0,1]],[[0.92997903,-0.04320808,0.36507744,-1.35],[-0.02263359,0.9844569,0.17417507,-1.73],[-0.36692828,-0.17024146,0.91454196,-0.74]]]
[[[1144.2352294921875,0,935.9679565429688],[0,1144.2352294921875,504.10003662109375],[0,0,1]],[[9.12646230e-01,-7.44573300e-02,4.01923690e-01,-1.38000000e+00],[2.35363841e-05,9.83281314e-01,1.82106882e-01,-1.74000000e+00],[-4.08762510e-01,-1.66188940e-01,8.97385240e-01,-8.00000000e-01]]]
[[[1144.2352294921875,0,935.9679565429688],[0,1144.2352294921875,504.10003662109375],[0,0,1]],[[0.89052331,-0.10332088,0.44306087,-1.43],[0.02161284,0.98238003,0.1856534,-1.72],[-0.45443517,-0.15575208,0.87706095,-0.85]]]
[[[1144.2352294921875,0,935.9679565429688],[0,1144.2352294921875,504.10003662109375],[0,0,1]],[[0.85119611,-0.11633412,0.5118019,-1.45],[0.02998013,0.98431265,0.17388034,-1.73],[-0.52400023,-0.13266164,0.84132671,-0.9]]]
[[[1144.2352294921875,0,935.9679565429688],[0,1144.2352294921875,504.10003662109375],[0,0,1]],[[0.83019543,-0.1012978,0.54820067,-1.47],[0.01296172,0.98659605,0.1626801,-1.75],[-0.55733061,-0.12794995,0.82037634,-0.95]]]
[[[1144.2352294921875,0,935.9679565429688],[0,1144.2352294921875,504.10003662109375],[0,0,1]],[[0.84673446,-0.0908545,0.52420962,-1.5],[0.01549311,0.98910528,0.14640751,-1.77],[-0.53179932,-0.11584608,0.83891296,-1.01]]]
[[[1144.2352294921875,0,935.9679565429688],[0,1144.2352294921875,504.10003662109375],[0,0,1]],[[0.87600195,-0.09440643,0.47298819,-1.55],[0.01282475,0.98487073,0.17282832,-1.78],[-0.48214751,-0.14533122,0.86395514,-1.08]]]
[[[1144.2352294921875,0,935.9679565429688],[0,1144.2352294921875,504.10003662109375],[0,0,1]],[[0.90018976,-0.10004898,0.42386162,-1.58],[0.02658573,0.98406512,0.17582312,-1.77],[-0.43469769,-0.14700469,0.88850069,-1.14]]]
[[[1144.2352294921875,0,935.9679565429688],[0,1144.2352294921875,504.10003662109375],[0,0,1]],[[0.93301904,-0.08075335,0.35066324,-1.61],[0.01367176,0.98174673,0.18971345,-1.77],[-0.35958222,-0.17221117,0.91708767,-1.22]]]
[[[1144.2352294921875,0,935.9679565429688],[0,1144.2352294921875,504.10003662109375],[0,0,1]],[[0.93902463,-0.07046992,0.33656618,-1.61],[0.00531662,0.98163491,0.19070683,-1.79],[-0.34382403,-0.17728814,0.92214942,-1.28]]]
[[[1144.2352294921875,0,935.9679565429688],[0,1144.2352294921875,504.10003662109375],[0,0,1]],[[0.93084657,-0.05425253,0.36137456,-1.63],[-0.0162685,0.98178577,0.18930535,-1.8],[-0.36506242,-0.1820924,0.91300464,-1.35]]]
[[[1144.2352294921875,0,935.9679565429688],[0,1144.2352294921875,504.10003662109375],[0,0,1]],[[0.91727293,-0.07138651,0.39182228,-1.66],[-0.00452857,0.98187327,0.1894961,-1.81],[-0.39824682,-0.17559317,0.90031785,-1.42]]]
[[[1144.2352294921875,0,935.9679565429688],[0,1144.2352294921875,504.10003662109375],[0,0,1]],[[0.90314078,-0.09403641,0.41893262,-1.7],[0.0176124,0.98301518,0.18269043,-1.8],[-0.42899588,-0.1576159,0.88945246,-1.48]]]
[[[1144.2352294921875,0,935.9679565429688],[0,1144.2352294921875,504.10003662109375],[0,0,1]],[[0.88689858,-0.09739756,0.45159197,-1.73],[0.0251349,0.98625022,0.16335204,-1.8],[-0.46129179,-0.13352522,0.87714714,-1.54]]]
[[[1144.2352294921875,0,935.9679565429688],[0,1144.2352294921875,504.10003662109375],[0,0,1]],[[0.89067483,-0.09977654,0.44356942,-1.77],[0.02953721,0.98626155,0.16254504,-1.81],[-0.45369267,-0.13167222,0.88138044,-1.61]]]
[[[1144.2352294921875,0,935.9679565429688],[0,1144.2352294921875,504.10003662109375],[0,0,1]],[[0.91447824,-0.09357849,0.39367968,-1.83],[0.02452878,0.98392427,0.17690875,-1.81],[-0.40390515,-0.15212183,0.90206748,-1.7]]]
[[[1144.2352294921875,0,935.9679565429688],[0,1144.2352294921875,504.10003662109375],[0,0,1]],[[0.92359167,-0.09485203,0.3714737,-1.86],[0.01840956,0.97876847,0.20415336,-1.83],[-0.38295048,-0.18171468,0.90572339,-1.76]]]
[[[1144.2352294921875,0,935.9679565429688],[0,1144.2352294921875,504.10003662109375],[0,0,1]],[[0.9510591,-0.07121168,0.30071098,-1.87],[0.01179589,0.9807446,0.19495198,-1.85],[-0.30880338,-0.18186273,0.93358064,-1.84]]]
[[[1144.2352294921875,0,935.9679565429688],[0,1144.2352294921875,504.10003662109375],[0,0,1]],[[0.96316773,-0.06449447,0.26107472,-1.88],[0.01447498,0.98184311,0.18915629,-1.85],[-0.26853403,-0.17840926,0.94660771,-1.89]]]
[[[1144.2352294921875,0,935.9679565429688],[0,1144.2352294921875,504.10003662109375],[0,0,1]],[[0.97311401,-0.0233779,0.22913654,-1.67],[-0.0066109,0.99159157,0.12924388,1.],[-0.23023045,-0.12728375,0.96477628,-2.06]]]
[[[1144.2352294921875,0,935.9679565429688],[0,1144.2352294921875,504.10003662109375],[0,0,1]],[[0.97320676,-0.01153186,0.22964247,-1.71],[-0.01350477,0.99415064,0.10715514,1.02],[-0.22953489,-0.10738533,0.96735835,-2.15]]]
[[[1144.2352294921875,0,935.9679565429688],[0,1144.2352294921875,504.10003662109375],[0,0,1]],[[0.96699697,-0.01929379,0.25405663,-1.72],[-0.00910539,0.99387485,0.11013554,1.04],[-0.25462544,-0.10881393,0.96089828,-2.22]]]
[[[1144.2352294921875,0,935.9679565429688],[0,1144.2352294921875,504.10003662109375],[0,0,1]],[[0.96639264,-0.04860637,0.25243527,-1.74],[0.02577013,0.99533349,0.09299605,1.11],[-0.25577685,-0.08336535,0.96313477,-2.31]]]
[[[1144.2352294921875,0,935.9679565429688],[0,1144.2352294921875,504.10003662109375],[0,0,1]],[[0.98128879,-0.0451299,0.18717791,-1.77],[0.03245892,0.99700344,0.07021721,1.11],[-0.18978585,-0.06282772,0.97981316,-2.38]]]
[[[1144.2352294921875,0,935.9679565429688],[0,1144.2352294921875,504.10003662109375],[0,0,1]],[[0.98925251,-0.04352861,0.13958892,-1.78],[0.03369315,0.99683076,0.07206628,1.1],[-0.14228342,-0.06658858,0.98758364,-2.43]]]
[[[1144.2352294921875,0,935.9679565429688],[0,1144.2352294921875,504.10003662109375],[0,0,1]],[[0.99292523,-0.05618162,0.10461186,-1.79],[0.04472094,0.99305212,0.10884811,1.1],[-0.11000026,-0.10339975,0.98853862,-2.51]]]
[[[1144.2352294921875,0,935.9679565429688],[0,1144.2352294921875,504.10003662109375],[0,0,1]],[[0.99724048,-0.04004011,0.06252212,-1.78],[0.03302324,0.99344003,0.10948657,1.19],[-0.06649533,-0.10711967,0.99202013,-2.56]]]
[[[1144.2352294921875,0,935.9679565429688],[0,1144.2352294921875,504.10003662109375],[0,0,1]],[[0.9994421,-0.0125648,0.03094633,-1.78],[0.00930098,0.99459225,0.10343903,1.2],[-0.03207864,-0.1030935,0.99415416,-2.6]]]
[[[1144.2352294921875,0,935.9679565429688],[0,1144.2352294921875,504.10003662109375],[0,0,1]],[[0.99983209,-0.00444068,-0.01778829,-1.77],[0.00651316,0.99296832,0.11820223,1.2],[0.01713832,-0.11829825,0.99283022,-2.68]]]
[[[1144.2352294921875,0,935.9679565429688],[0,1144.2352294921875,504.10003662109375],[0,0,1]],[[0.99957472,0.01219531,-0.02648997,-1.75],[-0.0090812,0.99336481,0.11464688,1.18],[0.02771235,-0.1143576,0.99305308,-2.74]]]
[[[1144.2352294921875,0,935.9679565429688],[0,1144.2352294921875,504.10003662109375],[0,0,1]],[[0.99957895,0.02715334,-0.01023773,-1.75],[-0.02570156,0.99218249,0.12212089,1.18],[0.01347368,-0.1218064,0.99246258,-2.84]]]
[[[1144.2352294921875,0,935.9679565429688],[0,1144.2352294921875,504.10003662109375],[0,0,1]],[[0.99961716,0.02251765,-0.01607714,-1.73],[-0.0207416,0.99444687,0.10317674,1.16],[0.01831114,-0.10280379,0.99453324,-2.87]]]
[[[1144.2352294921875,0,935.9679565429688],[0,1144.2352294921875,504.10003662109375],[0,0,1]],[[0.99983472,0.01163281,-0.013969,-1.72],[-0.00988195,0.99279243,0.11943896,1.2],[0.01525769,-0.11928119,0.99274361,-2.96]]]
[[[1144.2352294921875,0,935.9679565429688],[0,1144.2352294921875,504.10003662109375],[0,0,1]],[[9.9990922e-01,-1.7411100e-03,-1.3343690e-02,-1.7200000e+00],[3.0183200e-03,9.9534863e-01,9.6291120e-02,1.1900000e+00],[1.3113950e-02,-9.6322640e-02,9.9526405e-01,-3.0300000e+00]]]
[[[1144.2352294921875,0,935.9679565429688],[0,1144.2352294921875,504.10003662109375],[0,0,1]],[[9.99173220e-01,3.67837000e-03,-4.04821800e-02,-1.71000000e+00],[-5.45317540e-04,9.97021079e-01,7.71272629e-02,1.18000000e+00],[4.06452700e-02,-7.70413900e-02,9.96199370e-01,-3.09000000e+00]]]
[[[1144.2352294921875,0,935.9679565429688],[0,1144.2352294921875,504.10003662109375],[0,0,1]],[[9.93761301e-01,8.43012705e-04,-1.11523762e-01,-1.69000000e+00],[5.84294000e-03,9.98204950e-01,5.96063400e-02,1.17000000e+00],[1.11373830e-01,-5.98860800e-02,9.91972920e-01,-3.17000000e+00]]]
[[[1144.2352294921875,0,935.9679565429688],[0,1144.2352294921875,504.10003662109375],[0,0,1]],[[0.98640066,0.00486628,-0.16428542,-1.67],[0.00696748,0.99742526,0.07137614,1.19],[0.16420981,-0.07155013,0.98382753,-3.23]]]
[[[1144.2352294921875,0,935.9679565429688],[0,1144.2352294921875,504.10003662109375],[0,0,1]],[[0.98113447,0.01290711,-0.19289373,-1.65],[-0.00395801,0.99890089,0.04670526,1.18],[0.19328469,-0.04506063,0.98010784,-3.32]]]
[[[1144.2352294921875,0,935.9679565429688],[0,1144.2352294921875,504.10003662109375],[0,0,1]],[[0.96959347,0.03777001,-0.24178773,-1.61],[-0.02612193,0.99834669,0.05119985,1.18],[0.24332194,-0.04332706,0.96897781,-3.37]]]
[[[1144.2352294921875,0,935.9679565429688],[0,1144.2352294921875,504.10003662109375],[0,0,1]],[[0.96165228,0.0534763,-0.26900721,-1.57],[-0.03884302,0.99747646,0.05943108,1.18],[0.27150661,-0.04670292,0.96130323,-3.41]]]
[[[1144.2352294921875,0,935.9679565429688],[0,1144.2352294921875,504.10003662109375],[0,0,1]],[[0.95753843,0.06070039,-0.28184354,-1.52],[-0.05027696,0.99776256,0.04407369,1.15],[0.28388819,-0.02803199,0.95844799,-3.47]]]
[[[1144.2352294921875,0,935.9679565429688],[0,1144.2352294921875,504.10003662109375],[0,0,1]],[[0.9588424,0.04223562,-0.28077969,-1.45],[-0.04292012,0.9990716,0.00371204,1.12],[0.28067583,0.00849187,0.95976537,-3.54]]]
[[[1144.2352294921875,0,935.9679565429688],[0,1144.2352294921875,504.10003662109375],[0,0,1]],[[0.96672404,0.02771073,-0.25431594,-1.42],[-0.03023855,0.99952453,-0.00603673,1.13],[0.25402766,0.01352607,0.96710271,-3.61]]]
[[[1144.2352294921875,0,935.9679565429688],[0,1144.2352294921875,504.10003662109375],[0,0,1]],[[0.97567064,0.01518957,-0.21871477,-1.38],[-0.01294309,0.99984801,0.0116985,1.13],[0.21885918,-0.00858295,0.97571915,-3.67]]]
[[[1144.2352294921875,0,935.9679565429688],[0,1144.2352294921875,504.10003662109375],[0,0,1]],[[0.98535675,0.01165988,-0.17010647,-1.39],[-0.01061537,0.99991918,0.00704612,1.13],[0.17017481,-0.00513713,0.98540097,-3.71]]]
[[[1144.2352294921875,0,935.9679565429688],[0,1144.2352294921875,504.10003662109375],[0,0,1]],[[9.8507857e-01,-4.6439200e-03,-1.7204306e-01,-1.3800000e+00],[4.3511500e-03,9.9998862e-01,-2.0816300e-03,1.1200000e+00],[1.7205070e-01,1.3021100e-03,9.8508775e-01,-3.7600000e+00]]]
[[[1144.2352294921875,0,935.9679565429688],[0,1144.2352294921875,504.10003662109375],[0,0,1]],[[9.7811520e-01,-6.2469900e-03,-2.0797077e-01,-1.3700000e+00],[5.7041600e-03,9.9997890e-01,-3.2119500e-03,1.1300000e+00],[2.0798638e-01,1.9554500e-03,9.7813034e-01,-3.8100000e+00]]]
[[[1144.2352294921875,0,935.9679565429688],[0,1144.2352294921875,504.10003662109375],[0,0,1]],[[9.7540301e-01,7.3091500e-03,-2.2030962e-01,-1.3400000e+00],[-1.4660800e-03,9.9964362e-01,2.6671690e-02,1.1100000e+00],[2.2042596e-01,-2.5692510e-02,9.7506601e-01,-3.8900000e+00]]]
[[[1144.2352294921875,0,935.9679565429688],[0,1144.2352294921875,504.10003662109375],[0,0,1]],[[9.67296004e-01,-1.20911747e-04,-2.53651649e-01,-1.35000000e+00],[8.92560000e-03,9.99397400e-01,3.35591100e-02,1.13000000e+00],[2.53494620e-01,-3.47254600e-02,9.66714020e-01,-3.95000000e+00]]]
[[[1144.2352294921875,0,935.9679565429688],[0,1144.2352294921875,504.10003662109375],[0,0,1]],[[9.5689571e-01,9.9966000e-03,-2.9026160e-01,-1.3300000e+00],[1.5134000e-03,9.9922299e-01,3.9400740e-02,1.1300000e+00],[2.9042971e-01,-3.8141550e-02,9.5613676e-01,-4.0200000e+00]]]
[[[1144.2352294921875,0,935.9679565429688],[0,1144.2352294921875,504.10003662109375],[0,0,1]],[[0.95835131,0.020004,-0.28489155,-1.29],[-0.0105428,0.99934244,0.03470363,1.12],[0.2853983,-0.03025459,0.95793211,-4.08]]]
[[[1144.2352294921875,0,935.9679565429688],[0,1144.2352294921875,504.10003662109375],[0,0,1]],[[0.97097898,0.01796089,-0.23849033,-1.25],[-0.01420006,0.99974686,0.01747644,1.11],[0.23874372,-0.01358257,0.97098833,-4.15]]]
[[[1144.2352294921875,0,935.9679565429688],[0,1144.2352294921875,504.10003662109375],[0,0,1]],[[0.98887944,0.02479211,-0.1466383,-1.2],[-0.02030908,0.99928236,0.03198841,1.13],[0.14732599,-0.0286545,0.98867357,-4.23]]]
[[[1144.2352294921875,0,935.9679565429688],[0,1144.2352294921875,504.10003662109375],[0,0,1]],[[0.99678463,-0.0152961,-0.07865469,-1.2],[0.01935283,0.99850798,0.0510706,1.13],[0.07775599,-0.05242845,0.99559367,-4.3]]]
[[[1144.2352294921875,0,935.9679565429688],[0,1144.2352294921875,504.10003662109375],[0,0,1]],[[9.9894536e-01,-5.9759900e-03,4.5528880e-02,-1.1900000e+00],[3.5845900e-03,9.9861848e-01,5.2434310e-02,1.1300000e+00],[-4.5779500e-02,-5.2215640e-02,9.9758679e-01,-4.3700000e+00]]]
[[[1144.2352294921875,0,935.9679565429688],[0,1144.2352294921875,504.10003662109375],[0,0,1]],[[0.99406445,-0.03919347,0.10148891,-1.22],[0.03471031,0.99835831,0.04557304,1.13],[-0.10310862,-0.04177962,0.99379319,-4.41]]]
[[[1144.2352294921875,0,935.9679565429688],[0,1144.2352294921875,504.10003662109375],[0,0,1]],[[0.99419624,-0.03929354,0.10014932,-1.26],[0.03680313,0.9989689,0.02659827,1.12],[-0.10109136,-0.02275784,0.9946177,-4.46]]]
[[[1144.2352294921875,0,935.9679565429688],[0,1144.2352294921875,504.10003662109375],[0,0,1]],[[0.99622566,-0.04631191,0.07341307,-1.3],[0.04318267,0.99811316,0.04365949,1.16],[-0.07529666,-0.04032433,0.99634629,-4.53]]]
[[[1144.2352294921875,0,935.9679565429688],[0,1144.2352294921875,504.10003662109375],[0,0,1]],[[0.99626845,-0.04616765,0.07292135,-1.28],[0.04200571,0.99745488,0.05761766,1.14],[-0.07539599,-0.05433932,0.99567264,-4.56]]]
[[[1144.2352294921875,0,935.9679565429688],[0,1144.2352294921875,504.10003662109375],[0,0,1]],[[0.99912083,-0.03039046,0.02887385,-1.31],[0.0289853,0.99843162,0.04790787,1.15],[-0.03028464,-0.04702865,0.99843514,-4.61]]]
[[[1144.2352294921875,0,935.9679565429688],[0,1144.2352294921875,504.10003662109375],[0,0,1]],[[9.9999034e-01,2.3956700e-03,-3.6076500e-03,-1.3000000e+00],[-2.2264100e-03,9.9893409e-01,4.6117840e-02,1.1600000e+00],[3.7141500e-03,-4.6109200e-02,9.9893022e-01,-4.6600000e+00]]]
[[[1144.2352294921875,0,935.9679565429688],[0,1144.2352294921875,504.10003662109375],[0,0,1]],[[9.9996358e-01,7.9012500e-03,3.1858700e-03,-1.2800000e+00],[-8.1001800e-03,9.9763089e-01,6.8324740e-02,1.1500000e+00],[-2.6386000e-03,-6.8347920e-02,9.9765891e-01,-4.7100000e+00]]]
[[[1144.2352294921875,0,935.9679565429688],[0,1144.2352294921875,504.10003662109375],[0,0,1]],[[0.99856359,0.0214542,0.04909731,-1.25],[-0.02392561,0.99844682,0.05032505,1.14],[-0.04794153,-0.05142725,0.99752617,-4.78]]]
[[[1144.2352294921875,0,935.9679565429688],[0,1144.2352294921875,504.10003662109375],[0,0,1]],[[9.9540573e-01,-1.9320400e-03,9.5726740e-02,-1.2500000e+00],[-4.2244300e-03,9.9793690e-01,6.4072430e-02,1.1400000e+00],[-9.5653180e-02,-6.4182340e-02,9.9334425e-01,-4.8500000e+00]]]
[[[1144.2352294921875,0,935.9679565429688],[0,1144.2352294921875,504.10003662109375],[0,0,1]],[[0.99215466,-0.03186172,0.12088918,-1.28],[0.02372918,0.99739516,0.0681286,1.17],[-0.1227451,-0.06472538,0.9903264,-4.9]]]
[[[1144.2352294921875,0,935.9679565429688],[0,1144.2352294921875,504.10003662109375],[0,0,1]],[[0.98462939,-0.02857045,0.17230499,-1.29],[0.0175974,0.99773866,0.06488074,1.19],[-0.1737691,-0.0608512,0.98290569,-4.94]]]
[[[1144.2352294921875,0,935.9679565429688],[0,1144.2352294921875,504.10003662109375],[0,0,1]],[[0.98116386,-0.04310528,0.18830884,-1.3],[0.0299163,0.99693298,0.07233097,1.2],[-0.19084916,-0.0653349,0.97944385,-4.99]]]
[[[1144.2352294921875,0,935.9679565429688],[0,1144.2352294921875,504.10003662109375],[0,0,1]],[[0.98538953,-0.047393,0.16359207,-1.32],[0.03809557,0.99750131,0.05951412,1.19],[-0.16600388,-0.05241233,0.98473239,-5.02]]]
[[[1144.2352294921875,0,935.9679565429688],[0,1144.2352294921875,504.10003662109375],[0,0,1]],[[0.99197555,-0.04709766,0.11733402,-1.32],[0.03762597,0.99594951,0.08167462,1.23],[-0.12070552,-0.07660429,0.9897294,-5.11]]]
[[[1144.2352294921875,0,935.9679565429688],[0,1144.2352294921875,504.10003662109375],[0,0,1]],[[0.99087691,-0.04407679,0.12736334,-1.31],[0.0356187,0.99705398,0.06794451,1.2],[-0.12998296,-0.06278801,0.98952746,-5.13]]]
[[[1144.2352294921875,0,935.9679565429688],[0,1144.2352294921875,504.10003662109375],[0,0,1]],[[0.99387074,-0.0475277,0.09981632,-1.34],[0.04219374,0.99760133,0.0548922,1.22],[-0.10218587,-0.05034398,0.99349183,-5.17]]]
[[[1144.2352294921875,0,935.9679565429688],[0,1144.2352294921875,504.10003662109375],[0,0,1]],[[0.99779522,-0.03357101,0.05726144,-1.36],[0.03080449,0.99834716,0.04854006,1.24],[-0.05879642,-0.04666896,0.99717987,-5.21]]]
[[[1144.2352294921875,0,935.9679565429688],[0,1144.2352294921875,504.10003662109375],[0,0,1]],[[0.99911976,-0.02901703,0.03031984,-1.34],[0.0272182,0.99793738,0.05815971,1.25],[-0.03194499,-0.0572831,0.99784815,-5.26]]]
[[[1144.2352294921875,0,935.9679565429688],[0,1144.2352294921875,504.10003662109375],[0,0,1]],[[0.99831623,-0.01398833,0.05630684,-1.31],[0.01117693,0.99869055,0.04994704,1.24],[-0.05693185,-0.04923344,0.99716473,-5.3]]]
[[[1144.2352294921875,0,935.9679565429688],[0,1144.2352294921875,504.10003662109375],[0,0,1]],[[9.9578804e-01,-7.0467500e-03,9.1422950e-02,-1.3100000e+00],[1.1656400e-03,9.9793583e-01,6.4228280e-02,1.2600000e+00],[-9.1686860e-02,-6.3851010e-02,9.9374008e-01,-5.3600000e+00]]]
[[[1144.2352294921875,0,935.9679565429688],[0,1144.2352294921875,504.10003662109375],[0,0,1]],[[0.99246049,-0.02250202,0.12048852,-1.34],[0.01567211,0.99823302,0.05733979,1.27],[-0.12156586,-0.05501898,0.99105877,-5.4]]]
[[[1144.2352294921875,0,935.9679565429688],[0,1144.2352294921875,504.10003662109375],[0,0,1]],[[0.98182386,-0.02546763,0.18808244,-1.32],[0.01490672,0.99824399,0.05735594,1.28],[-0.18921281,-0.05350955,0.98047864,-5.45]]]
[[[1144.2352294921875,0,935.9679565429688],[0,1144.2352294921875,504.10003662109375],[0,0,1]],[[0.97536719,-0.04731128,0.21545799,-1.37],[0.03575306,0.99772179,0.0572345,1.28],[-0.21767488,-0.0481212,0.97483581,-5.47]]]
[[[1144.2352294921875,0,935.9679565429688],[0,1144.2352294921875,504.10003662109375],[0,0,1]],[[0.97147769,-0.06092599,0.22917354,-1.37],[0.04688856,0.99670458,0.06621383,1.28],[-0.23245239,-0.05357942,0.97113228,-5.53]]]
[[[1144.2352294921875,0,935.9679565429688],[0,1144.2352294921875,504.10003662109375],[0,0,1]],[[0.97610128,-0.05616994,0.20993565,-1.38],[0.04444587,0.99720049,0.06015849,1.27],[-0.21272686,-0.04938985,0.97586405,-5.56]]]
[[[1144.2352294921875,0,935.9679565429688],[0,1144.2352294921875,504.10003662109375],[0,0,1]],[[0.98552299,-0.08199182,0.14840418,-1.42],[0.06915872,0.99356925,0.08966991,1.28],[-0.15480193,-0.07810809,0.98485452,-5.61]]]
[[[1144.2352294921875,0,935.9679565429688],[0,1144.2352294921875,504.10003662109375],[0,0,1]],[[0.9895696,-0.08122224,0.11898373,-1.43],[0.07087567,0.99353033,0.0887568,1.29],[-0.12542285,-0.07939775,0.98892272,-5.64]]]
[[[1144.2352294921875,0,935.9679565429688],[0,1144.2352294921875,504.10003662109375],[0,0,1]],[[0.99634355,-0.06982879,0.04925181,-1.43],[0.06488796,0.9933008,0.09564105,1.3],[-0.0556003,-0.09209526,0.99419838,-5.67]]]
[[[1144.2352294921875,0,935.9679565429688],[0,1144.2352294921875,504.10003662109375],[0,0,1]],[[9.9791425e-01,-6.4541850e-02,1.9527900e-03,-1.4300000e+00],[6.4108770e-02,9.9392223e-01,8.9513420e-02,1.3000000e+00],[-7.7183100e-03,-8.9201290e-02,9.9598539e-01,-5.7000000e+00]]]
[[[1144.2352294921875,0,935.9679565429688],[0,1144.2352294921875,504.10003662109375],[0,0,1]],[[0.99864995,-0.0501332,-0.01369267,-1.4],[0.05102159,0.99588931,0.07487081,1.29],[0.00988279,-0.07546821,0.99710095,-5.74]]]
[[[1144.2352294921875,0,935.9679565429688],[0,1144.2352294921875,504.10003662109375],[0,0,1]],[[0.99906236,-0.04293821,0.00577287,-1.4],[0.04265615,0.99819195,0.0423989,1.29],[-0.00758301,-0.04211284,0.9990859,-5.75]]]
