[[[1145.7655029296875,0,984.3427734375],[0,1145.7655029296875,575.9391479492188],[0,0,1]],[[9.99835551e-01,1.81359183e-02,1.05330604e-04,1.00000000e-02],[-1.80919700e-02,9.96973750e-01,7.56046600e-02,-0.00000000e+00],[1.26615000e-03,-7.55941300e-02,9.97137840e-01,0.00000000e+00]]]
[[[1145.7655029296875,0,984.3427734375],[0,1145.7655029296875,575.9391479492188],[0,0,1]],[[0.99981236,0.0119664,-0.01523459,0.01],[-0.01070212,0.99669522,0.08052365,-0.],[0.01614782,-0.0803455,0.99663627,-0.]]]
[[[1145.7655029296875,0,984.3427734375],[0,1145.7655029296875,575.9391479492188],[0,0,1]],[[0.99954408,0.01171521,-0.02782803,0.01],[-0.0095144,0.99691248,0.07794204,-0.],[0.02865522,-0.07764173,0.99656945,-0.]]]
[[[1145.7655029296875,0,984.3427734375],[0,1145.7655029296875,575.9391479492188],[0,0,1]],[[0.99924183,0.01847833,-0.03426877,0.],[-0.01560773,0.99649191,0.08222082,-0.],[0.03566785,-0.08162362,0.99602479,-0.]]]
[[[1145.7655029296875,0,984.3427734375],[0,1145.7655029296875,575.9391479492188],[0,0,1]],[[0.99932063,0.01195781,-0.03486026,0.],[-0.00909501,0.99666011,0.08115374,-0.],[0.03571426,-0.08078156,0.99609178,-0.]]]
[[[1145.7655029296875,0,984.3427734375],[0,1145.7655029296875,575.9391479492188],[0,0,1]],[[0.99948156,0.01134543,-0.03013073,0.],[-0.00890558,0.99676234,0.07990956,-0.],[0.03093979,-0.07959979,0.99634665,-0.]]]
[[[1145.7655029296875,0,984.3427734375],[0,1145.7655029296875,575.9391479492188],[0,0,1]],[[0.99943215,0.00664805,-0.03303291,-0.],[-0.00401309,0.99685043,0.07920276,-0.],[0.03345542,-0.07902522,0.99631107,-0.]]]
[[[1145.7655029296875,0,984.3427734375],[0,1145.7655029296875,575.9391479492188],[0,0,1]],[[0.99925828,0.00788991,-0.03769163,0.],[-0.00480633,0.99668533,0.08121148,-0.],[0.03820744,-0.08097009,0.99598396,-0.]]]
[[[1145.7655029296875,0,984.3427734375],[0,1145.7655029296875,575.9391479492188],[0,0,1]],[[0.99850994,0.00859738,-0.05388869,0.],[-0.00382995,0.99611712,0.08795459,-0.01],[0.05443563,-0.08761714,0.9946658,-0.]]]
[[[1145.7655029296875,0,984.3427734375],[0,1145.7655029296875,575.9391479492188],[0,0,1]],[[0.99743998,0.00446283,-0.07136956,0.01],[0.00254087,0.99520856,0.09774206,-0.01],[0.07146379,-0.09767317,0.99264944,-0.]]]
[[[1145.7655029296875,0,984.3427734375],[0,1145.7655029296875,575.9391479492188],[0,0,1]],[[0.99700123,0.01230178,-0.07640182,0.01],[-0.00449288,0.99482024,0.10155055,-0.01],[0.07725533,-0.10090275,0.99189228,-0.01]]]
[[[1145.7655029296875,0,984.3427734375],[0,1145.7655029296875,575.9391479492188],[0,0,1]],[[0.99744493,0.02072606,-0.06836731,-0.01],[-0.01321462,0.99400371,0.10854493,-0.],[0.07020707,-0.10736413,0.99173784,-0.]]]
[[[1145.7655029296875,0,984.3427734375],[0,1145.7655029296875,575.9391479492188],[0,0,1]],[[0.99869001,0.02466786,-0.04483017,0.],[-0.01957884,0.9936713,0.11060735,0.],[0.0472749,-0.10958473,0.99285257,-0.]]]
[[[1145.7655029296875,0,984.3427734375],[0,1145.7655029296875,575.9391479492188],[0,0,1]],[[0.99919271,0.01906217,-0.03536377,-0.],[-0.0151229,0.99398208,0.10849417,0.],[0.03721908,-0.10787178,0.99346787,-0.]]]
[[[1145.7655029296875,0,984.3427734375],[0,1145.7655029296875,575.9391479492188],[0,0,1]],[[0.99970686,0.01852212,-0.01559275,-0.01],[-0.01673137,0.9940058,0.10803935,0.],[0.0175004,-0.10774679,0.99402434,-0.]]]
[[[1145.7655029296875,0,984.3427734375],[0,1145.7655029296875,575.9391479492188],[0,0,1]],[[0.99991542,0.01260378,0.00321744,-0.01],[-0.01287206,0.99438429,0.10504372,0.01],[-0.00187542,-0.10507625,0.99446237,0.]]]
[[[1145.7655029296875,0,984.3427734375],[0,1145.7655029296875,575.9391479492188],[0,0,1]],[[0.99985546,0.0116093,0.01242019,-0.01],[-0.01282317,0.99464065,0.10259398,0.],[-0.01116258,-0.10273842,0.99464577,0.]]]
[[[1145.7655029296875,0,984.3427734375],[0,1145.7655029296875,575.9391479492188],[0,0,1]],[[0.99986702,0.0063072,0.01503944,-0.02],[-0.00788275,0.99421519,0.1071169,0.],[-0.01427684,-0.10722121,0.9941327,0.01]]]
[[[1145.7655029296875,0,984.3427734375],[0,1145.7655029296875,575.9391479492188],[0,0,1]],[[0.99960893,0.01049206,0.02592187,-0.02],[-0.01326625,0.99392235,0.10928087,0.],[-0.02461774,-0.10958202,0.99367285,0.01]]]
[[[1145.7655029296875,0,984.3427734375],[0,1145.7655029296875,575.9391479492188],[0,0,1]],[[0.99923903,0.01436384,0.0362631,-0.02],[-0.01817191,0.99409622,0.10696948,0.01],[-0.03451252,-0.10754705,0.99360079,0.01]]]
[[[1145.7655029296875,0,984.3427734375],[0,1145.7655029296875,575.9391479492188],[0,0,1]],[[0.99864733,0.01774615,0.04887316,-0.02],[-0.02261958,0.99462503,0.10104152,0.01],[-0.04681737,-0.10201033,0.99368107,0.01]]]
[[[1145.7655029296875,0,984.3427734375],[0,1145.7655029296875,575.9391479492188],[0,0,1]],[[0.99796373,0.01828595,0.06110695,-0.02],[-0.02400921,0.99525625,0.09427917,0.01],[-0.05909309,-0.09555432,0.99366868,0.01]]]
[[[1145.7655029296875,0,984.3427734375],[0,1145.7655029296875,575.9391479492188],[0,0,1]],[[0.99736023,0.02214937,0.06915174,-0.02],[-0.02831998,0.99557799,0.08956829,0.01],[-0.06686208,-0.09129023,0.99357712,0.01]]]
[[[1145.7655029296875,0,984.3427734375],[0,1145.7655029296875,575.9391479492188],[0,0,1]],[[0.99699074,0.0239714,0.07372163,-0.02],[-0.03038243,0.99573535,0.08710915,0.01],[-0.0713191,-0.08908686,0.99346721,0.01]]]
[[[1145.7655029296875,0,984.3427734375],[0,1145.7655029296875,575.9391479492188],[0,0,1]],[[0.99681032,0.02276311,0.07649177,-0.02],[-0.0293017,0.99590921,0.0854765,0.02],[-0.07423314,-0.0874452,0.99339962,0.01]]]
[[[1145.7655029296875,0,984.3427734375],[0,1145.7655029296875,575.9391479492188],[0,0,1]],[[0.99640888,0.02529299,0.08080578,-0.02],[-0.03234372,0.99566793,0.08717384,0.02],[-0.07825084,-0.08947436,0.99291044,0.01]]]
[[[1145.7655029296875,0,984.3427734375],[0,1145.7655029296875,575.9391479492188],[0,0,1]],[[0.99702275,0.02353762,0.07342774,-0.01],[-0.0296018,0.99614108,0.0826238,0.02],[-0.07119962,-0.0845514,0.99387205,0.01]]]
[[[1145.7655029296875,0,984.3427734375],[0,1145.7655029296875,575.9391479492188],[0,0,1]],[[0.99848908,0.00789236,0.05438022,-0.01],[-0.01173456,0.99742848,0.07070149,0.02],[-0.05368238,-0.07123279,0.99601412,0.01]]]
[[[1145.7655029296875,0,984.3427734375],[0,1145.7655029296875,575.9391479492188],[0,0,1]],[[0.99891984,-0.00399118,0.04629446,-0.02],[0.00109813,0.99805373,0.06235028,0.02],[-0.04645321,-0.0622321,0.99698007,0.01]]]
[[[1145.7655029296875,0,984.3427734375],[0,1145.7655029296875,575.9391479492188],[0,0,1]],[[9.98738650e-01,-4.02864000e-03,5.00490200e-02,-2.00000000e-02],[9.34230513e-04,9.98094440e-01,6.16977811e-02,2.00000000e-02],[-5.02022100e-02,-6.15732000e-02,9.96839230e-01,1.00000000e-02]]]
[[[1145.7655029296875,0,984.3427734375],[0,1145.7655029296875,575.9391479492188],[0,0,1]],[[0.99897635,-0.00750398,0.04460899,-0.02],[0.00453865,0.99779558,0.06620716,0.02],[-0.04500747,-0.06593693,0.99680823,0.01]]]
[[[1145.7655029296875,0,984.3427734375],[0,1145.7655029296875,575.9391479492188],[0,0,1]],[[0.99910408,-0.01100177,0.04086559,-0.02],[0.0080043,0.99731427,0.07280186,0.02],[-0.04155678,-0.07240954,0.99650884,0.01]]]
[[[1145.7655029296875,0,984.3427734375],[0,1145.7655029296875,575.9391479492188],[0,0,1]],[[0.99957377,-0.0111259,0.02698986,-0.01],[0.0090545,0.99709022,0.07569054,0.02],[-0.02775345,-0.0754139,0.99676603,0.01]]]
[[[1145.7655029296875,0,984.3427734375],[0,1145.7655029296875,575.9391479492188],[0,0,1]],[[0.9998275,-0.01475714,0.0112801,-0.01],[0.01389011,0.99720448,0.07341862,0.02],[-0.01233201,-0.07324927,0.99723744,0.01]]]
[[[1145.7655029296875,0,984.3427734375],[0,1145.7655029296875,575.9391479492188],[0,0,1]],[[0.99983853,-0.01596149,0.00825795,-0.01],[0.0153213,0.99725008,0.07250894,0.02],[-0.00939259,-0.0723707,0.99733359,0.]]]
[[[1145.7655029296875,0,984.3427734375],[0,1145.7655029296875,575.9391479492188],[0,0,1]],[[0.99986333,-0.01602148,-0.0040797,-0.01],[0.01628095,0.99708909,0.07448715,0.01],[0.00287443,-0.07454339,0.9972136,0.]]]
[[[1145.7655029296875,0,984.3427734375],[0,1145.7655029296875,575.9391479492188],[0,0,1]],[[9.99839250e-01,-1.77894200e-02,-2.24336000e-03,-0.00000000e+00],[1.79081800e-02,9.96973450e-01,7.56523200e-02,1.00000000e-02],[8.90762371e-04,-7.56803304e-02,9.97131705e-01,0.00000000e+00]]]
[[[1145.7655029296875,0,984.3427734375],[0,1145.7655029296875,575.9391479492188],[0,0,1]],[[0.99973363,-0.02289351,-0.00292495,-0.01],[0.02304657,0.99703127,0.07346793,0.02],[0.00123432,-0.07351577,0.99729329,0.]]]
[[[1145.7655029296875,0,984.3427734375],[0,1145.7655029296875,575.9391479492188],[0,0,1]],[[0.99971431,-0.02149007,0.01046393,-0.02],[0.02069458,0.99726391,0.07096793,0.02],[-0.0119604,-0.0707311,0.99742371,0.]]]
[[[1145.7655029296875,0,984.3427734375],[0,1145.7655029296875,575.9391479492188],[0,0,1]],[[0.99963379,-0.01507002,0.02247504,-0.02],[0.01336539,0.99715704,0.07415693,0.02],[-0.02352869,-0.07382939,0.9969933,0.]]]
[[[1145.7655029296875,0,984.3427734375],[0,1145.7655029296875,575.9391479492188],[0,0,1]],[[0.99952865,-0.01522066,0.02666129,-0.02],[0.01304701,0.99671865,0.07988573,0.02],[-0.02778972,-0.07950022,0.99644738,0.01]]]
[[[1145.7655029296875,0,984.3427734375],[0,1145.7655029296875,575.9391479492188],[0,0,1]],[[0.99924314,-0.01428359,0.03618265,-0.02],[0.0110764,0.99611717,0.08733781,0.02],[-0.03728965,-0.08687092,0.99552143,0.01]]]
[[[1145.7655029296875,0,984.3427734375],[0,1145.7655029296875,575.9391479492188],[0,0,1]],[[0.99876463,-0.01613671,0.04699828,-0.02],[0.01199451,0.99612558,0.08712015,0.02],[-0.04822202,-0.08644881,0.99508858,0.01]]]
[[[1145.7655029296875,0,984.3427734375],[0,1145.7655029296875,575.9391479492188],[0,0,1]],[[0.99801642,-0.01462086,0.06123323,-0.03],[0.00957568,0.99659538,0.08189015,0.02],[-0.06222206,-0.08114137,0.99475849,0.01]]]
[[[1145.7655029296875,0,984.3427734375],[0,1145.7655029296875,575.9391479492188],[0,0,1]],[[0.99673533,-0.01167105,0.07989064,-0.03],[0.00541394,0.99693131,0.07809383,0.02],[-0.08055691,-0.07740635,0.99373984,0.01]]]
[[[1145.7655029296875,0,984.3427734375],[0,1145.7655029296875,575.9391479492188],[0,0,1]],[[0.99545097,-0.01251093,0.09445024,-0.03],[0.0049652,0.99680597,0.07970718,0.02],[-0.09514576,-0.07887562,0.99233359,0.02]]]
[[[1145.7655029296875,0,984.3427734375],[0,1145.7655029296875,575.9391479492188],[0,0,1]],[[0.99348474,-0.01345557,0.11316808,-0.03],[0.00484479,0.99709439,0.07602187,0.03],[-0.11386218,-0.0749783,0.99066323,0.02]]]
[[[1145.7655029296875,0,984.3427734375],[0,1145.7655029296875,575.9391479492188],[0,0,1]],[[0.99122727,-0.00765247,0.13194683,-0.04],[-0.00194608,0.99736917,0.07246363,0.03],[-0.13215423,-0.07208471,0.98860461,0.02]]]
[[[1145.7655029296875,0,984.3427734375],[0,1145.7655029296875,575.9391479492188],[0,0,1]],[[9.87199843e-01,-3.77096236e-04,1.59487575e-01,-4.00000000e-02],[-1.09166700e-02,9.97492130e-01,6.99307500e-02,3.00000000e-02],[-1.59113970e-01,-7.07767000e-02,9.84719990e-01,3.00000000e-02]]]
[[[1145.7655029296875,0,984.3427734375],[0,1145.7655029296875,575.9391479492188],[0,0,1]],[[0.98316395,0.00796783,0.18255173,-0.04],[-0.02110488,0.99731427,0.07013424,0.03],[-0.18150263,-0.07280619,0.98069161,0.03]]]
[[[1145.7655029296875,0,984.3427734375],[0,1145.7655029296875,575.9391479492188],[0,0,1]],[[0.97644156,0.01255367,0.21541658,-0.04],[-0.02789683,0.99727243,0.06833362,0.03],[-0.21397117,-0.07273322,0.97412843,0.04]]]
[[[1145.7655029296875,0,984.3427734375],[0,1145.7655029296875,575.9391479492188],[0,0,1]],[[0.97144389,0.0181591,0.23657347,-0.04],[-0.03531054,0.99702841,0.06846529,0.04],[-0.2346272,-0.07486373,0.96919841,0.04]]]
[[[1145.7655029296875,0,984.3427734375],[0,1145.7655029296875,575.9391479492188],[0,0,1]],[[0.96671444,0.0281899,0.25429997,-0.04],[-0.0466549,0.99667007,0.06687354,0.04],[-0.25156799,-0.07651195,0.96481061,0.04]]]
[[[1145.7655029296875,0,984.3427734375],[0,1145.7655029296875,575.9391479492188],[0,0,1]],[[0.96031505,0.02295728,0.27797112,-0.04],[-0.04216641,0.99710184,0.06332419,0.04],[-0.27571175,-0.07253221,0.95849991,0.05]]]
[[[1145.7655029296875,0,984.3427734375],[0,1145.7655029296875,575.9391479492188],[0,0,1]],[[0.95694888,0.0181819,0.28968659,-0.04],[-0.03868725,0.99712098,0.06521589,0.04],[-0.28766683,-0.07361545,0.95489717,0.05]]]
[[[1145.7655029296875,0,984.3427734375],[0,1145.7655029296875,575.9391479492188],[0,0,1]],[[0.95634913,0.01170855,0.29199177,-0.04],[-0.03084597,0.99765956,0.06102354,0.04],[-0.29059392,-0.06736658,0.95447206,0.05]]]
[[[1145.7655029296875,0,984.3427734375],[0,1145.7655029296875,575.9391479492188],[0,0,1]],[[0.9507969,0.0121722,0.30957571,-0.04],[-0.03361844,0.99738115,0.06403597,0.04],[-0.30798551,-0.07129265,0.9487161,0.06]]]
[[[1145.7655029296875,0,984.3427734375],[0,1145.7655029296875,575.9391479492188],[0,0,1]],[[0.94499892,0.01053186,0.32690382,-0.04],[-0.03488339,0.99702609,0.06871816,0.04],[-0.32520789,-0.0763421,0.94255596,0.06]]]
[[[1145.7655029296875,0,984.3427734375],[0,1145.7655029296875,575.9391479492188],[0,0,1]],[[0.94173294,0.00749518,0.33627802,-0.05],[-0.03586036,0.99629098,0.07821952,0.03],[-0.33444452,-0.08572094,0.93850881,0.06]]]
[[[1145.7655029296875,0,984.3427734375],[0,1145.7655029296875,575.9391479492188],[0,0,1]],[[0.93243349,0.00544218,0.36130074,-0.05],[-0.03582903,0.99635154,0.07745864,0.04],[-0.359561,-0.08517008,0.92922652,0.06]]]
[[[1145.7655029296875,0,984.3427734375],[0,1145.7655029296875,575.9391479492188],[0,0,1]],[[0.92576951,0.00150374,0.37808532,-0.05],[-0.03356583,0.99637043,0.07822559,0.04],[-0.37659544,-0.08510961,0.9224599,0.07]]]
[[[1145.7655029296875,0,984.3427734375],[0,1145.7655029296875,575.9391479492188],[0,0,1]],[[0.92421031,-0.00559682,0.38184291,-0.05],[-0.02729774,0.99636656,0.08067539,0.03],[-0.38090706,-0.08498447,0.92069942,0.07]]]
[[[1145.7655029296875,0,984.3427734375],[0,1145.7655029296875,575.9391479492188],[0,0,1]],[[0.92171878,-0.00639656,0.38780618,-0.06],[-0.02997405,0.99569905,0.08766413,0.03],[-0.38669896,-0.09242579,0.91756272,0.07]]]
[[[1145.7655029296875,0,984.3427734375],[0,1145.7655029296875,575.9391479492188],[0,0,1]],[[0.9107489,-0.00219712,0.41295475,-0.06],[-0.03626123,0.99569786,0.08526974,0.03],[-0.41136551,-0.09263357,0.90675104,0.07]]]
[[[1145.7655029296875,0,984.3427734375],[0,1145.7655029296875,575.9391479492188],[0,0,1]],[[0.9066878,-0.00620977,0.42175665,-0.06],[-0.0341229,0.99553454,0.08801489,0.03],[-0.42041984,-0.09419358,0.90242714,0.08]]]
[[[1145.7655029296875,0,984.3427734375],[0,1145.7655029296875,575.9391479492188],[0,0,1]],[[0.90394038,-0.01567915,0.42737097,-0.06],[-0.02495749,0.99569046,0.0893174,0.04],[-0.42692959,-0.09140372,0.89965355,0.08]]]
[[[1145.7655029296875,0,984.3427734375],[0,1145.7655029296875,575.9391479492188],[0,0,1]],[[0.89630681,-0.01961012,0.44300058,-0.07],[-0.02186528,0.99585193,0.08832218,0.04],[-0.44289503,-0.0888501,0.89216012,0.08]]]
[[[1145.7655029296875,0,984.3427734375],[0,1145.7655029296875,575.9391479492188],[0,0,1]],[[0.88122797,-0.01934026,0.47229573,-0.07],[-0.0231997,0.99618888,0.08408034,0.04],[-0.47212186,-0.08505106,0.87742078,0.08]]]
[[[1145.7655029296875,0,984.3427734375],[0,1145.7655029296875,575.9391479492188],[0,0,1]],[[0.86997533,-0.02490906,0.49246567,-0.07],[-0.02002816,0.99611408,0.08576491,0.04],[-0.4926883,-0.08447655,0.86609578,0.08]]]
[[[1145.7655029296875,0,984.3427734375],[0,1145.7655029296875,575.9391479492188],[0,0,1]],[[0.86533767,-0.02387247,0.50062042,-0.07],[-0.02221865,0.99605572,0.08590331,0.04],[-0.5006966,-0.08545848,0.86139411,0.08]]]
[[[1145.7655029296875,0,984.3427734375],[0,1145.7655029296875,575.9391479492188],[0,0,1]],[[0.85993481,-0.019728,0.51002252,-0.07],[-0.02973249,0.99561965,0.08864234,0.04],[-0.50953722,-0.09139088,0.8555814,0.09]]]
[[[1145.7655029296875,0,984.3427734375],[0,1145.7655029296875,575.9391479492188],[0,0,1]],[[0.84467393,-0.01999834,0.53490752,-0.08],[-0.03337086,0.99539065,0.08991022,0.04],[-0.53423995,-0.09379514,0.84011316,0.09]]]
[[[1145.7655029296875,0,984.3427734375],[0,1145.7655029296875,575.9391479492188],[0,0,1]],[[0.83980626,-0.0221776,0.54243302,-0.08],[-0.02880589,0.99593735,0.08531719,0.04],[-0.54212141,-0.08727518,0.83575559,0.09]]]
[[[1145.7655029296875,0,984.3427734375],[0,1145.7655029296875,575.9391479492188],[0,0,1]],[[0.83575457,-0.01148668,0.54898304,-0.08],[-0.03894866,0.99602282,0.08013455,0.04],[-0.54772013,-0.08835497,0.83198321,0.09]]]
[[[1145.7655029296875,0,984.3427734375],[0,1145.7655029296875,575.9391479492188],[0,0,1]],[[0.82464385,-0.00353319,0.56564128,-0.08],[-0.0471753,0.99606717,0.07499826,0.04],[-0.56368172,-0.08853115,0.82123393,0.1]]]
[[[1145.7655029296875,0,984.3427734375],[0,1145.7655029296875,575.9391479492188],[0,0,1]],[[8.06062102e-01,-2.70018354e-04,5.91830969e-01,-8.00000000e-02],[-4.79154700e-02,9.96687350e-01,6.57146600e-02,4.00000000e-02],[-5.89888220e-01,-8.13279400e-02,8.03378940e-01,1.10000000e-01]]]
[[[1145.7655029296875,0,984.3427734375],[0,1145.7655029296875,575.9391479492188],[0,0,1]],[[0.77844363,0.00854028,0.6276564,-0.09],[-0.05782331,0.99663162,0.05815391,0.04],[-0.6250456,-0.08156271,0.77631533,0.12]]]
[[[1145.7655029296875,0,984.3427734375],[0,1145.7655029296875,575.9391479492188],[0,0,1]],[[0.74411047,0.00815344,0.6680069,-0.08],[-0.06637916,0.99587965,0.06178617,0.05],[-0.6647507,-0.09031747,0.74158567,0.12]]]
[[[1145.7655029296875,0,984.3427734375],[0,1145.7655029296875,575.9391479492188],[0,0,1]],[[0.73509228,0.01079965,0.677881,-0.08],[-0.06717871,0.99611264,0.05697887,0.05],[-0.67463052,-0.08742391,0.73296022,0.12]]]
[[[1145.7655029296875,0,984.3427734375],[0,1145.7655029296875,575.9391479492188],[0,0,1]],[[0.72152066,0.01703732,0.69218326,-0.08],[-0.0719398,0.99613124,0.05047022,0.05],[-0.68864548,-0.08621083,0.71995497,0.12]]]
[[[1145.7655029296875,0,984.3427734375],[0,1145.7655029296875,575.9391479492188],[0,0,1]],[[0.70531052,0.02616557,0.70841545,-0.08],[-0.08476407,0.99526191,0.04763221,0.05],[-0.70381254,-0.09364367,0.70418656,0.13]]]
[[[1145.7655029296875,0,984.3427734375],[0,1145.7655029296875,575.9391479492188],[0,0,1]],[[0.69030952,0.03420782,0.72270495,-0.08],[-0.09824137,0.99406224,0.0467857,0.05],[-0.71681327,-0.10329615,0.68957126,0.13]]]
[[[1145.7655029296875,0,984.3427734375],[0,1145.7655029296875,575.9391479492188],[0,0,1]],[[0.67484939,0.03777289,0.73698813,-0.08],[-0.10858063,0.99290204,0.04853645,0.05],[-0.72992367,-0.11277743,0.67416072,0.13]]]
[[[1145.7655029296875,0,984.3427734375],[0,1145.7655029296875,575.9391479492188],[0,0,1]],[[0.67041862,0.03100213,0.74133509,-0.08],[-0.10422722,0.993155,0.05272372,0.06],[-0.73462611,-0.11261426,0.66906089,0.13]]]
[[[1145.7655029296875,0,984.3427734375],[0,1145.7655029296875,575.9391479492188],[0,0,1]],[[0.67204916,0.02169969,0.74018854,-0.08],[-0.09830131,0.99333841,0.06013088,0.06],[-0.73395282,-0.1131724,0.66970539,0.14]]]
[[[1145.7655029296875,0,984.3427734375],[0,1145.7655029296875,575.9391479492188],[0,0,1]],[[0.66473514,0.01539554,0.74692053,-0.08],[-0.09296741,0.99372095,0.0622554,0.06],[-0.74127215,-0.11082261,0.66199249,0.14]]]
[[[1145.7655029296875,0,984.3427734375],[0,1145.7655029296875,575.9391479492188],[0,0,1]],[[0.6469903,0.01487179,0.76235318,-0.08],[-0.0867344,0.9947558,0.05420391,0.06],[-0.75754917,-0.10119165,0.64488727,0.14]]]
[[[1145.7655029296875,0,984.3427734375],[0,1145.7655029296875,575.9391479492188],[0,0,1]],[[0.63046765,0.01522305,0.7760663,-0.08],[-0.08583215,0.99504358,0.05021065,0.06],[-0.77145541,-0.09826762,0.62864935,0.15]]]
[[[1145.7655029296875,0,984.3427734375],[0,1145.7655029296875,575.9391479492188],[0,0,1]],[[0.63205624,0.01375724,0.77480042,-0.08],[-0.08438449,0.99511862,0.05116887,0.06],[-0.77031434,-0.09772273,0.63013184,0.15]]]
[[[1145.7655029296875,0,984.3427734375],[0,1145.7655029296875,575.9391479492188],[0,0,1]],[[0.64117813,0.0115393,0.76730531,-0.08],[-0.07555165,0.99597847,0.04815444,0.06],[-0.76366395,-0.08884676,0.63947141,0.14]]]
[[[1145.7655029296875,0,984.3427734375],[0,1145.7655029296875,575.9391479492188],[0,0,1]],[[0.65388834,0.00798151,0.756549,-0.08],[-0.06072311,0.99727219,0.04196212,0.06],[-0.75415039,-0.07337855,0.65258932,0.14]]]
[[[1145.7655029296875,0,984.3427734375],[0,1145.7655029296875,575.9391479492188],[0,0,1]],[[0.66367185,0.00498943,0.74800718,-0.07],[-0.05122291,0.99793357,0.03879119,0.06],[-0.74626791,-0.06405973,0.66255605,0.14]]]
[[[1145.7655029296875,0,984.3427734375],[0,1145.7655029296875,575.9391479492188],[0,0,1]],[[0.687603,-0.00623254,0.72606015,-0.07],[-0.03166578,0.99875438,0.0385619,0.06],[-0.72539604,-0.04950655,0.68654913,0.14]]]
[[[1145.7655029296875,0,984.3427734375],[0,1145.7655029296875,575.9391479492188],[0,0,1]],[[0.71367621,-0.00508317,0.70045727,-0.07],[-0.02311254,0.99925828,0.03080026,0.06],[-0.70009428,-0.03817076,0.71302944,0.14]]]
[[[1145.7655029296875,0,984.3427734375],[0,1145.7655029296875,575.9391479492188],[0,0,1]],[[0.74241495,-0.00129395,0.66993916,-0.07],[-0.02283688,0.99936807,0.02723765,0.06],[-0.66955101,-0.03552096,0.74191624,0.13]]]
[[[1145.7655029296875,0,984.3427734375],[0,1145.7655029296875,575.9391479492188],[0,0,1]],[[0.78200835,-0.00716255,0.62322682,-0.05],[-0.01132382,0.99960566,0.02569697,0.06],[-0.62316507,-0.02715255,0.78161883,0.12]]]
[[[1145.7655029296875,0,984.3427734375],[0,1145.7655029296875,575.9391479492188],[0,0,1]],[[0.83214742,-0.02339009,0.55406106,-0.05],[0.01325277,0.99966353,0.02229712,0.05],[-0.55439615,-0.01121165,0.8321774,0.11]]]
[[[1145.7655029296875,0,984.3427734375],[0,1145.7655029296875,575.9391479492188],[0,0,1]],[[0.86763358,-0.03657817,0.49585682,-0.05],[0.0294568,0.99932003,0.02217494,0.05],[-0.4963308,-0.00463336,0.86812115,0.1]]]
[[[1145.7655029296875,0,984.3427734375],[0,1145.7655029296875,575.9391479492188],[0,0,1]],[[0.88585913,-0.04237557,0.46201512,-0.05],[0.0346182,0.99908137,0.02525848,0.05],[-0.46266106,-0.00638133,0.88651228,0.09]]]
[[[1145.7655029296875,0,984.3427734375],[0,1145.7655029296875,575.9391479492188],[0,0,1]],[[0.89501494,-0.04830408,0.44341284,-0.05],[0.0409287,0.99881864,0.02619504,0.05],[-0.44415432,-0.00529664,0.89593464,0.09]]]
[[[1145.7655029296875,0,984.3427734375],[0,1145.7655029296875,575.9391479492188],[0,0,1]],[[0.90385431,-0.05770455,0.42393109,-0.05],[0.04740475,0.99826896,0.03481149,0.04],[-0.42520604,-0.01136817,0.90502518,0.09]]]
[[[1145.7655029296875,0,984.3427734375],[0,1145.7655029296875,575.9391479492188],[0,0,1]],[[0.90867424,-0.06480928,0.41244507,-0.05],[0.05253097,0.99777514,0.04105165,0.04],[-0.41418797,-0.01563644,0.91005707,0.08]]]
[[[1145.7655029296875,0,984.3427734375],[0,1145.7655029296875,575.9391479492188],[0,0,1]],[[0.91631049,-0.0647473,0.39519978,-0.05],[0.04977684,0.99760485,0.04802932,0.04],[-0.39736301,-0.02433797,0.91733873,0.08]]]
[[[1145.7655029296875,0,984.3427734375],[0,1145.7655029296875,575.9391479492188],[0,0,1]],[[0.92259932,-0.06462794,0.38030732,-0.05],[0.04867019,0.99748945,0.05143894,0.04],[-0.38267696,-0.0289479,0.9234286,0.07]]]
[[[1145.7655029296875,0,984.3427734375],[0,1145.7655029296875,575.9391479492188],[0,0,1]],[[0.93009698,-0.05464229,0.36322686,-0.05],[0.03729412,0.99781108,0.05460921,0.03],[-0.36541578,-0.03724564,0.93009895,0.07]]]
[[[1145.7655029296875,0,984.3427734375],[0,1145.7655029296875,575.9391479492188],[0,0,1]],[[0.94119745,-0.04824359,0.3343949,-0.04],[0.0313353,0.99795133,0.05577851,0.04],[-0.33640078,-0.04202024,0.94078094,0.06]]]
[[[1145.7655029296875,0,984.3427734375],[0,1145.7655029296875,575.9391479492188],[0,0,1]],[[0.94571954,-0.05186073,0.32081932,-0.04],[0.03623776,0.99785697,0.05448186,0.04],[-0.32295728,-0.03989879,0.94557214,0.06]]]
[[[1145.7655029296875,0,984.3427734375],[0,1145.7655029296875,575.9391479492188],[0,0,1]],[[0.95084876,-0.04790814,0.30592728,-0.04],[0.03148077,0.99779618,0.05840969,0.03],[-0.30805135,-0.04590796,0.95026147,0.05]]]
[[[1145.7655029296875,0,984.3427734375],[0,1145.7655029296875,575.9391479492188],[0,0,1]],[[0.961312,-0.03938708,0.2726315,-0.04],[0.02131112,0.99739254,0.06894927,0.03],[-0.2746363,-0.06047167,0.95964479,0.05]]]
[[[1145.7655029296875,0,984.3427734375],[0,1145.7655029296875,575.9391479492188],[0,0,1]],[[0.96804762,-0.04325893,0.2470071,-0.03],[0.02581959,0.99696743,0.07341146,0.03],[-0.24943376,-0.06468818,0.9662289,0.04]]]
[[[1145.7655029296875,0,984.3427734375],[0,1145.7655029296875,575.9391479492188],[0,0,1]],[[0.97831261,-0.04726126,0.20167004,-0.02],[0.0332479,0.99682724,0.0723185,0.03],[-0.20444806,-0.064045,0.97678006,0.04]]]
[[[1145.7655029296875,0,984.3427734375],[0,1145.7655029296875,575.9391479492188],[0,0,1]],[[0.98394597,-0.04803428,0.17188106,-0.02],[0.03596597,0.99670863,0.07265261,0.03],[-0.17480515,-0.06530437,0.98243499,0.03]]]
[[[1145.7655029296875,0,984.3427734375],[0,1145.7655029296875,575.9391479492188],[0,0,1]],[[0.98621672,-0.04851764,0.15818544,-0.03],[0.03725757,0.99660724,0.07338851,0.03],[-0.16120939,-0.06648337,0.98467839,0.03]]]
[[[1145.7655029296875,0,984.3427734375],[0,1145.7655029296875,575.9391479492188],[0,0,1]],[[0.98999822,-0.05185743,0.13120347,-0.02],[0.04236195,0.99634641,0.07415735,0.02],[-0.1345697,-0.06785762,0.98857796,0.02]]]
[[[1145.7655029296875,0,984.3427734375],[0,1145.7655029296875,575.9391479492188],[0,0,1]],[[0.992513,-0.05546327,0.10881988,-0.01],[0.04721258,0.99591374,0.07698537,0.02],[-0.11264508,-0.07127131,0.99107593,0.01]]]
[[[1145.7655029296875,0,984.3427734375],[0,1145.7655029296875,575.9391479492188],[0,0,1]],[[0.9947204,-0.05518439,0.08652168,-0.01],[0.04846897,0.99578357,0.07788384,0.02],[-0.09045484,-0.07327902,0.99320096,0.01]]]
[[[1145.7655029296875,0,984.3427734375],[0,1145.7655029296875,575.9391479492188],[0,0,1]],[[0.99738824,-0.04797124,0.0539952,-0.01],[0.04387615,0.99624568,0.07462861,0.02],[-0.05737251,-0.0720646,0.99574852,0.]]]
[[[1145.7655029296875,0,984.3427734375],[0,1145.7655029296875,575.9391479492188],[0,0,1]],[[0.99843138,-0.03822049,0.04091379,-0.02],[0.03505949,0.996539,0.07537116,0.02],[-0.04365292,-0.07381852,0.99631584,0.]]]
[[[1145.7655029296875,0,984.3427734375],[0,1145.7655029296875,575.9391479492188],[0,0,1]],[[9.99736309e-01,9.94366594e-04,2.29426417e-02,-2.00000000e-02],[-2.77251000e-03,9.96980490e-01,7.76029400e-02,1.00000000e-02],[-2.27962000e-02,-7.76460800e-02,9.96720310e-01,0.00000000e+00]]]
[[[1145.7655029296875,0,984.3427734375],[0,1145.7655029296875,575.9391479492188],[0,0,1]],[[0.99678552,0.07920785,-0.01203266,-0.06],[-0.07806251,0.99400383,0.0765681,0.01],[0.0180253,-0.07538267,0.99699175,-0.]]]
[[[1145.7655029296875,0,984.3427734375],[0,1145.7655029296875,575.9391479492188],[0,0,1]],[[0.98150498,0.1908295,-0.01523529,-0.04],[-0.18834014,0.97682214,0.10171749,-0.02],[0.03429287,-0.0969668,0.99469668,0.]]]
[[[1145.7655029296875,0,984.3427734375],[0,1145.7655029296875,575.9391479492188],[0,0,1]],[[0.9295612,0.36396688,-0.05868611,-0.02],[-0.35194939,0.92348498,0.15266675,0.02],[0.10976138,-0.12125856,0.98653376,-0.03]]]
[[[1145.7655029296875,0,984.3427734375],[0,1145.7655029296875,575.9391479492188],[0,0,1]],[[0.85584331,0.50402832,-0.11613645,-0.03],[-0.48297215,0.85910672,0.16933239,0.02],[0.18512194,-0.08883133,0.97869241,-0.02]]]
[[[1145.7655029296875,0,984.3427734375],[0,1145.7655029296875,575.9391479492188],[0,0,1]],[[0.80696678,0.57606429,-0.13021138,0.],[-0.55145949,0.81387299,0.18303877,0.03],[0.21141763,-0.07589994,0.97444451,-0.03]]]
[[[1145.7655029296875,0,984.3427734375],[0,1145.7655029296875,575.9391479492188],[0,0,1]],[[0.76409984,0.62508386,-0.15944462,0.01],[-0.59850353,0.77914369,0.18635698,0.04],[0.24071899,-0.04696718,0.96945822,-0.04]]]
[[[1145.7655029296875,0,984.3427734375],[0,1145.7655029296875,575.9391479492188],[0,0,1]],[[0.75630009,0.63289696,-0.16568837,0.02],[-0.60600746,0.77314574,0.18708563,0.04],[0.24650708,-0.04108447,0.96827012,-0.05]]]
[[[1145.7655029296875,0,984.3427734375],[0,1145.7655029296875,575.9391479492188],[0,0,1]],[[0.77178645,0.61559302,-0.15934862,0.04],[-0.59506011,0.78753525,0.16028786,0.05],[0.22416466,-0.02888598,0.97412348,-0.05]]]
[[[1145.7655029296875,0,984.3427734375],[0,1145.7655029296875,575.9391479492188],[0,0,1]],[[0.80333304,0.57097113,-0.16925943,0.05],[-0.55664301,0.82093066,0.12736513,0.05],[0.21167208,-0.00809952,0.97730768,-0.06]]]
[[[1145.7655029296875,0,984.3427734375],[0,1145.7655029296875,575.9391479492188],[0,0,1]],[[9.10428640e-01,3.79258280e-01,-1.65177080e-01,8.00000000e-02],[-3.73272840e-01,9.25291000e-01,6.71147200e-02,2.00000000e-02],[1.78290725e-01,5.52957528e-04,9.83978212e-01,-8.00000000e-02]]]
[[[1145.7655029296875,0,984.3427734375],[0,1145.7655029296875,575.9391479492188],[0,0,1]],[[0.97465628,0.15175027,-0.16436818,0.1],[-0.14470267,0.98799479,0.05410484,-0.01],[0.17060535,-0.0289491,0.98491412,-0.07]]]
[[[1145.7655029296875,0,984.3427734375],[0,1145.7655029296875,575.9391479492188],[0,0,1]],[[0.98495668,0.01609901,-0.17205021,0.09],[-0.00583907,0.99818295,0.05997394,-0.],[0.17270307,-0.05806713,0.98326081,-0.07]]]
[[[1145.7655029296875,0,984.3427734375],[0,1145.7655029296875,575.9391479492188],[0,0,1]],[[0.97912306,-0.16457516,-0.11930352,0.08],[0.16938494,0.9850533,0.03129302,0.],[0.11237021,-0.05084793,0.9923647,-0.08]]]
[[[1145.7655029296875,0,984.3427734375],[0,1145.7655029296875,575.9391479492188],[0,0,1]],[[0.95610207,-0.27728707,-0.09476767,0.08],[0.27969697,0.96000195,0.01290263,0.],[0.08739936,-0.03884245,0.99541593,-0.08]]]
[[[1145.7655029296875,0,984.3427734375],[0,1145.7655029296875,575.9391479492188],[0,0,1]],[[0.92891639,-0.3624219,-0.07592681,0.06],[0.36324167,0.9316898,-0.00320842,-0.01],[0.071903,-0.02459942,0.9971084,-0.09]]]
[[[1145.7655029296875,0,984.3427734375],[0,1145.7655029296875,575.9391479492188],[0,0,1]],[[0.90404284,-0.42513049,-0.04439681,0.06],[0.42550641,0.90495509,-0.00107922,-0.01],[0.04063591,-0.01791547,0.99901354,-0.08]]]
[[[1145.7655029296875,0,984.3427734375],[0,1145.7655029296875,575.9391479492188],[0,0,1]],[[0.8850075,-0.46397191,-0.03863192,0.08],[0.46465385,0.8854298,0.01055152,-0.01],[0.02931022,-0.02728863,0.99919802,-0.06]]]
[[[1145.7655029296875,0,984.3427734375],[0,1145.7655029296875,575.9391479492188],[0,0,1]],[[0.83403575,-0.54851645,-0.05928806,0.09],[0.55088955,0.83383375,0.03525174,-0.01],[0.03010021,-0.06206233,0.99761856,-0.05]]]
[[[1145.7655029296875,0,984.3427734375],[0,1145.7655029296875,575.9391479492188],[0,0,1]],[[0.79682088,-0.59703213,-0.0928978,0.08],[0.60251045,0.79666853,0.0479699,-0.01],[0.04536916,-0.09419526,0.99451977,-0.06]]]
[[[1145.7655029296875,0,984.3427734375],[0,1145.7655029296875,575.9391479492188],[0,0,1]],[[0.7712335,-0.62593502,-0.11578112,0.05],[0.63313025,0.7731275,0.0376896,-0.02],[0.0659223,-0.10237195,0.99255979,-0.07]]]
[[[1145.7655029296875,0,984.3427734375],[0,1145.7655029296875,575.9391479492188],[0,0,1]],[[0.79054445,-0.60337055,-0.10480599,0.03],[0.60923636,0.79223859,0.0344919,-0.04],[0.06221994,-0.09111896,0.9938947,-0.09]]]
[[[1145.7655029296875,0,984.3427734375],[0,1145.7655029296875,575.9391479492188],[0,0,1]],[[0.82129157,-0.56474751,-0.08088059,0.02],[0.56880534,0.82151771,0.03962419,-0.04],[0.04406716,-0.07854827,0.99593627,-0.09]]]
[[[1145.7655029296875,0,984.3427734375],[0,1145.7655029296875,575.9391479492188],[0,0,1]],[[0.86251599,-0.50370103,-0.04850847,0.02],[0.50543749,0.8621788,0.03437407,-0.02],[0.02450871,-0.05416616,0.99823153,-0.1]]]
[[[1145.7655029296875,0,984.3427734375],[0,1145.7655029296875,575.9391479492188],[0,0,1]],[[0.8869099,-0.46005744,-0.04170999,0.02],[0.46041313,0.88770455,-0.00120928,-0.01],[0.03758247,-0.01813131,0.99912947,-0.11]]]
[[[1145.7655029296875,0,984.3427734375],[0,1145.7655029296875,575.9391479492188],[0,0,1]],[[0.90647519,-0.42039749,-0.0396254,0.01],[0.41983041,0.90733421,-0.02209325,-0.01],[0.0452414,0.00339101,0.99897063,-0.12]]]
[[[1145.7655029296875,0,984.3427734375],[0,1145.7655029296875,575.9391479492188],[0,0,1]],[[0.93186992,-0.36085945,-0.03742542,0.01],[0.35919559,0.93219703,-0.04459179,-0.],[0.05097921,0.02811065,0.99830431,-0.12]]]
[[[1145.7655029296875,0,984.3427734375],[0,1145.7655029296875,575.9391479492188],[0,0,1]],[[0.96478349,-0.25929308,-0.04429438,0.01],[0.25551423,0.96377957,-0.07643896,0.01],[0.06251007,0.0624291,0.99609023,-0.12]]]
[[[1145.7655029296875,0,984.3427734375],[0,1145.7655029296875,575.9391479492188],[0,0,1]],[[0.97942024,-0.19463386,-0.05344188,0.01],[0.18914507,0.97748405,-0.09354664,0.01],[0.07044586,0.08151308,0.99418008,-0.12]]]
[[[1145.7655029296875,0,984.3427734375],[0,1145.7655029296875,575.9391479492188],[0,0,1]],[[0.98508018,-0.16121365,-0.06024698,0.01],[0.15476125,0.98290962,-0.09969866,0.01],[0.07529002,0.08888712,0.99319249,-0.12]]]
[[[1145.7655029296875,0,984.3427734375],[0,1145.7655029296875,575.9391479492188],[0,0,1]],[[0.98907042,-0.12468137,-0.07871802,0.02],[0.11611974,0.98763752,-0.1053092,0.01],[0.09087487,0.09501736,0.9913193,-0.12]]]
[[[1145.7655029296875,0,984.3427734375],[0,1145.7655029296875,575.9391479492188],[0,0,1]],[[0.98808652,-0.09845454,-0.1182957,0.02],[0.08627191,0.99082506,-0.10403956,0.01],[0.12745337,0.09259436,0.98751318,-0.12]]]
[[[1145.7655029296875,0,984.3427734375],[0,1145.7655029296875,575.9391479492188],[0,0,1]],[[0.98806173,-0.0755575,-0.13426627,0.01],[0.06086194,0.99202526,-0.11037679,0.01],[0.14153515,0.10088722,0.98477924,-0.12]]]
[[[1145.7655029296875,0,984.3427734375],[0,1145.7655029296875,575.9391479492188],[0,0,1]],[[0.98609453,-0.03870377,-0.16162372,0.01],[0.02024313,0.99323565,-0.1143433,0.],[0.16495569,0.10948133,0.98020613,-0.13]]]
[[[1145.7655029296875,0,984.3427734375],[0,1145.7655029296875,575.9391479492188],[0,0,1]],[[0.98509187,-0.05410098,-0.16330062,0.06],[0.04168102,0.99603856,-0.07854855,0.03],[0.16690327,0.07057101,0.98344445,-0.03]]]
[[[1145.7655029296875,0,984.3427734375],[0,1145.7655029296875,575.9391479492188],[0,0,1]],[[0.97957253,-0.00406699,-0.20105003,0.03],[-0.00805527,0.99819952,-0.05943985,0.03],[0.20092975,0.05984515,0.97777593,-0.04]]]
[[[1145.7655029296875,0,984.3427734375],[0,1145.7655029296875,575.9391479492188],[0,0,1]],[[0.97803068,0.03852509,-0.20487127,0.01],[-0.04938643,0.99761796,-0.04816747,0.03],[0.20252752,0.0572271,0.97760326,-0.05]]]
[[[1145.7655029296875,0,984.3427734375],[0,1145.7655029296875,575.9391479492188],[0,0,1]],[[0.97256666,0.10068499,-0.20970729,0.01],[-0.11051068,0.99323565,-0.03564528,0.04],[0.20469974,0.0578423,0.9771145,-0.05]]]
[[[1145.7655029296875,0,984.3427734375],[0,1145.7655029296875,575.9391479492188],[0,0,1]],[[0.96739089,0.14158379,-0.21002164,0.01],[-0.15132838,0.98799765,-0.03099331,0.04],[0.20311271,0.06176488,0.97720563,-0.05]]]
[[[1145.7655029296875,0,984.3427734375],[0,1145.7655029296875,575.9391479492188],[0,0,1]],[[0.95373273,0.20839904,-0.21671183,0.01],[-0.2199772,0.97502899,-0.03047524,0.04],[0.20494926,0.0767369,0.9757601,-0.05]]]
[[[1145.7655029296875,0,984.3427734375],[0,1145.7655029296875,575.9391479492188],[0,0,1]],[[0.9351427,0.27794081,-0.21967547,0.02],[-0.28977844,0.9568184,-0.02296727,0.03],[0.20380591,0.08513488,0.97530288,-0.05]]]
[[[1145.7655029296875,0,984.3427734375],[0,1145.7655029296875,575.9391479492188],[0,0,1]],[[0.91797239,0.31716526,-0.23818834,0.03],[-0.3286041,0.9444266,-0.00885942,0.03],[0.22214137,0.08640236,0.97117895,-0.06]]]
[[[1145.7655029296875,0,984.3427734375],[0,1145.7655029296875,575.9391479492188],[0,0,1]],[[9.05104700e-01,3.41985670e-01,-2.52649690e-01,2.00000000e-02],[-3.53510499e-01,9.35430944e-01,-2.37733155e-04,3.00000000e-02],[2.36254900e-01,8.95294600e-02,9.67558150e-01,-6.00000000e-02]]]
[[[1145.7655029296875,0,984.3427734375],[0,1145.7655029296875,575.9391479492188],[0,0,1]],[[0.8812601,0.3946346,-0.26008627,0.02],[-0.40604568,0.9137907,0.01069494,0.04],[0.2418849,0.09618186,0.96552664,-0.05]]]
[[[1145.7655029296875,0,984.3427734375],[0,1145.7655029296875,575.9391479492188],[0,0,1]],[[0.87094069,0.41670641,-0.26041996,0.02],[-0.43133733,0.90219051,0.00107281,0.05],[0.23539539,0.1113945,0.96549523,-0.05]]]
[[[1145.7655029296875,0,984.3427734375],[0,1145.7655029296875,575.9391479492188],[0,0,1]],[[0.86676288,0.42520541,-0.26062006,0.02],[-0.44005418,0.8979702,0.00153198,0.04],[0.2346804,0.11335909,0.96544063,-0.05]]]
[[[1145.7655029296875,0,984.3427734375],[0,1145.7655029296875,575.9391479492188],[0,0,1]],[[0.85774201,0.44814864,-0.25187686,0.03],[-0.4583973,0.88852561,0.01987106,0.05],[0.23270418,0.09841542,0.96755564,-0.04]]]
[[[1145.7655029296875,0,984.3427734375],[0,1145.7655029296875,575.9391479492188],[0,0,1]],[[0.85021764,0.45927101,-0.25729454,0.05],[-0.47222981,0.88138282,0.01280884,0.04],[0.23265767,0.11061184,0.96624851,-0.05]]]
[[[1145.7655029296875,0,984.3427734375],[0,1145.7655029296875,575.9391479492188],[0,0,1]],[[0.82910246,0.48701942,-0.27459335,0.04],[-0.50153476,0.864914,0.01968852,0.04],[0.24708821,0.12139425,0.96135926,-0.04]]]
[[[1145.7655029296875,0,984.3427734375],[0,1145.7655029296875,575.9391479492188],[0,0,1]],[[0.81375605,0.50758547,-0.28312206,0.04],[-0.52424389,0.85134506,0.01951048,0.04],[0.25093773,0.13254823,0.95888567,-0.04]]]
[[[1145.7655029296875,0,984.3427734375],[0,1145.7655029296875,575.9391479492188],[0,0,1]],[[0.80609488,0.51727575,-0.287467,0.05],[-0.5330385,0.84566081,0.02699533,0.05],[0.25706354,0.13147014,0.95741028,-0.04]]]
[[[1145.7655029296875,0,984.3427734375],[0,1145.7655029296875,575.9391479492188],[0,0,1]],[[0.80436194,0.51275927,-0.3001329,0.05],[-0.52689475,0.8490591,0.03847913,0.05],[0.27456108,0.12718728,0.95312095,-0.04]]]
[[[1145.7655029296875,0,984.3427734375],[0,1145.7655029296875,575.9391479492188],[0,0,1]],[[0.81217378,0.49491853,-0.30891657,0.06],[-0.50994611,0.85944331,0.0362219,0.05],[0.28342316,0.12811233,0.95039916,-0.04]]]
[[[1145.7655029296875,0,984.3427734375],[0,1145.7655029296875,575.9391479492188],[0,0,1]],[[0.82615364,0.45990583,-0.32551005,0.08],[-0.47777122,0.87803894,0.02796488,0.05],[0.29867166,0.13241607,0.94512492,-0.05]]]
[[[1145.7655029296875,0,984.3427734375],[0,1145.7655029296875,575.9391479492188],[0,0,1]],[[0.84229529,0.41229424,-0.34720623,0.08],[-0.43246782,0.90139902,0.02124386,0.06],[0.32172996,0.13226189,0.93754816,-0.05]]]
[[[1145.7655029296875,0,984.3427734375],[0,1145.7655029296875,575.9391479492188],[0,0,1]],[[0.86202204,0.34785765,-0.36866403,0.08],[-0.37075055,0.92868513,0.0093719,0.06],[0.34563273,0.12860355,0.92951554,-0.05]]]
[[[1145.7655029296875,0,984.3427734375],[0,1145.7655029296875,575.9391479492188],[0,0,1]],[[0.87870485,0.29616219,-0.3743872,0.08],[-0.31739667,0.94827855,0.00519829,0.06],[0.35656279,0.11426152,0.9272579,-0.05]]]
[[[1145.7655029296875,0,984.3427734375],[0,1145.7655029296875,575.9391479492188],[0,0,1]],[[0.90442371,0.20590319,-0.37365988,0.1],[-0.22515142,0.97429013,-0.0080901,0.06],[0.3623873,0.09144697,0.92753059,-0.05]]]
[[[1145.7655029296875,0,984.3427734375],[0,1145.7655029296875,575.9391479492188],[0,0,1]],[[0.9230417,0.11543605,-0.36697283,0.1],[-0.1327635,0.99089825,-0.02223855,0.05],[0.36106557,0.06924777,0.92996609,-0.05]]]
[[[1145.7655029296875,0,984.3427734375],[0,1145.7655029296875,575.9391479492188],[0,0,1]],[[0.93357259,0.02395917,-0.35758731,0.11],[-0.03140973,0.99939352,-0.0150416,0.04],[0.35700995,0.02527418,0.93375903,-0.05]]]
[[[1145.7655029296875,0,984.3427734375],[0,1145.7655029296875,575.9391479492188],[0,0,1]],[[0.9329353,-0.05276996,-0.35615665,0.11],[0.05591811,0.99843442,-0.00145841,0.04],[0.355676,-0.01855497,0.93442565,-0.04]]]
[[[1145.7655029296875,0,984.3427734375],[0,1145.7655029296875,575.9391479492188],[0,0,1]],[[9.31695700e-01,-9.65320400e-02,-3.50179340e-01,1.00000000e-01],[1.03151418e-01,9.94665742e-01,2.52850703e-04,6.00000000e-02],[3.48286840e-01,-3.63570200e-02,9.36683180e-01,-5.00000000e-02]]]
[[[1145.7655029296875,0,984.3427734375],[0,1145.7655029296875,575.9391479492188],[0,0,1]],[[0.92747825,-0.1575861,-0.33904487,0.12],[0.16265871,0.98658884,-0.01359804,0.06],[0.3366406,-0.04253666,0.94067252,-0.05]]]
[[[1145.7655029296875,0,984.3427734375],[0,1145.7655029296875,575.9391479492188],[0,0,1]],[[0.90846288,-0.26154834,-0.32601929,0.12],[0.26296407,0.96395242,-0.04057159,0.06],[0.32487828,-0.0488735,0.9444927,-0.04]]]
[[[1145.7655029296875,0,984.3427734375],[0,1145.7655029296875,575.9391479492188],[0,0,1]],[[0.88893521,-0.32750317,-0.32021376,0.13],[0.332261,0.94228083,-0.04135199,0.06],[0.31527391,-0.06963519,0.94644308,-0.03]]]
[[[1145.7655029296875,0,984.3427734375],[0,1145.7655029296875,575.9391479492188],[0,0,1]],[[0.85589331,-0.40037453,-0.32733446,0.12],[0.41049418,0.91094661,-0.04087743,0.05],[0.31455025,-0.09938207,0.94402456,-0.03]]]
[[[1145.7655029296875,0,984.3427734375],[0,1145.7655029296875,575.9391479492188],[0,0,1]],[[0.82704234,-0.45753798,-0.32658976,0.12],[0.47186771,0.88080525,-0.03903136,0.05],[0.30551997,-0.12182638,0.94436055,-0.02]]]
[[[1145.7655029296875,0,984.3427734375],[0,1145.7655029296875,575.9391479492188],[0,0,1]],[[0.80087972,-0.49946079,-0.33035132,0.12],[0.51825082,0.85449171,-0.03550335,0.05],[0.30001464,-0.14277068,0.94319075,-0.02]]]
[[[1145.7655029296875,0,984.3427734375],[0,1145.7655029296875,575.9391479492188],[0,0,1]],[[0.76635522,-0.55171204,-0.32911244,0.12],[0.57765645,0.81596327,-0.02274814,0.04],[0.28109372,-0.17268054,0.94401735,-0.02]]]
[[[1145.7655029296875,0,984.3427734375],[0,1145.7655029296875,575.9391479492188],[0,0,1]],[[0.74489325,-0.57920235,-0.33114943,0.11],[0.60960144,0.79256606,-0.01500237,0.04],[0.27114686,-0.19069378,0.94345969,-0.02]]]
[[[1145.7655029296875,0,984.3427734375],[0,1145.7655029296875,575.9391479492188],[0,0,1]],[[0.72152686,-0.60477304,-0.33711964,0.11],[0.64107311,0.76746517,-0.00471844,0.04],[0.26158077,-0.21271358,0.94145072,-0.02]]]
[[[1145.7655029296875,0,984.3427734375],[0,1145.7655029296875,575.9391479492188],[0,0,1]],[[0.70924687,-0.61939317,-0.33663359,0.11],[0.65703952,0.75385094,-0.00275353,0.04],[0.25547656,-0.21922827,0.94163245,-0.02]]]
[[[1145.7655029296875,0,984.3427734375],[0,1145.7655029296875,575.9391479492188],[0,0,1]],[[6.8862253e-01,-6.4171779e-01,-3.3763665e-01,1.1000000e-01],[6.8197966e-01,7.3137069e-01,8.6746000e-04,5.0000000e-02],[2.4638045e-01,-2.3085825e-01,9.4127691e-01,-2.0000000e-02]]]
[[[1145.7655029296875,0,984.3427734375],[0,1145.7655029296875,575.9391479492188],[0,0,1]],[[0.672589,-0.65621918,-0.34205505,0.11],[0.6988048,0.71531022,0.00177729,0.05],[0.24350877,-0.24022467,0.93967909,-0.02]]]
[[[1145.7655029296875,0,984.3427734375],[0,1145.7655029296875,575.9391479492188],[0,0,1]],[[0.64815181,-0.6757378,-0.3511112,0.1],[0.72297627,0.69085449,0.00501739,0.05],[0.23917592,-0.25709674,0.93632114,-0.02]]]
[[[1145.7655029296875,0,984.3427734375],[0,1145.7655029296875,575.9391479492188],[0,0,1]],[[0.63611466,-0.68326581,-0.35847899,0.1],[0.73276138,0.68047792,0.00327156,0.05],[0.24170133,-0.26476023,0.93353289,-0.03]]]
[[[1145.7655029296875,0,984.3427734375],[0,1145.7655029296875,575.9391479492188],[0,0,1]],[[0.64342099,-0.67491961,-0.36123979,0.1],[0.72535509,0.68834972,0.00589065,0.04],[0.24468321,-0.26581687,0.93245506,-0.03]]]
[[[1145.7655029296875,0,984.3427734375],[0,1145.7655029296875,575.9391479492188],[0,0,1]],[[0.64786017,-0.67085063,-0.36088473,0.1],[0.72104251,0.69286084,0.00645254,0.05],[0.24571383,-0.26439315,0.93258882,-0.03]]]
[[[1145.7655029296875,0,984.3427734375],[0,1145.7655029296875,575.9391479492188],[0,0,1]],[[6.51739720e-01,-6.58899370e-01,-3.75617240e-01,9.00000000e-02],[7.10878789e-01,7.03314662e-01,-2.80575594e-04,5.00000000e-02],[2.64361560e-01,-2.66835030e-01,9.26775570e-01,-4.00000000e-02]]]
[[[1145.7655029296875,0,984.3427734375],[0,1145.7655029296875,575.9391479492188],[0,0,1]],[[0.67316008,-0.63097543,-0.38565117,0.09],[0.68058604,0.73259103,-0.01064059,0.05],[0.2892381,-0.25530559,0.92258394,-0.04]]]
[[[1145.7655029296875,0,984.3427734375],[0,1145.7655029296875,575.9391479492188],[0,0,1]],[[0.72714013,-0.56286752,-0.39299968,0.08],[0.60376441,0.79679871,-0.02409855,0.05],[0.32670549,-0.21975584,0.91922349,-0.06]]]
[[[1145.7655029296875,0,984.3427734375],[0,1145.7655029296875,575.9391479492188],[0,0,1]],[[0.76236165,-0.51315415,-0.394308,0.08],[0.54916012,0.83533275,-0.02535056,0.06],[0.34238666,-0.19721159,0.91862935,-0.07]]]
[[[1145.7655029296875,0,984.3427734375],[0,1145.7655029296875,575.9391479492188],[0,0,1]],[[0.78745526,-0.46887028,-0.40009531,0.07],[0.4999809,0.8655085,-0.03023949,0.07],[0.3604638,-0.17622744,0.91597527,-0.07]]]
[[[1145.7655029296875,0,984.3427734375],[0,1145.7655029296875,575.9391479492188],[0,0,1]],[[0.81125551,-0.41484955,-0.41202646,0.06],[0.43997988,0.89724129,-0.03709514,0.08],[0.3850756,-0.15118948,0.9104172,-0.08]]]
[[[1145.7655029296875,0,984.3427734375],[0,1145.7655029296875,575.9391479492188],[0,0,1]],[[0.8222962,-0.38125014,-0.4224669,0.04],[0.39782992,0.91596949,-0.05226357,0.08],[0.40689185,-0.12509361,0.90487087,-0.1]]]
[[[1145.7655029296875,0,984.3427734375],[0,1145.7655029296875,575.9391479492188],[0,0,1]],[[0.85357678,-0.31142145,-0.4176417,0.04],[0.31345788,0.9473238,-0.06574245,0.06],[0.41611511,-0.07479668,0.90623099,-0.1]]]
[[[1145.7655029296875,0,984.3427734375],[0,1145.7655029296875,575.9391479492188],[0,0,1]],[[0.87207675,-0.24951427,-0.42098212,0.04],[0.25232118,0.96634787,-0.05005983,0.07],[0.41930547,-0.06256653,0.90568715,-0.09]]]
[[[1145.7655029296875,0,984.3427734375],[0,1145.7655029296875,575.9391479492188],[0,0,1]],[[0.87297767,-0.20794009,-0.44121686,0.03],[0.21132293,0.97650939,-0.04210039,0.07],[0.43960634,-0.05648638,0.89641315,-0.1]]]
[[[1145.7655029296875,0,984.3427734375],[0,1145.7655029296875,575.9391479492188],[0,0,1]],[[0.87027526,-0.1656606,-0.46387386,0.],[0.16166632,0.98564363,-0.04869487,0.07],[0.46528074,-0.0326147,0.88456279,-0.12]]]
[[[1145.7655029296875,0,984.3427734375],[0,1145.7655029296875,575.9391479492188],[0,0,1]],[[0.86931312,-0.13814883,-0.47456402,0.],[0.12603082,0.99036258,-0.05743653,0.06],[0.47792476,-0.00987924,0.87834591,-0.12]]]
[[[1145.7655029296875,0,984.3427734375],[0,1145.7655029296875,575.9391479492188],[0,0,1]],[[0.86001104,-0.09686775,-0.50099808,-0.01],[0.08267329,0.9952957,-0.0505236,0.06],[0.50353485,0.00203182,0.86397332,-0.13]]]
[[[1145.7655029296875,0,984.3427734375],[0,1145.7655029296875,575.9391479492188],[0,0,1]],[[0.85298496,-0.04851547,-0.51967716,-0.01],[0.02497471,0.99832451,-0.05220792,0.06],[0.52133882,0.03155388,0.85276705,-0.13]]]
[[[1145.7655029296875,0,984.3427734375],[0,1145.7655029296875,575.9391479492188],[0,0,1]],[[0.84378713,-0.02459703,-0.53611541,-0.01],[-0.00440143,0.99859887,-0.05274346,0.05],[0.53666103,0.04686401,0.8424964,-0.14]]]
[[[1145.7655029296875,0,984.3427734375],[0,1145.7655029296875,575.9391479492188],[0,0,1]],[[0.82344133,0.01255738,-0.56726348,-0.],[-0.0408015,0.99847782,-0.03712474,0.05],[0.56593341,0.05371532,0.82270032,-0.13]]]
[[[1145.7655029296875,0,984.3427734375],[0,1145.7655029296875,575.9391479492188],[0,0,1]],[[0.80602568,0.0702844,-0.58769399,-0.01],[-0.10500216,0.99415535,-0.02511675,0.06],[0.58249325,0.08195392,0.80869472,-0.14]]]
[[[1145.7655029296875,0,984.3427734375],[0,1145.7655029296875,575.9391479492188],[0,0,1]],[[0.79833543,0.10185477,-0.59353834,-0.01],[-0.14403383,0.98928314,-0.02396518,0.06],[0.58473605,0.1046219,0.80445039,-0.14]]]
[[[1145.7655029296875,0,984.3427734375],[0,1145.7655029296875,575.9391479492188],[0,0,1]],[[0.78882301,0.1308317,-0.60053533,-0.01],[-0.17921506,0.98358363,-0.02112313,0.06],[0.58791292,0.12428743,0.79932046,-0.13]]]
[[[1145.7655029296875,0,984.3427734375],[0,1145.7655029296875,575.9391479492188],[0,0,1]],[[0.7784723,0.14684302,-0.61026156,-0.],[-0.19868299,0.97990501,-0.01765988,0.06],[0.5954051,0.13499638,0.79200435,-0.13]]]
[[[1145.7655029296875,0,984.3427734375],[0,1145.7655029296875,575.9391479492188],[0,0,1]],[[0.76876712,0.16237634,-0.61857259,-0.],[-0.21924365,0.97553253,-0.01639913,0.07],[0.60077488,0.14822525,0.78555769,-0.13]]]
[[[1145.7655029296875,0,984.3427734375],[0,1145.7655029296875,575.9391479492188],[0,0,1]],[[0.76565337,0.17431089,-0.61918616,-0.],[-0.23495923,0.97185785,-0.01694496,0.07],[0.59880728,0.15845753,0.78506255,-0.13]]]
[[[1145.7655029296875,0,984.3427734375],[0,1145.7655029296875,575.9391479492188],[0,0,1]],[[0.76459306,0.17147876,-0.62128359,0.01],[-0.230023,0.97307736,-0.01450546,0.06],[0.60206968,0.15400027,0.78345263,-0.12]]]
[[[1145.7655029296875,0,984.3427734375],[0,1145.7655029296875,575.9391479492188],[0,0,1]],[[0.75008345,0.17082605,-0.63890088,0.01],[-0.21939465,0.97563088,0.00328503,0.05],[0.62389261,0.13770737,0.76928312,-0.12]]]
[[[1145.7655029296875,0,984.3427734375],[0,1145.7655029296875,575.9391479492188],[0,0,1]],[[0.742015,0.17960098,-0.6458776,0.],[-0.22453301,0.97437984,0.01299416,0.07],[0.63166392,0.13537897,0.76333129,-0.12]]]
[[[1145.7655029296875,0,984.3427734375],[0,1145.7655029296875,575.9391479492188],[0,0,1]],[[0.74607044,0.17803918,-0.64162427,0.],[-0.22564501,0.97417724,0.00794009,0.07],[0.62646937,0.13885546,0.76697892,-0.12]]]
[[[1145.7655029296875,0,984.3427734375],[0,1145.7655029296875,575.9391479492188],[0,0,1]],[[0.75281268,0.16259499,-0.63783741,0.01],[-0.21288542,0.97707468,-0.00218786,0.07],[0.62285906,0.13743334,0.77016896,-0.12]]]
[[[1145.7655029296875,0,984.3427734375],[0,1145.7655029296875,575.9391479492188],[0,0,1]],[[0.76096505,0.13977362,-0.63355839,0.01],[-0.19033319,0.9816457,-0.01204128,0.08],[0.62024677,0.12975019,0.77360207,-0.12]]]
[[[1145.7655029296875,0,984.3427734375],[0,1145.7655029296875,575.9391479492188],[0,0,1]],[[0.78126931,0.11532923,-0.61344719,0.03],[-0.18997565,0.98009247,-0.05768852,0.09],[0.59458178,0.16161028,0.78762597,-0.12]]]
[[[1145.7655029296875,0,984.3427734375],[0,1145.7655029296875,575.9391479492188],[0,0,1]],[[0.79428613,0.07419555,-0.60299653,0.03],[-0.15096577,0.98548877,-0.07759772,0.08],[0.58848876,0.15266658,0.79396099,-0.12]]]
[[[1145.7655029296875,0,984.3427734375],[0,1145.7655029296875,575.9391479492188],[0,0,1]],[[0.80272585,0.01336814,-0.59619862,0.04],[-0.08362676,0.99239349,-0.09034394,0.07],[0.59045577,0.12237958,0.79773778,-0.12]]]
[[[1145.7655029296875,0,984.3427734375],[0,1145.7655029296875,575.9391479492188],[0,0,1]],[[0.80680031,-0.01581899,-0.59061289,0.04],[-0.04740433,0.99468565,-0.0913979,0.07],[0.5889197,0.10173747,0.80176264,-0.12]]]
[[[1145.7655029296875,0,984.3427734375],[0,1145.7655029296875,575.9391479492188],[0,0,1]],[[0.80887872,-0.04670774,-0.5861178,0.04],[-0.01054035,0.99552792,-0.09388004,0.07],[0.58788121,0.08211547,0.80476898,-0.13]]]
[[[1145.7655029296875,0,984.3427734375],[0,1145.7655029296875,575.9391479492188],[0,0,1]],[[0.81102192,-0.0860188,-0.57865745,0.04],[0.03444902,0.99443692,-0.09954316,0.07],[0.58400053,0.06079755,0.80947334,-0.13]]]
[[[1145.7655029296875,0,984.3427734375],[0,1145.7655029296875,575.9391479492188],[0,0,1]],[[0.80462724,-0.13241805,-0.57882684,0.05],[0.08338076,0.99035507,-0.1106557,0.07],[0.58789665,0.04077363,0.80790788,-0.13]]]
[[[1145.7655029296875,0,984.3427734375],[0,1145.7655029296875,575.9391479492188],[0,0,1]],[[0.77987051,-0.19076051,-0.59616464,0.05],[0.14775389,0.98161751,-0.12081388,0.07],[0.60825193,0.00613359,0.79372036,-0.13]]]
[[[1145.7655029296875,0,984.3427734375],[0,1145.7655029296875,575.9391479492188],[0,0,1]],[[0.75334626,-0.23162925,-0.61548132,0.05],[0.20304477,0.97211593,-0.11731872,0.08],[0.62549353,-0.03658857,0.77937102,-0.13]]]
[[[1145.7655029296875,0,984.3427734375],[0,1145.7655029296875,575.9391479492188],[0,0,1]],[[0.73423678,-0.25232926,-0.63025886,0.05],[0.24109828,0.96476305,-0.10537691,0.08],[0.63463998,-0.07458265,0.76920062,-0.13]]]
[[[1145.7655029296875,0,984.3427734375],[0,1145.7655029296875,575.9391479492188],[0,0,1]],[[0.71103483,-0.29115605,-0.64004517,0.05],[0.2902908,0.95060229,-0.10994027,0.08],[0.64043808,-0.10762776,0.76043105,-0.14]]]
[[[1145.7655029296875,0,984.3427734375],[0,1145.7655029296875,575.9391479492188],[0,0,1]],[[0.69607586,-0.30821222,-0.64844722,0.05],[0.31414306,0.94287169,-0.11093767,0.07],[0.64559478,-0.12648413,0.75313276,-0.14]]]
[[[1145.7655029296875,0,984.3427734375],[0,1145.7655029296875,575.9391479492188],[0,0,1]],[[0.68091977,-0.32502839,-0.65628117,0.05],[0.33258927,0.93562263,-0.11829878,0.07],[0.65248191,-0.13772008,0.74518478,-0.15]]]
[[[1145.7655029296875,0,984.3427734375],[0,1145.7655029296875,575.9391479492188],[0,0,1]],[[0.67683333,-0.32866883,-0.65869105,0.05],[0.33612433,0.9340533,-0.12068497,0.07],[0.6549179,-0.13971841,0.74267185,-0.15]]]
[[[1145.7655029296875,0,984.3427734375],[0,1145.7655029296875,575.9391479492188],[0,0,1]],[[0.67334276,-0.32842737,-0.66237861,0.05],[0.33475262,0.93425238,-0.12293695,0.07],[0.65920442,-0.13895427,0.73901379,-0.15]]]
[[[1145.7655029296875,0,984.3427734375],[0,1145.7655029296875,575.9391479492188],[0,0,1]],[[0.66832137,-0.32916334,-0.66708201,0.04],[0.3359642,0.93366146,-0.12411517,0.07],[0.66368282,-0.14116691,0.73457277,-0.15]]]
[[[1145.7655029296875,0,984.3427734375],[0,1145.7655029296875,575.9391479492188],[0,0,1]],[[0.65553719,-0.33190042,-0.67831677,0.05],[0.34252495,0.93120742,-0.12461769,0.06],[0.67301416,-0.15064897,0.72412503,-0.15]]]
[[[1145.7655029296875,0,984.3427734375],[0,1145.7655029296875,575.9391479492188],[0,0,1]],[[0.64181125,-0.34101376,-0.68686825,0.05],[0.36261055,0.92418134,-0.12000994,0.06],[0.67571586,-0.17204192,0.71680528,-0.15]]]
[[[1145.7655029296875,0,984.3427734375],[0,1145.7655029296875,575.9391479492188],[0,0,1]],[[0.64899933,-0.32913408,-0.68590873,0.05],[0.3519316,0.92919415,-0.11288109,0.06],[0.67449546,-0.16813318,0.7188791,-0.15]]]
[[[1145.7655029296875,0,984.3427734375],[0,1145.7655029296875,575.9391479492188],[0,0,1]],[[0.65786219,-0.31213361,-0.68541229,0.04],[0.33290434,0.93685663,-0.10711703,0.06],[0.67556787,-0.15770835,0.7202332,-0.15]]]
[[[1145.7655029296875,0,984.3427734375],[0,1145.7655029296875,575.9391479492188],[0,0,1]],[[0.66911757,-0.28331974,-0.68703097,0.04],[0.29496071,0.94978786,-0.10440628,0.06],[0.68211412,-0.13278691,0.71908814,-0.16]]]
[[[1145.7655029296875,0,984.3427734375],[0,1145.7655029296875,575.9391479492188],[0,0,1]],[[0.68341184,-0.2520428,-0.68514448,0.04],[0.24687798,0.96300858,-0.10800658,0.06],[0.68702221,-0.09533399,0.72035521,-0.16]]]
[[[1145.7655029296875,0,984.3427734375],[0,1145.7655029296875,575.9391479492188],[0,0,1]],[[0.69306517,-0.22601946,-0.68452621,0.04],[0.20491938,0.97217327,-0.11352032,0.05],[0.69113582,-0.06159561,0.7200951,-0.16]]]
[[[1145.7655029296875,0,984.3427734375],[0,1145.7655029296875,575.9391479492188],[0,0,1]],[[0.70704222,-0.1852929,-0.68246454,0.04],[0.1474342,0.98247945,-0.11400485,0.06],[0.69163162,-0.02001227,0.72197288,-0.16]]]
[[[1145.7655029296875,0,984.3427734375],[0,1145.7655029296875,575.9391479492188],[0,0,1]],[[0.73533452,-0.10639253,-0.66930103,0.03],[0.03064444,0.99181008,-0.12399097,0.07],[0.67701113,0.07066458,0.73257232,-0.16]]]
[[[1145.7655029296875,0,984.3427734375],[0,1145.7655029296875,575.9391479492188],[0,0,1]],[[0.74439317,-0.04429726,-0.66627079,0.04],[-0.04543834,0.9921239,-0.11672791,0.07],[0.66619384,0.1171658,0.73651725,-0.16]]]
[[[1145.7655029296875,0,984.3427734375],[0,1145.7655029296875,575.9391479492188],[0,0,1]],[[0.74081534,-0.03105725,-0.67099059,0.06],[-0.07033873,0.98985183,-0.12347436,0.07],[0.66801602,0.13866843,0.73111254,-0.15]]]
[[[1145.7655029296875,0,984.3427734375],[0,1145.7655029296875,575.9391479492188],[0,0,1]],[[0.72987717,-0.01806871,-0.68333977,0.06],[-0.10045625,0.98596239,-0.13336825,0.08],[0.676157,0.16598833,0.717816,-0.15]]]
[[[1145.7655029296875,0,984.3427734375],[0,1145.7655029296875,575.9391479492188],[0,0,1]],[[7.1214354e-01,9.2860000e-04,-7.0203370e-01,5.0000000e-02],[-1.3316309e-01,9.8202366e-01,-1.3378185e-01,6.0000000e-02],[6.8928927e-01,1.8875693e-01,6.9946504e-01,-1.5000000e-01]]]
[[[1145.7655029296875,0,984.3427734375],[0,1145.7655029296875,575.9391479492188],[0,0,1]],[[0.69591069,0.03373544,-0.717336,0.04],[-0.16128865,0.98071873,-0.11034932,0.06],[0.69978207,0.19249155,0.68793339,-0.15]]]
[[[1145.7655029296875,0,984.3427734375],[0,1145.7655029296875,575.9391479492188],[0,0,1]],[[0.67857414,0.0761038,-0.73057908,0.04],[-0.20306145,0.97529233,-0.08701158,0.07],[0.70590615,0.20739639,0.67726153,-0.15]]]
[[[1145.7655029296875,0,984.3427734375],[0,1145.7655029296875,575.9391479492188],[0,0,1]],[[0.67389047,0.09436235,-0.73278105,0.04],[-0.22621794,0.97052896,-0.08305989,0.08],[0.70334727,0.22174159,0.67537624,-0.15]]]
[[[1145.7655029296875,0,984.3427734375],[0,1145.7655029296875,575.9391479492188],[0,0,1]],[[0.66807371,0.11443355,-0.73524374,0.04],[-0.24885744,0.96556634,-0.0758414,0.08],[0.70124763,0.23363855,0.67354661,-0.15]]]
[[[1145.7655029296875,0,984.3427734375],[0,1145.7655029296875,575.9391479492188],[0,0,1]],[[0.66233438,0.13593908,-0.73677337,0.04],[-0.27676576,0.9582364,-0.07200277,0.08],[0.6962148,0.25160354,0.67229545,-0.15]]]
[[[1145.7655029296875,0,984.3427734375],[0,1145.7655029296875,575.9391479492188],[0,0,1]],[[0.65622377,0.1609717,-0.73719734,0.03],[-0.30533528,0.95006907,-0.06434374,0.08],[0.69003046,0.26731619,0.67260742,-0.15]]]
[[[1145.7655029296875,0,984.3427734375],[0,1145.7655029296875,575.9391479492188],[0,0,1]],[[0.64614075,0.21186595,-0.73322314,0.03],[-0.35595185,0.93347067,-0.04394898,0.08],[0.67513067,0.28938934,0.67856687,-0.15]]]
[[[1145.7655029296875,0,984.3427734375],[0,1145.7655029296875,575.9391479492188],[0,0,1]],[[0.64238077,0.23337239,-0.72999012,0.03],[-0.38144752,0.92350644,-0.04043047,0.08],[0.66471463,0.30442464,0.68226141,-0.15]]]
[[[1145.7655029296875,0,984.3427734375],[0,1145.7655029296875,575.9391479492188],[0,0,1]],[[0.63818687,0.2610006,-0.72429091,0.03],[-0.40891513,0.91202396,-0.0316524,0.09],[0.65230888,0.31637371,0.68876797,-0.14]]]
[[[1145.7655029296875,0,984.3427734375],[0,1145.7655029296875,575.9391479492188],[0,0,1]],[[0.64046717,0.2621747,-0.72184998,0.04],[-0.41174549,0.91064292,-0.03458065,0.1],[0.64828092,0.31936628,0.69118547,-0.14]]]
[[[1145.7655029296875,0,984.3427734375],[0,1145.7655029296875,575.9391479492188],[0,0,1]],[[0.64433676,0.25412714,-0.72128409,0.04],[-0.40475968,0.91356111,-0.03970829,0.1],[0.64884567,0.31753224,0.6915006,-0.14]]]
[[[1145.7655029296875,0,984.3427734375],[0,1145.7655029296875,575.9391479492188],[0,0,1]],[[0.65475154,0.23691326,-0.71775609,0.05],[-0.38463095,0.92189515,-0.04657383,0.1],[0.65066147,0.30656555,0.69473571,-0.14]]]
[[[1145.7655029296875,0,984.3427734375],[0,1145.7655029296875,575.9391479492188],[0,0,1]],[[0.65778905,0.21078613,-0.72310698,0.05],[-0.35619238,0.93296164,-0.05205893,0.09],[0.66365737,0.29180911,0.68877172,-0.14]]]
[[[1145.7655029296875,0,984.3427734375],[0,1145.7655029296875,575.9391479492188],[0,0,1]],[[0.65835309,0.18851833,-0.72872007,0.05],[-0.31656075,0.94769347,-0.04082683,0.09],[0.68290633,0.25756285,0.68359387,-0.14]]]
[[[1145.7655029296875,0,984.3427734375],[0,1145.7655029296875,575.9391479492188],[0,0,1]],[[0.65837061,0.17463849,-0.73215449,0.05],[-0.29664654,0.95418453,-0.03915329,0.09],[0.69177252,0.24296866,0.68001258,-0.14]]]
[[[1145.7655029296875,0,984.3427734375],[0,1145.7655029296875,575.9391479492188],[0,0,1]],[[0.66150129,0.1279276,-0.73895293,0.06],[-0.24707656,0.9675079,-0.05368499,0.11],[0.70807451,0.21809083,0.67161506,-0.14]]]
[[[1145.7655029296875,0,984.3427734375],[0,1145.7655029296875,575.9391479492188],[0,0,1]],[[0.67162693,0.08501514,-0.73599631,0.06],[-0.20391053,0.97624087,-0.07331112,0.11],[0.7122767,0.19931534,0.67300451,-0.14]]]
[[[1145.7655029296875,0,984.3427734375],[0,1145.7655029296875,575.9391479492188],[0,0,1]],[[0.68376613,0.0200682,-0.72942567,0.06],[-0.12911631,0.9871763,-0.09387483,0.11],[0.71818739,0.15836941,0.67758816,-0.14]]]
[[[1145.7655029296875,0,984.3427734375],[0,1145.7655029296875,575.9391479492188],[0,0,1]],[[0.69046736,-0.01347752,-0.72323835,0.07],[-0.0879931,0.99083668,-0.10247047,0.11],[0.71799183,0.13439275,0.68295395,-0.14]]]
[[[1145.7655029296875,0,984.3427734375],[0,1145.7655029296875,575.9391479492188],[0,0,1]],[[0.70812309,-0.07330465,-0.7022742,0.1],[-0.02455484,0.99143839,-0.12824775,0.11],[0.70566237,0.10805968,0.7002598,-0.13]]]
[[[1145.7655029296875,0,984.3427734375],[0,1145.7655029296875,575.9391479492188],[0,0,1]],[[0.73110676,-0.13481122,-0.6688115,0.1],[0.06396769,0.9895103,-0.12952811,0.1],[0.67925763,0.05191655,0.73206127,-0.13]]]
[[[1145.7655029296875,0,984.3427734375],[0,1145.7655029296875,575.9391479492188],[0,0,1]],[[0.73637182,-0.15712193,-0.65807992,0.1],[0.0961601,0.98709172,-0.12807584,0.09],[0.66970873,0.03103041,0.74197537,-0.14]]]
[[[1145.7655029296875,0,984.3427734375],[0,1145.7655029296875,575.9391479492188],[0,0,1]],[[0.75854671,-0.15292847,-0.63341916,0.09],[0.09706675,0.98774374,-0.12223259,0.09],[0.64434856,0.0312352,0.76409405,-0.13]]]
[[[1145.7655029296875,0,984.3427734375],[0,1145.7655029296875,575.9391479492188],[0,0,1]],[[0.77453482,-0.16340572,-0.61106008,0.1],[0.10333246,0.9857648,-0.13263029,0.09],[0.62403411,0.03958444,0.78039414,-0.13]]]
[[[1145.7655029296875,0,984.3427734375],[0,1145.7655029296875,575.9391479492188],[0,0,1]],[[0.77611786,-0.17687432,-0.60527402,0.1],[0.12162242,0.98382169,-0.13154289,0.1],[0.61874819,0.02847789,0.78507322,-0.14]]]
[[[1145.7655029296875,0,984.3427734375],[0,1145.7655029296875,575.9391479492188],[0,0,1]],[[0.76585221,-0.17652251,-0.61831236,0.06],[0.11698612,0.98378307,-0.13596004,0.08],[0.63228524,0.03179134,0.77408314,-0.14]]]
[[[1145.7655029296875,0,984.3427734375],[0,1145.7655029296875,575.9391479492188],[0,0,1]],[[0.79334956,-0.12711069,-0.59534806,0.07],[0.10830861,0.99182773,-0.06743166,0.09],[0.59905404,-0.01098442,0.80063331,-0.12]]]
[[[1145.7655029296875,0,984.3427734375],[0,1145.7655029296875,575.9391479492188],[0,0,1]],[[0.80010855,-0.12795779,-0.58604866,0.02],[0.10488939,0.99177575,-0.07334293,0.11],[0.5906136,-0.00278798,0.80694962,-0.21]]]
[[[1145.7655029296875,0,984.3427734375],[0,1145.7655029296875,575.9391479492188],[0,0,1]],[[0.78310698,-0.08810807,-0.61561388,-0.03],[0.01795392,0.9927032,-0.11923923,0.1],[0.62162787,0.08232439,0.77897471,-0.19]]]
[[[1145.7655029296875,0,984.3427734375],[0,1145.7655029296875,575.9391479492188],[0,0,1]],[[0.77177423,-0.10376592,-0.62737322,-0.11],[0.05786449,0.993963,-0.09321591,0.07],[0.6332584,0.03563901,0.77311939,-0.19]]]
[[[1145.7655029296875,0,984.3427734375],[0,1145.7655029296875,575.9391479492188],[0,0,1]],[[0.78493333,-0.1022804,-0.61107999,-0.1],[0.06844467,0.99455804,-0.07854832,0.07],[0.61578834,0.01983005,0.78766215,-0.19]]]
[[[1145.7655029296875,0,984.3427734375],[0,1145.7655029296875,575.9391479492188],[0,0,1]],[[0.80286002,-0.10409288,-0.58701009,-0.08],[0.08905625,0.99453151,-0.05455438,0.06],[0.58947879,-0.00847736,0.80773962,-0.18]]]
[[[1145.7655029296875,0,984.3427734375],[0,1145.7655029296875,575.9391479492188],[0,0,1]],[[0.77804881,-0.10825583,-0.618806,-0.06],[0.08001853,0.99409461,-0.07329959,0.05],[0.62308687,0.00751472,0.78211659,-0.19]]]
[[[1145.7655029296875,0,984.3427734375],[0,1145.7655029296875,575.9391479492188],[0,0,1]],[[0.80545568,-0.09762169,-0.58456093,-0.06],[0.05939125,0.99467093,-0.08427598,0.03],[0.58967286,0.03316277,0.80696112,-0.16]]]
[[[1145.7655029296875,0,984.3427734375],[0,1145.7655029296875,575.9391479492188],[0,0,1]],[[0.8171702,-0.09324221,-0.56880486,-0.03],[0.05359747,0.99484551,-0.08608109,0.01],[0.57389915,0.0398564,0.81795561,-0.15]]]
[[[1145.7655029296875,0,984.3427734375],[0,1145.7655029296875,575.9391479492188],[0,0,1]],[[0.84591395,-0.05317195,-0.53066212,-0.02],[0.05173689,0.99850607,-0.0175772,-0.1],[0.53080398,-0.01258601,0.84740114,-0.1]]]
[[[1145.7655029296875,0,984.3427734375],[0,1145.7655029296875,575.9391479492188],[0,0,1]],[[0.86873728,-0.00897906,-0.49519175,0.01],[0.0623534,0.99386311,0.09136815,-0.11],[0.49133247,-0.1102518,0.86396587,-0.09]]]
[[[1145.7655029296875,0,984.3427734375],[0,1145.7655029296875,575.9391479492188],[0,0,1]],[[0.87818629,0.00382342,-0.47830355,0.01],[0.05807664,0.9917174,0.11455876,-0.12],[0.4747799,-0.12838219,0.87069058,-0.09]]]
[[[1145.7655029296875,0,984.3427734375],[0,1145.7655029296875,575.9391479492188],[0,0,1]],[[0.90039164,0.01975699,-0.43463162,0.04],[0.04370147,0.98980945,0.13552648,-0.13],[0.4328801,-0.14102092,0.89035273,-0.08]]]
[[[1145.7655029296875,0,984.3427734375],[0,1145.7655029296875,575.9391479492188],[0,0,1]],[[0.89552385,0.01218379,-0.4448466,0.04],[0.04528136,0.99194205,0.11832434,-0.13],[0.44270366,-0.1261055,0.88775611,-0.08]]]
[[[1145.7655029296875,0,984.3427734375],[0,1145.7655029296875,575.9391479492188],[0,0,1]],[[0.90036798,-0.00455223,-0.43510529,0.04],[0.06401584,0.9904505,0.12210625,-0.14],[0.43039444,-0.13779415,0.89206123,-0.06]]]
