[[[1147.0411376953125,0,984.3319702148438],[0,1147.0411376953125,575.9387817382812],[0,0,1]],[[0.98562747,0.01902085,0.16785842,-0.],[0.00375996,0.99092484,-0.1343642,-0.01],[-0.1688908,0.13306417,0.97661132,-0.04]]]
[[[1147.0411376953125,0,984.3319702148438],[0,1147.0411376953125,575.9387817382812],[0,0,1]],[[0.97995132,0.01197782,0.19887674,0.01],[0.02011446,0.98714352,-0.15856566,-0.],[-0.1982192,0.15938689,0.96711165,-0.1]]]
[[[1147.0411376953125,0,984.3319702148438],[0,1147.0411376953125,575.9387817382812],[0,0,1]],[[0.9899413,0.02057694,0.13997401,0.03],[0.00628917,0.98198837,-0.18883672,0.03],[-0.14133859,0.18781757,0.97198147,-0.16]]]
[[[1147.0411376953125,0,984.3319702148438],[0,1147.0411376953125,575.9387817382812],[0,0,1]],[[0.99627614,0.00402539,0.08612302,0.03],[0.01176789,0.98321182,-0.18208699,0.02],[-0.08541024,0.18242241,0.97950339,-0.22]]]
[[[1147.0411376953125,0,984.3319702148438],[0,1147.0411376953125,575.9387817382812],[0,0,1]],[[0.99365073,-0.00794232,0.11222585,0.02],[0.02317731,0.99055928,-0.13510981,0.],[-0.11009338,0.13685307,0.98445439,-0.27]]]
[[[1147.0411376953125,0,984.3319702148438],[0,1147.0411376953125,575.9387817382812],[0,0,1]],[[0.98189795,0.00186816,0.18939987,0.02],[0.01900727,0.99393177,-0.10834224,0.],[-0.18845308,0.10998099,0.97590441,-0.3]]]
[[[1147.0411376953125,0,984.3319702148438],[0,1147.0411376953125,575.9387817382812],[0,0,1]],[[0.96906227,0.01031894,0.24659902,0.02],[0.02069152,0.99221176,-0.12283072,0.03],[-0.24594606,0.1241331,0.96130186,-0.34]]]
[[[1147.0411376953125,0,984.3319702148438],[0,1147.0411376953125,575.9387817382812],[0,0,1]],[[0.9552173,0.03416143,0.29392499,0.02],[0.00495177,0.9913289,-0.13130978,0.04],[-0.29586223,0.1268848,0.9467659,-0.37]]]
[[[1147.0411376953125,0,984.3319702148438],[0,1147.0411376953125,575.9387817382812],[0,0,1]],[[0.94663048,0.03347979,0.32057577,0.03],[0.00301202,0.99362832,-0.11266521,0.05],[-0.32230535,0.10761788,0.94049859,-0.42]]]
[[[1147.0411376953125,0,984.3319702148438],[0,1147.0411376953125,575.9387817382812],[0,0,1]],[[0.95622981,0.00828028,0.29249829,0.03],[0.01448176,0.99703556,-0.07556838,0.07],[-0.2922571,0.07649658,0.95327568,-0.46]]]
[[[1147.0411376953125,0,984.3319702148438],[0,1147.0411376953125,575.9387817382812],[0,0,1]],[[0.97146171,0.01208546,0.23688732,0.03],[0.01201969,0.99491006,-0.10005017,0.08],[-0.23689081,0.10004219,0.96637207,-0.5]]]
[[[1147.0411376953125,0,984.3319702148438],[0,1147.0411376953125,575.9387817382812],[0,0,1]],[[0.98497164,0.0073448,0.17255865,0.03],[0.01250377,0.99344188,-0.11365701,0.08],[-0.17226182,0.11410651,0.97842044,-0.55]]]
[[[1147.0411376953125,0,984.3319702148438],[0,1147.0411376953125,575.9387817382812],[0,0,1]],[[0.98930365,0.00932069,0.14557165,0.03],[0.00730376,0.99353993,-0.11325091,0.08],[-0.14568688,0.1131027,0.98284489,-0.59]]]
[[[1147.0411376953125,0,984.3319702148438],[0,1147.0411376953125,575.9387817382812],[0,0,1]],[[0.98563457,0.01033534,0.16857542,0.03],[0.00881577,0.9936173,-0.11246301,0.14],[-0.16866186,0.11233345,0.97925258,-0.67]]]
[[[1147.0411376953125,0,984.3319702148438],[0,1147.0411376953125,575.9387817382812],[0,0,1]],[[0.98255324,0.02041804,0.18485785,0.03],[0.00430941,0.99118978,-0.13238485,0.13],[-0.18593226,0.13087173,0.97380865,-0.7]]]
[[[1147.0411376953125,0,984.3319702148438],[0,1147.0411376953125,575.9387817382812],[0,0,1]],[[0.98248345,0.02898878,0.18408197,0.04],[-0.00198909,0.98940206,-0.14519237,0.13],[-0.18634008,0.14228287,0.97212869,-0.78]]]
[[[1147.0411376953125,0,984.3319702148438],[0,1147.0411376953125,575.9387817382812],[0,0,1]],[[0.99445766,0.02223643,0.10276036,0.04],[-0.00622755,0.98812139,-0.15355378,0.16],[-0.10495424,0.15206274,0.98278326,-0.86]]]
[[[1147.0411376953125,0,984.3319702148438],[0,1147.0411376953125,575.9387817382812],[0,0,1]],[[0.99877983,0.04625644,0.01730526,0.05],[-0.04280404,0.98555011,-0.16389249,0.16],[-0.02463635,0.16295177,0.98632735,-0.95]]]
[[[1147.0411376953125,0,984.3319702148438],[0,1147.0411376953125,575.9387817382812],[0,0,1]],[[0.99890924,0.04435992,0.01459316,0.06],[-0.04158431,0.98715568,-0.15426141,0.15],[-0.0212488,0.15348628,0.98792338,-1.02]]]
[[[1147.0411376953125,0,984.3319702148438],[0,1147.0411376953125,575.9387817382812],[0,0,1]],[[0.99603927,0.05100294,0.07283508,0.08],[-0.0386281,0.98600262,-0.16220084,0.2],[-0.08008835,0.1587449,0.98406708,-1.11]]]
[[[1147.0411376953125,0,984.3319702148438],[0,1147.0411376953125,575.9387817382812],[0,0,1]],[[0.99176967,0.05075399,0.11754876,0.1],[-0.03058085,0.98540664,-0.16745506,0.19],[-0.12433235,0.16248208,0.97884804,-1.19]]]
[[[1147.0411376953125,0,984.3319702148438],[0,1147.0411376953125,575.9387817382812],[0,0,1]],[[0.99443638,0.03282752,0.10009807,0.12],[-0.01666361,0.9872632,-0.15822943,0.19],[-0.10401745,0.15568106,0.98231685,-1.29]]]
[[[1147.0411376953125,0,984.3319702148438],[0,1147.0411376953125,575.9387817382812],[0,0,1]],[[0.99872571,0.04993532,0.00738848,0.15],[-0.0477666,0.98221743,-0.18157737,0.23],[-0.01632429,0.18099296,0.9833504,-1.37]]]
[[[1147.0411376953125,0,984.3319702148438],[0,1147.0411376953125,575.9387817382812],[0,0,1]],[[0.99797696,0.03170848,-0.05511564,0.17],[-0.04169484,0.98075825,-0.19072956,0.22],[0.04800726,0.1926416,0.98009562,-1.45]]]
[[[1147.0411376953125,0,984.3319702148438],[0,1147.0411376953125,575.9387817382812],[0,0,1]],[[0.99985611,0.01168918,-0.01232986,0.2],[-0.01339109,0.98882741,-0.14847112,0.24],[0.0104565,0.14861478,0.98884124,-1.53]]]
[[[1147.0411376953125,0,984.3319702148438],[0,1147.0411376953125,575.9387817382812],[0,0,1]],[[0.99806541,0.01486924,0.06037768,0.21],[-0.00508839,0.98726368,-0.15902025,0.27],[-0.06197324,0.15840529,0.98542869,-1.6]]]
[[[1147.0411376953125,0,984.3319702148438],[0,1147.0411376953125,575.9387817382812],[0,0,1]],[[0.99204057,0.02710834,0.12296968,0.23],[-0.00403402,0.98289466,-0.18413219,0.27],[-0.12585777,0.18217041,0.97518015,-1.67]]]
[[[1147.0411376953125,0,984.3319702148438],[0,1147.0411376953125,575.9387817382812],[0,0,1]],[[0.99367243,0.0091412,0.11194848,0.26],[0.00979239,0.98583895,-0.16741745,0.31],[-0.11189356,0.16745423,0.9795109,-1.76]]]
[[[1147.0411376953125,0,984.3319702148438],[0,1147.0411376953125,575.9387817382812],[0,0,1]],[[0.99811244,0.04553887,0.04121274,0.26],[-0.03741613,0.98296046,-0.1799767,0.32],[-0.04870648,0.17809488,0.98280859,-1.84]]]
[[[1147.0411376953125,0,984.3319702148438],[0,1147.0411376953125,575.9387817382812],[0,0,1]],[[0.99803257,0.03927571,0.04888082,0.26],[-0.02897836,0.98019439,-0.19591388,0.34],[-0.05560741,0.19411185,0.97940361,-1.92]]]
[[[1147.0411376953125,0,984.3319702148438],[0,1147.0411376953125,575.9387817382812],[0,0,1]],[[0.99101007,0.01879807,0.13246356,0.26],[0.00697815,0.98147178,-0.19148774,0.37],[-0.13360885,0.19069055,0.97251678,-1.98]]]
[[[1147.0411376953125,0,984.3319702148438],[0,1147.0411376953125,575.9387817382812],[0,0,1]],[[0.97831202,0.03189875,0.20466821,0.25],[0.01284574,0.9768281,-0.21364671,0.38],[-0.20674066,0.21164221,0.95523244,-2.02]]]
[[[1147.0411376953125,0,984.3319702148438],[0,1147.0411376953125,575.9387817382812],[0,0,1]],[[0.96083856,0.04578369,0.27330318,0.26],[0.01593994,0.97549438,-0.21945378,0.38],[-0.27665293,0.21521595,0.93656212,-2.07]]]
[[[1147.0411376953125,0,984.3319702148438],[0,1147.0411376953125,575.9387817382812],[0,0,1]],[[9.61396754e-01,4.03432176e-04,2.75168478e-01,2.80000000e-01],[5.19678700e-02,9.81738920e-01,-1.83007050e-01,3.90000000e-01],[-2.70217150e-01,1.90242170e-01,9.43818810e-01,-2.13000000e+00]]]
[[[1147.0411376953125,0,984.3319702148438],[0,1147.0411376953125,575.9387817382812],[0,0,1]],[[0.97118098,0.00377054,0.23831706,0.27],[0.04694041,0.97726864,-0.20675148,0.43],[-0.23367915,0.21197967,0.94892681,-2.16]]]
[[[1147.0411376953125,0,984.3319702148438],[0,1147.0411376953125,575.9387817382812],[0,0,1]],[[0.97072148,0.01546386,0.23971316,0.28],[0.0381168,0.97536761,-0.21727504,0.43],[-0.23716819,0.22005048,0.94622004,-2.21]]]
[[[1147.0411376953125,0,984.3319702148438],[0,1147.0411376953125,575.9387817382812],[0,0,1]],[[0.95236367,0.00551624,0.30491742,0.32],[0.05570458,0.9798708,-0.19171144,0.45],[-0.29983696,0.19956419,0.93288547,-2.26]]]
[[[1147.0411376953125,0,984.3319702148438],[0,1147.0411376953125,575.9387817382812],[0,0,1]],[[0.92928672,0.00735767,0.36928856,0.32],[0.07022524,0.97804713,-0.19620286,0.49],[-0.36262476,0.20826192,0.90836865,-2.29]]]
[[[1147.0411376953125,0,984.3319702148438],[0,1147.0411376953125,575.9387817382812],[0,0,1]],[[0.90823501,0.01716635,0.41811076,0.33],[0.06154458,0.98281509,-0.17404057,0.5],[-0.41391271,0.18380204,0.89156967,-2.34]]]
[[[1147.0411376953125,0,984.3319702148438],[0,1147.0411376953125,575.9387817382812],[0,0,1]],[[9.0404642e-01,2.2802600e-03,4.2743075e-01,3.3000000e-01],[5.9486770e-02,9.8958492e-01,-1.3109788e-01,5.2000000e-01],[-4.2327738e-01,1.4394490e-01,8.9449400e-01,-2.3600000e+00]]]
[[[1147.0411376953125,0,984.3319702148438],[0,1147.0411376953125,575.9387817382812],[0,0,1]],[[0.89689267,0.00563108,0.44221517,0.33],[0.06106274,0.98876697,-0.13643697,0.58],[-0.43801531,0.14937201,0.88647276,-2.4]]]
[[[1147.0411376953125,0,984.3319702148438],[0,1147.0411376953125,575.9387817382812],[0,0,1]],[[0.88498914,-0.00479163,0.46558973,0.34],[0.0607677,0.99258506,-0.10529142,0.6],[-0.46163207,0.12147442,0.87871677,-2.44]]]
[[[1147.0411376953125,0,984.3319702148438],[0,1147.0411376953125,575.9387817382812],[0,0,1]],[[0.83603102,-0.02482852,0.54812229,0.38],[0.07296959,0.99513531,-0.06622071,0.68],[-0.54381073,0.09535871,0.83377445,-2.51]]]
[[[1147.0411376953125,0,984.3319702148438],[0,1147.0411376953125,575.9387817382812],[0,0,1]],[[0.8051762,-0.00732835,0.59299195,0.4],[0.06484529,0.99501777,-0.07575145,0.69],[-0.58948153,0.0994459,0.8016389,-2.55]]]
[[[1147.0411376953125,0,984.3319702148438],[0,1147.0411376953125,575.9387817382812],[0,0,1]],[[0.80227411,-0.01047652,0.59686553,0.43],[0.0674453,0.99503684,-0.07319079,0.74],[-0.59313536,0.09897473,0.7989977,-2.64]]]
[[[1147.0411376953125,0,984.3319702148438],[0,1147.0411376953125,575.9387817382812],[0,0,1]],[[0.86137748,-0.05001898,0.50549811,0.48],[0.09582558,0.99327528,-0.06500391,0.81],[-0.49884644,0.1044324,0.86037707,-2.74]]]
[[[1147.0411376953125,0,984.3319702148438],[0,1147.0411376953125,575.9387817382812],[0,0,1]],[[0.92761797,-0.01142595,0.37335739,0.52],[0.05534445,0.99270594,-0.1071249,0.84],[-0.36940938,0.1200341,0.9214831,-2.84]]]
[[[1147.0411376953125,0,984.3319702148438],[0,1147.0411376953125,575.9387817382812],[0,0,1]],[[0.93807966,-0.01986828,0.34585157,0.54],[0.05885667,0.99298215,-0.1025971,0.84],[-0.34138525,0.11659978,0.93266445,-2.95]]]
[[[1147.0411376953125,0,984.3319702148438],[0,1147.0411376953125,575.9387817382812],[0,0,1]],[[0.93548095,-0.02661598,0.35237572,0.58],[0.07259586,0.99036807,-0.11792073,0.86],[-0.34584227,0.13589342,0.92840111,-3.06]]]
[[[1147.0411376953125,0,984.3319702148438],[0,1147.0411376953125,575.9387817382812],[0,0,1]],[[0.93615353,-0.00946931,0.35146591,0.58],[0.06118581,0.988774,-0.13633268,0.87],[-0.34622863,0.14913283,0.92622226,-3.11]]]
[[[1147.0411376953125,0,984.3319702148438],[0,1147.0411376953125,575.9387817382812],[0,0,1]],[[0.95320141,-0.01839177,0.30177829,0.6],[0.06039112,0.98961741,-0.13044037,0.85],[-0.29624531,0.1425605,0.9444139,-3.19]]]
[[[1147.0411376953125,0,984.3319702148438],[0,1147.0411376953125,575.9387817382812],[0,0,1]],[[9.7665799e-01,-2.9083400e-03,2.1478350e-01,5.7000000e-01],[3.8388310e-02,9.8617619e-01,-1.6120464e-01,9.0000000e-01],[-2.1134500e-01,1.6568674e-01,9.6326715e-01,-3.2300000e+00]]]
[[[1147.0411376953125,0,984.3319702148438],[0,1147.0411376953125,575.9387817382812],[0,0,1]],[[0.99369049,0.0090819,0.11179308,0.58],[0.01321445,0.98029709,-0.19709645,0.91],[-0.11138003,0.19732991,0.97399044,-3.31]]]
[[[1147.0411376953125,0,984.3319702148438],[0,1147.0411376953125,575.9387817382812],[0,0,1]],[[9.9869865e-01,-2.7866400e-03,5.0933670e-02,5.3000000e-01],[1.1254960e-02,9.8593819e-01,-1.6674341e-01,9.4000000e-01],[-4.9752500e-02,1.6709945e-01,9.8468506e-01,-3.3600000e+00]]]
[[[1147.0411376953125,0,984.3319702148438],[0,1147.0411376953125,575.9387817382812],[0,0,1]],[[9.96569340e-01,1.39228500e-02,8.15882300e-02,5.20000000e-01],[4.91090410e-04,9.84740138e-01,-1.74042106e-01,9.50000000e-01],[-8.27660300e-02,1.73484880e-01,9.81353640e-01,-3.42000000e+00]]]
[[[1147.0411376953125,0,984.3319702148438],[0,1147.0411376953125,575.9387817382812],[0,0,1]],[[9.90198550e-01,2.28100400e-02,1.37795450e-01,5.10000000e-01],[-6.29303220e-04,9.87294793e-01,-1.58910081e-01,9.50000000e-01],[-1.39669110e-01,1.57265660e-01,9.77631090e-01,-3.49000000e+00]]]
[[[1147.0411376953125,0,984.3319702148438],[0,1147.0411376953125,575.9387817382812],[0,0,1]],[[9.8402798e-01,-3.2030100e-03,1.7798847e-01,4.9000000e-01],[2.3404180e-02,9.9348915e-01,-1.1151399e-01,9.7000000e-01],[-1.7647201e-01,1.1389843e-01,9.7769487e-01,-3.5100000e+00]]]
[[[1147.0411376953125,0,984.3319702148438],[0,1147.0411376953125,575.9387817382812],[0,0,1]],[[0.97676367,0.01790681,0.21357256,0.52],[0.01605627,0.98759115,-0.15623623,0.99],[-0.21371958,0.1560349,0.9643544,-3.57]]]
[[[1147.0411376953125,0,984.3319702148438],[0,1147.0411376953125,575.9387817382812],[0,0,1]],[[0.93729407,-0.01226885,0.34832519,0.57],[0.08842359,0.97505683,-0.20359161,1.],[-0.3371383,0.2216251,0.91499859,-3.62]]]
[[[1147.0411376953125,0,984.3319702148438],[0,1147.0411376953125,575.9387817382812],[0,0,1]],[[0.90360403,-0.02296685,0.42775398,0.59],[0.10130913,0.98169374,-0.16130047,1.02],[-0.41621807,0.18908691,0.88938802,-3.67]]]
[[[1147.0411376953125,0,984.3319702148438],[0,1147.0411376953125,575.9387817382812],[0,0,1]],[[0.86966521,-0.02632023,0.49294153,0.62],[0.1240571,0.97818536,-0.16663654,1.],[-0.47780129,0.2060706,0.85395759,-3.73]]]
[[[1147.0411376953125,0,984.3319702148438],[0,1147.0411376953125,575.9387817382812],[0,0,1]],[[0.86582112,-0.07465934,0.49475414,0.63],[0.17404924,0.97199571,-0.1579107,1.02],[-0.4691084,0.22283368,0.85456735,-3.79]]]
[[[1147.0411376953125,0,984.3319702148438],[0,1147.0411376953125,575.9387817382812],[0,0,1]],[[0.90632993,-0.02566843,0.42179301,0.62],[0.12278041,0.97109002,-0.20472892,1.03],[-0.40434295,0.23733945,0.88327777,-3.82]]]
[[[1147.0411376953125,0,984.3319702148438],[0,1147.0411376953125,575.9387817382812],[0,0,1]],[[0.91789776,-0.01733595,0.39644107,0.61],[0.10432911,0.97444367,-0.19894648,1.01],[-0.38285962,0.22397247,0.89624649,-3.9]]]
[[[1147.0411376953125,0,984.3319702148438],[0,1147.0411376953125,575.9387817382812],[0,0,1]],[[0.89630622,-0.00745752,0.44337562,0.59],[0.10817471,0.97333133,-0.2023094,1.05],[-0.43004152,0.22929282,0.87320787,-3.96]]]
[[[1147.0411376953125,0,984.3319702148438],[0,1147.0411376953125,575.9387817382812],[0,0,1]],[[0.87898791,0.00577385,0.47681165,0.59],[0.11342367,0.96869844,-0.22082341,1.04],[-0.46316049,0.24818249,0.85081768,-4.01]]]
[[[1147.0411376953125,0,984.3319702148438],[0,1147.0411376953125,575.9387817382812],[0,0,1]],[[0.89351213,-0.01622495,0.44874856,0.55],[0.11155599,0.97603995,-0.18683167,1.04],[-0.434964,0.21699668,0.87391168,-4.06]]]
[[[1147.0411376953125,0,984.3319702148438],[0,1147.0411376953125,575.9387817382812],[0,0,1]],[[0.93534976,0.00436557,0.353701,0.51],[0.07734936,0.973203,-0.21655956,1.08],[-0.3451671,0.22991714,0.90994525,-4.1]]]
[[[1147.0411376953125,0,984.3319702148438],[0,1147.0411376953125,575.9387817382812],[0,0,1]],[[0.95755494,0.0302766,0.28666094,0.51],[0.05272502,0.95929766,-0.27744073,1.08],[-0.28339216,0.28077847,0.91698158,-4.17]]]
[[[1147.0411376953125,0,984.3319702148438],[0,1147.0411376953125,575.9387817382812],[0,0,1]],[[0.94627553,0.01638673,0.32295007,0.5],[0.06785168,0.96642238,-0.24784921,1.11],[-0.31616655,0.25644585,0.91338772,-4.22]]]
[[[1147.0411376953125,0,984.3319702148438],[0,1147.0411376953125,575.9387817382812],[0,0,1]],[[0.92427647,0.02049084,0.3811768,0.51],[0.0926089,0.95669246,-0.27598661,1.12],[-0.37032294,0.29038772,0.88234842,-4.28]]]
[[[1147.0411376953125,0,984.3319702148438],[0,1147.0411376953125,575.9387817382812],[0,0,1]],[[9.2852432e-01,1.6197600e-03,3.7127140e-01,5.2000000e-01],[1.1021098e-01,9.5371711e-01,-2.7979100e-01,1.0700000e+00],[-3.5453990e-01,3.0071035e-01,8.8536876e-01,-4.3500000e+00]]]
[[[1147.0411376953125,0,984.3319702148438],[0,1147.0411376953125,575.9387817382812],[0,0,1]],[[0.95999932,-0.00947188,0.27984631,0.53],[0.0953261,0.95078588,-0.29483077,1.08],[-0.26328033,0.30971342,0.91365433,-4.43]]]
[[[1147.0411376953125,0,984.3319702148438],[0,1147.0411376953125,575.9387817382812],[0,0,1]],[[9.8790741e-01,-3.1691400e-03,1.5502137e-01,5.3000000e-01],[4.9983960e-02,9.5292985e-01,-2.9905266e-01,1.1200000e+00],[-1.4677611e-01,3.0318439e-01,9.4156218e-01,-4.4900000e+00]]]
[[[1147.0411376953125,0,984.3319702148438],[0,1147.0411376953125,575.9387817382812],[0,0,1]],[[0.99014252,0.01833757,0.13886951,0.52],[0.0231699,0.95629948,-0.29148003,1.12],[-0.13814528,0.29182389,0.94644505,-4.55]]]
[[[1147.0411376953125,0,984.3319702148438],[0,1147.0411376953125,575.9387817382812],[0,0,1]],[[0.9808839,0.02903663,0.19242382,0.55],[0.0324199,0.95060772,-0.30870709,1.15],[-0.1918826,0.30904368,0.93149149,-4.62]]]
[[[1147.0411376953125,0,984.3319702148438],[0,1147.0411376953125,575.9387817382812],[0,0,1]],[[0.97705436,0.00927349,0.21279517,0.58],[0.05599044,0.95273727,-0.29860136,1.12],[-0.20550613,0.30366373,0.930354,-4.7]]]
[[[1147.0411376953125,0,984.3319702148438],[0,1147.0411376953125,575.9387817382812],[0,0,1]],[[0.99325901,-0.05220079,0.10351189,0.61],[0.07798879,0.96151608,-0.2634593,1.18],[-0.08577507,0.26975572,0.95910251,-4.77]]]
[[[1147.0411376953125,0,984.3319702148438],[0,1147.0411376953125,575.9387817382812],[0,0,1]],[[0.9963401,-0.08305745,-0.02027689,0.65],[0.07360435,0.95394331,-0.29082829,1.15],[0.04349853,0.28827098,0.95656198,-4.85]]]
[[[1147.0411376953125,0,984.3319702148438],[0,1147.0411376953125,575.9387817382812],[0,0,1]],[[0.99445552,-0.07496793,-0.0737671,0.68],[0.04923949,0.95162117,-0.3033137,1.16],[0.09293702,0.29799914,0.95003277,-4.95]]]
[[[1147.0411376953125,0,984.3319702148438],[0,1147.0411376953125,575.9387817382812],[0,0,1]],[[0.99660736,-0.07611831,-0.03135816,0.7],[0.06488319,0.96070087,-0.2699087,1.19],[0.05067084,0.266958,0.96237683,-5.06]]]
[[[1147.0411376953125,0,984.3319702148438],[0,1147.0411376953125,575.9387817382812],[0,0,1]],[[0.99612916,-0.06697286,0.05696414,0.73],[0.08000571,0.95914149,-0.27139199,1.2],[-0.03646041,0.27489859,0.96078354,-5.12]]]
[[[1147.0411376953125,0,984.3319702148438],[0,1147.0411376953125,575.9387817382812],[0,0,1]],[[0.99284184,-0.08043732,0.08831085,0.76],[0.10246432,0.95349109,-0.28348351,1.2],[-0.06140048,0.29050258,0.95490432,-5.2]]]
[[[1147.0411376953125,0,984.3319702148438],[0,1147.0411376953125,575.9387817382812],[0,0,1]],[[0.99562168,-0.07185514,0.05981971,0.78],[0.08769235,0.93958604,-0.33090097,1.22],[-0.03242847,0.33469734,0.94176978,-5.28]]]
[[[1147.0411376953125,0,984.3319702148438],[0,1147.0411376953125,575.9387817382812],[0,0,1]],[[0.99778777,-0.05364397,0.03931804,0.82],[0.06383305,0.93841016,-0.33958581,1.21],[-0.01867941,0.34134388,0.93975514,-5.37]]]
[[[1147.0411376953125,0,984.3319702148438],[0,1147.0411376953125,575.9387817382812],[0,0,1]],[[0.99137741,-0.05133267,0.12058137,0.84],[0.08176672,0.96132487,-0.26301202,1.21],[-0.10241617,0.27060351,0.95722973,-5.43]]]
[[[1147.0411376953125,0,984.3319702148438],[0,1147.0411376953125,575.9387817382812],[0,0,1]],[[0.96392667,-0.03467167,0.26390862,0.88],[0.10216031,0.96373993,-0.246527,1.3],[-0.24579068,0.26459467,0.93251324,-5.5]]]
[[[1147.0411376953125,0,984.3319702148438],[0,1147.0411376953125,575.9387817382812],[0,0,1]],[[0.90813875,-0.03765577,0.41697815,0.94],[0.14961512,0.95937544,-0.23920986,1.3],[-0.39102924,0.27962154,0.87687641,-5.62]]]
[[[1147.0411376953125,0,984.3319702148438],[0,1147.0411376953125,575.9387817382812],[0,0,1]],[[0.9096508,-0.0516794,0.41215196,1.],[0.18572374,0.9381305,-0.29227501,1.31],[-0.37154618,0.3424139,0.86296594,-5.78]]]
[[[1147.0411376953125,0,984.3319702148438],[0,1147.0411376953125,575.9387817382812],[0,0,1]],[[0.94815785,-0.04171418,0.31505725,1.02],[0.14329636,0.94097418,-0.30666056,1.33],[-0.28366745,0.33590847,0.89816612,-5.89]]]
[[[1147.0411376953125,0,984.3319702148438],[0,1147.0411376953125,575.9387817382812],[0,0,1]],[[0.94665617,-0.04526455,0.31905711,1.],[0.15003173,0.93814629,-0.31205603,1.33],[-0.28519592,0.34327772,0.89488971,-5.97]]]
[[[1147.0411376953125,0,984.3319702148438],[0,1147.0411376953125,575.9387817382812],[0,0,1]],[[0.91390395,-0.0416562,0.40379238,0.95],[0.17498729,0.93798482,-0.29928422,1.37],[-0.36628252,0.34417489,0.86451405,-6.01]]]
[[[1147.0411376953125,0,984.3319702148438],[0,1147.0411376953125,575.9387817382812],[0,0,1]],[[0.85071683,-0.03284346,0.52460086,0.92],[0.2126803,0.93420911,-0.28640455,1.38],[-0.48067844,0.35522074,0.80172956,-6.09]]]
[[[1147.0411376953125,0,984.3319702148438],[0,1147.0411376953125,575.9387817382812],[0,0,1]],[[0.84757125,-0.05217311,0.52811486,0.9],[0.24675412,0.91978472,-0.30514884,1.42],[-0.46982947,0.38894892,0.79245383,-6.12]]]
[[[1147.0411376953125,0,984.3319702148438],[0,1147.0411376953125,575.9387817382812],[0,0,1]],[[0.90369296,-0.01945423,0.42774406,0.87],[0.1803862,0.92329478,-0.33910874,1.43],[-0.38833505,0.38360828,0.83788091,-6.19]]]
[[[1147.0411376953125,0,984.3319702148438],[0,1147.0411376953125,575.9387817382812],[0,0,1]],[[0.88555235,-0.01740854,0.46421814,0.81],[0.18522102,0.9296658,-0.31846818,1.43],[-0.42602184,0.36800218,0.82648867,-6.26]]]
[[[1147.0411376953125,0,984.3319702148438],[0,1147.0411376953125,575.9387817382812],[0,0,1]],[[0.82666802,-0.02741607,0.56202543,0.78],[0.22737759,0.9299131,-0.28908154,1.44],[-0.51470739,0.36676547,0.7749601,-6.29]]]
[[[1147.0411376953125,0,984.3319702148438],[0,1147.0411376953125,575.9387817382812],[0,0,1]],[[0.76750159,-0.03816905,0.63991266,0.74],[0.25693911,0.93285567,-0.25252661,1.44],[-0.58730537,0.35823229,0.72577262,-6.31]]]
[[[1147.0411376953125,0,984.3319702148438],[0,1147.0411376953125,575.9387817382812],[0,0,1]],[[0.75022632,-0.07186203,0.65726715,0.71],[0.26556852,0.94312006,-0.20001294,1.46],[-0.60550624,0.32460374,0.72663492,-6.38]]]
[[[1147.0411376953125,0,984.3319702148438],[0,1147.0411376953125,575.9387817382812],[0,0,1]],[[0.75788331,-0.05593378,0.64999086,0.68],[0.24759473,0.94644189,-0.20724879,1.49],[-0.60358393,0.31800395,0.73113859,-6.42]]]
[[[1147.0411376953125,0,984.3319702148438],[0,1147.0411376953125,575.9387817382812],[0,0,1]],[[0.7629773,-0.03253601,0.64560872,0.66],[0.23986915,0.94168198,-0.23601939,1.49],[-0.60027653,0.3349382,0.72628355,-6.49]]]
[[[1147.0411376953125,0,984.3319702148438],[0,1147.0411376953125,575.9387817382812],[0,0,1]],[[0.75665987,-0.05404076,0.65157443,0.64],[0.24682902,0.94644636,-0.20814031,1.51],[-0.60542965,0.3183181,0.72947365,-6.55]]]
[[[1147.0411376953125,0,984.3319702148438],[0,1147.0411376953125,575.9387817382812],[0,0,1]],[[0.75434053,-0.02894204,0.65584791,0.63],[0.24096869,0.9415043,-0.23560852,1.53],[-0.6106621,0.335767,0.71718591,-6.61]]]
[[[1147.0411376953125,0,984.3319702148438],[0,1147.0411376953125,575.9387817382812],[0,0,1]],[[0.78967452,-0.03326787,0.61262649,0.61],[0.23623087,0.93803447,-0.25356248,1.53],[-0.5662269,0.34495223,0.74859762,-6.7]]]
[[[1147.0411376953125,0,984.3319702148438],[0,1147.0411376953125,575.9387817382812],[0,0,1]],[[0.8425172,-0.04375362,0.53689331,0.56],[0.22329006,0.93540454,-0.27416691,1.58],[-0.49021471,0.35087243,0.7978608,-6.77]]]
[[[1147.0411376953125,0,984.3319702148438],[0,1147.0411376953125,575.9387817382812],[0,0,1]],[[8.8926154e-01,-1.1721900e-03,4.5740226e-01,5.3000000e-01],[1.7088628e-01,9.2844176e-01,-3.2985032e-01,1.5900000e+00],[-4.2428303e-01,3.7148604e-01,8.2582432e-01,-6.8100000e+00]]]
[[[1147.0411376953125,0,984.3319702148438],[0,1147.0411376953125,575.9387817382812],[0,0,1]],[[9.0739995e-01,1.0053100e-03,4.2027217e-01,4.8000000e-01],[1.4164698e-01,9.4076139e-01,-3.0807704e-01,1.5900000e+00],[-3.9568397e-01,3.3907855e-01,8.5350084e-01,-6.8600000e+00]]]
[[[1147.0411376953125,0,984.3319702148438],[0,1147.0411376953125,575.9387817382812],[0,0,1]],[[8.9837617e-01,2.9330500e-03,4.3922254e-01,4.7000000e-01],[1.4072344e-01,9.4534785e-01,-2.9414544e-01,1.6200000e+00],[-4.1607919e-01,3.2606137e-01,8.4886158e-01,-6.9300000e+00]]]
[[[1147.0411376953125,0,984.3319702148438],[0,1147.0411376953125,575.9387817382812],[0,0,1]],[[9.00980473e-01,4.61519492e-04,4.33865130e-01,4.60000000e-01],[1.42762420e-01,9.44000960e-01,-2.97469790e-01,1.65000000e+00],[-4.09704720e-01,3.29953310e-01,8.50456710e-01,-7.02000000e+00]]]
[[[1147.0411376953125,0,984.3319702148438],[0,1147.0411376953125,575.9387817382812],[0,0,1]],[[0.91389275,-0.04299813,0.40367857,0.44],[0.17575164,0.93826801,-0.29794583,1.68],[-0.36594605,0.34323683,0.86502939,-7.1]]]
[[[1147.0411376953125,0,984.3319702148438],[0,1147.0411376953125,575.9387817382812],[0,0,1]],[[0.93594933,-0.03341605,0.35055313,0.41],[0.14853592,0.94006091,-0.30696899,1.72],[-0.31928226,0.33937621,0.88480884,-7.18]]]
[[[1147.0411376953125,0,984.3319702148438],[0,1147.0411376953125,575.9387817382812],[0,0,1]],[[0.94075054,-0.03484973,0.33731142,0.38],[0.14544122,0.94004041,-0.30850929,1.75],[-0.30633369,0.33928835,0.88940829,-7.21]]]
[[[1147.0411376953125,0,984.3319702148438],[0,1147.0411376953125,575.9387817382812],[0,0,1]],[[0.92422831,-0.04125582,0.37961197,0.37],[0.1585741,0.94583988,-0.28328201,1.78],[-0.34736362,0.32201302,0.88071018,-7.29]]]
[[[1147.0411376953125,0,984.3319702148438],[0,1147.0411376953125,575.9387817382812],[0,0,1]],[[0.88893956,-0.04030411,0.45625356,0.34],[0.17976008,0.94690281,-0.26658803,1.82],[-0.42128122,0.31899592,0.84898061,-7.38]]]
[[[1147.0411376953125,0,984.3319702148438],[0,1147.0411376953125,575.9387817382812],[0,0,1]],[[0.88097298,-0.07569566,0.46707818,0.33],[0.2128078,0.9450413,-0.24822901,1.84],[-0.42261633,0.31808004,0.84866059,-7.5]]]
[[[1147.0411376953125,0,984.3319702148438],[0,1147.0411376953125,575.9387817382812],[0,0,1]],[[0.90699261,-0.02152247,0.42060313,0.32],[0.16196711,0.93971521,-0.30118164,1.91],[-0.38876307,0.34129223,0.85579646,-7.58]]]
[[[1147.0411376953125,0,984.3319702148438],[0,1147.0411376953125,575.9387817382812],[0,0,1]],[[0.92852908,-0.01252678,0.37105653,0.29],[0.14821911,0.9288429,-0.33954474,1.92],[-0.34039801,0.37027344,0.86430991,-7.63]]]
[[[1147.0411376953125,0,984.3319702148438],[0,1147.0411376953125,575.9387817382812],[0,0,1]],[[0.89819282,-0.04890844,0.43687937,0.27],[0.18805332,0.9410249,-0.28127691,1.98],[-0.39735553,0.33479634,0.85441482,-7.72]]]
[[[1147.0411376953125,0,984.3319702148438],[0,1147.0411376953125,575.9387817382812],[0,0,1]],[[0.85316527,-0.03982298,0.5201242,0.23],[0.20632604,0.94153911,-0.26635051,2.01],[-0.47910786,0.33455497,0.81150067,-7.81]]]
[[[1147.0411376953125,0,984.3319702148438],[0,1147.0411376953125,575.9387817382812],[0,0,1]],[[0.83854359,-0.03642993,0.54362094,0.21],[0.23403211,0.92511362,-0.29900301,2.03],[-0.49201578,0.37795034,0.78426957,-7.93]]]
[[[1147.0411376953125,0,984.3319702148438],[0,1147.0411376953125,575.9387817382812],[0,0,1]],[[8.6251473e-01,-5.2528500e-03,5.0601077e-01,1.7000000e-01],[1.9480538e-01,9.2633367e-01,-3.2243702e-01,2.0600000e+00],[-4.6703869e-01,3.7667882e-01,7.9999548e-01,-8.0000000e+00]]]
[[[1147.0411376953125,0,984.3319702148438],[0,1147.0411376953125,575.9387817382812],[0,0,1]],[[0.87992758,0.00940061,0.47502148,0.15],[0.17526628,0.92287183,-0.34292582,2.11],[-0.44160548,0.38500357,0.81040829,-8.08]]]
[[[1147.0411376953125,0,984.3319702148438],[0,1147.0411376953125,575.9387817382812],[0,0,1]],[[0.86266524,-0.02606372,0.50510973,0.1],[0.19343439,0.93975592,-0.28187048,2.18],[-0.4673309,0.34086415,0.81573182,-8.16]]]
[[[1147.0411376953125,0,984.3319702148438],[0,1147.0411376953125,575.9387817382812],[0,0,1]],[[7.95884073e-01,2.03117350e-04,6.05454147e-01,7.00000000e-02],[2.18766110e-01,9.32347540e-01,-2.87885930e-01,2.19000000e+00],[-5.64549390e-01,3.61575250e-01,7.41992060e-01,-8.22000000e+00]]]
[[[1147.0411376953125,0,984.3319702148438],[0,1147.0411376953125,575.9387817382812],[0,0,1]],[[0.76177245,-0.01366574,0.64770544,0.03],[0.23526469,0.93736434,-0.25691965,2.19],[-0.60362184,0.34809506,0.71726936,-8.26]]]
[[[1147.0411376953125,0,984.3319702148438],[0,1147.0411376953125,575.9387817382812],[0,0,1]],[[7.7236074e-01,-7.9423500e-03,6.3513935e-01,1.0000000e-02],[2.2331892e-01,9.3948501e-01,-2.5981849e-01,2.2700000e+00],[-5.9463716e-01,3.4251076e-01,7.2739112e-01,-8.3300000e+00]]]
[[[1147.0411376953125,0,984.3319702148438],[0,1147.0411376953125,575.9387817382812],[0,0,1]],[[0.80472428,0.02890742,0.59295017,-0.01],[0.19240032,0.93220711,-0.30656332,2.32],[-0.56161112,0.3607811,0.74460375,-8.38]]]
[[[1147.0411376953125,0,984.3319702148438],[0,1147.0411376953125,575.9387817382812],[0,0,1]],[[7.6519978e-01,3.8611300e-03,6.4378643e-01,-3.0000000e-02],[2.2926864e-01,9.3279392e-01,-2.7810144e-01,2.3400000e+00],[-6.0159022e-01,3.6040157e-01,7.1288478e-01,-8.4600000e+00]]]
[[[1147.0411376953125,0,984.3319702148438],[0,1147.0411376953125,575.9387817382812],[0,0,1]],[[0.67423248,0.02428772,0.73812425,-0.06],[0.24480988,0.93560427,-0.25440478,2.37],[-0.69676685,0.35222644,0.62486577,-8.48]]]
[[[1147.0411376953125,0,984.3319702148438],[0,1147.0411376953125,575.9387817382812],[0,0,1]],[[0.62195563,0.02786829,0.78256071,-0.08],[0.25757068,0.93647975,-0.23805892,2.38],[-0.7394821,0.34962514,0.57526803,-8.49]]]
[[[1147.0411376953125,0,984.3319702148438],[0,1147.0411376953125,575.9387817382812],[0,0,1]],[[0.63253415,0.02737147,0.77405286,-0.12],[0.25391224,0.93682486,-0.24061717,2.38],[-0.73173374,0.34873843,0.585621,-8.53]]]
[[[1147.0411376953125,0,984.3319702148438],[0,1147.0411376953125,575.9387817382812],[0,0,1]],[[0.64520079,0.07700352,0.76012707,-0.15],[0.21059266,0.93844658,-0.27382025,2.4],[-0.73441947,0.33674461,0.58926731,-8.55]]]
[[[1147.0411376953125,0,984.3319702148438],[0,1147.0411376953125,575.9387817382812],[0,0,1]],[[0.59459502,0.01997995,0.80378121,-0.16],[0.24527313,0.94753754,-0.20499335,2.42],[-0.76570404,0.3190324,0.55849802,-8.57]]]
[[[1147.0411376953125,0,984.3319702148438],[0,1147.0411376953125,575.9387817382812],[0,0,1]],[[5.7594228e-01,7.7552200e-03,8.1745768e-01,-1.9000000e-01],[2.5776210e-01,9.4722831e-01,-1.9059336e-01,2.4400000e+00],[-7.7579260e-01,3.2047877e-01,5.4354751e-01,-8.5500000e+00]]]
[[[1147.0411376953125,0,984.3319702148438],[0,1147.0411376953125,575.9387817382812],[0,0,1]],[[0.59651273,0.01126314,0.80252868,-0.24],[0.25389099,0.94591111,-0.20199037,2.44],[-0.76139146,0.32424304,0.56138605,-8.53]]]
[[[1147.0411376953125,0,984.3319702148438],[0,1147.0411376953125,575.9387817382812],[0,0,1]],[[0.68420267,-0.02477092,0.72887576,-0.27],[0.25674215,0.94362992,-0.20893684,2.47],[-0.68260944,0.33008662,0.65199095,-8.54]]]
[[[1147.0411376953125,0,984.3319702148438],[0,1147.0411376953125,575.9387817382812],[0,0,1]],[[7.9869330e-01,-3.0198200e-03,6.0173631e-01,-3.2000000e-01],[2.0639440e-01,9.4070470e-01,-2.6922914e-01,2.5100000e+00],[-5.6523991e-01,3.3922482e-01,7.5195438e-01,-8.5500000e+00]]]
[[[1147.0411376953125,0,984.3319702148438],[0,1147.0411376953125,575.9387817382812],[0,0,1]],[[8.5235047e-01,-2.5202100e-03,5.2297139e-01,-3.7000000e-01],[1.8241988e-01,9.3861943e-01,-2.9278854e-01,2.5300000e+00],[-4.9013028e-01,3.4495714e-01,8.0048871e-01,-8.5500000e+00]]]
[[[1147.0411376953125,0,984.3319702148438],[0,1147.0411376953125,575.9387817382812],[0,0,1]],[[0.85073811,0.02984387,0.52474838,-0.42],[0.18001537,0.9214626,-0.34425217,2.57],[-0.49380678,0.38732943,0.77854723,-8.57]]]
[[[1147.0411376953125,0,984.3319702148438],[0,1147.0411376953125,575.9387817382812],[0,0,1]],[[0.86616069,0.04459852,0.49777839,-0.45],[0.16234292,0.91689408,-0.36463436,2.57],[-0.47266927,0.39664093,0.7869336,-8.62]]]
[[[1147.0411376953125,0,984.3319702148438],[0,1147.0411376953125,575.9387817382812],[0,0,1]],[[0.91245204,-0.02713807,0.40829089,-0.47],[0.17332028,0.92950618,-0.32555544,2.6],[-0.3706716,0.36781713,0.85282928,-8.65]]]
[[[1147.0411376953125,0,984.3319702148438],[0,1147.0411376953125,575.9387817382812],[0,0,1]],[[9.5987386e-01,-5.0449800e-03,2.8039822e-01,-5.1000000e-01],[9.8058830e-02,9.4276822e-01,-3.1871715e-01,2.6600000e+00],[-2.6274073e-01,3.3342230e-01,9.0542895e-01,-8.6800000e+00]]]
[[[1147.0411376953125,0,984.3319702148438],[0,1147.0411376953125,575.9387817382812],[0,0,1]],[[9.7784734e-01,4.0459700e-03,2.0929551e-01,-5.5000000e-01],[6.5382530e-02,9.4389570e-01,-3.2371914e-01,2.6800000e+00],[-1.9886130e-01,3.3023068e-01,9.2271686e-01,-8.7300000e+00]]]
[[[1147.0411376953125,0,984.3319702148438],[0,1147.0411376953125,575.9387817382812],[0,0,1]],[[9.66104150e-01,-8.26010306e-04,2.58163661e-01,-5.70000000e-01],[8.64394500e-02,9.43315570e-01,-3.20456330e-01,2.72000000e+00],[-2.43263290e-01,3.31908200e-01,9.11408070e-01,-8.75000000e+00]]]
[[[1147.0411376953125,0,984.3319702148438],[0,1147.0411376953125,575.9387817382812],[0,0,1]],[[0.93233681,0.03386516,0.36001098,-0.6],[0.09220172,0.94043589,-0.32724264,2.75],[-0.34964696,0.33829239,0.87367618,-8.77]]]
[[[1147.0411376953125,0,984.3319702148438],[0,1147.0411376953125,575.9387817382812],[0,0,1]],[[0.91556799,0.01621785,0.40184465,-0.62],[0.12028051,0.942415,-0.31208274,2.76],[-0.38376305,0.33406547,0.86088973,-8.84]]]
[[[1147.0411376953125,0,984.3319702148438],[0,1147.0411376953125,575.9387817382812],[0,0,1]],[[0.89627612,0.02418702,0.44284478,-0.67],[0.12956643,0.94067645,-0.31360728,2.83],[-0.42415592,0.33845484,0.83996749,-8.87]]]
[[[1147.0411376953125,0,984.3319702148438],[0,1147.0411376953125,575.9387817382812],[0,0,1]],[[0.85250509,0.05269958,0.52006233,-0.69],[0.13897167,0.93625462,-0.32268086,2.85],[-0.50391269,0.34735939,0.79083419,-8.93]]]
[[[1147.0411376953125,0,984.3319702148438],[0,1147.0411376953125,575.9387817382812],[0,0,1]],[[0.75279719,0.02707134,0.65770131,-0.71],[0.19161597,0.94687694,-0.25829518,2.85],[-0.62975061,0.32046843,0.70761549,-8.97]]]
[[[1147.0411376953125,0,984.3319702148438],[0,1147.0411376953125,575.9387817382812],[0,0,1]],[[0.66194063,0.01783162,0.749349,-0.72],[0.20955297,0.95545655,-0.20784551,2.87],[-0.71967226,0.29460835,0.62871575,-9.01]]]
[[[1147.0411376953125,0,984.3319702148438],[0,1147.0411376953125,575.9387817382812],[0,0,1]],[[0.61980504,-0.02265085,0.78443348,-0.74],[0.2205922,0.96431351,-0.14645156,2.86],[-0.75311798,0.2638101,0.60268009,-9.07]]]
[[[1147.0411376953125,0,984.3319702148438],[0,1147.0411376953125,575.9387817382812],[0,0,1]],[[6.2247974e-01,-3.4955900e-03,7.8263289e-01,-7.9000000e-01],[2.0441648e-01,9.6600914e-01,-1.5827118e-01,2.9300000e+00],[-7.5547254e-01,2.5850242e-01,6.0203278e-01,-9.1100000e+00]]]
[[[1147.0411376953125,0,984.3319702148438],[0,1147.0411376953125,575.9387817382812],[0,0,1]],[[0.64109343,0.01970261,0.76721507,-0.81],[0.21014921,0.95696163,-0.20017833,2.96],[-0.73813456,0.28956121,0.60935831,-9.15]]]
[[[1147.0411376953125,0,984.3319702148438],[0,1147.0411376953125,575.9387817382812],[0,0,1]],[[0.63083869,-0.0108605,0.77584308,-0.84],[0.23673688,0.95492405,-0.1791234,2.98],[-0.73892111,0.29666713,0.60497105,-9.21]]]
[[[1147.0411376953125,0,984.3319702148438],[0,1147.0411376953125,575.9387817382812],[0,0,1]],[[0.62215352,0.02569324,0.78247851,-0.87],[0.22488804,0.95147926,-0.21005215,3.01],[-0.74990439,0.3066532,0.58618516,-9.24]]]
[[[1147.0411376953125,0,984.3319702148438],[0,1147.0411376953125,575.9387817382812],[0,0,1]],[[6.9226587e-01,5.0441700e-03,7.2163016e-01,-8.7000000e-01],[2.2718367e-01,9.4761199e-01,-2.2456275e-01,3.0100000e+00],[-6.8495393e-01,3.1939813e-01,6.5485024e-01,-9.3300000e+00]]]
[[[1147.0411376953125,0,984.3319702148438],[0,1147.0411376953125,575.9387817382812],[0,0,1]],[[0.80236965,-0.01768702,0.59657168,-0.91],[0.19979942,0.94985235,-0.24056244,3.06],[-0.56239647,0.31221309,0.76566243,-9.35]]]
[[[1147.0411376953125,0,984.3319702148438],[0,1147.0411376953125,575.9387817382812],[0,0,1]],[[0.89959854,0.02114889,0.43621436,-0.94],[0.12575483,0.94398308,-0.30510885,3.1],[-0.41822866,0.32932985,0.84654146,-9.41]]]
[[[1147.0411376953125,0,984.3319702148438],[0,1147.0411376953125,575.9387817382812],[0,0,1]],[[9.0560949e-01,-1.3032700e-03,4.2412010e-01,-9.6000000e-01],[1.3148347e-01,9.5159537e-01,-2.7782759e-01,3.1300000e+00],[-4.0322566e-01,3.0736637e-01,8.6194003e-01,-9.5100000e+00]]]
[[[1147.0411376953125,0,984.3319702148438],[0,1147.0411376953125,575.9387817382812],[0,0,1]],[[0.86803073,0.03039574,0.49558759,-1.01],[0.14449722,0.9394629,-0.31070888,3.19],[-0.47502688,0.3413139,0.8110857,-9.61]]]
[[[1147.0411376953125,0,984.3319702148438],[0,1147.0411376953125,575.9387817382812],[0,0,1]],[[0.86401141,0.04067265,0.50183499,-1.03],[0.15691768,0.92533773,-0.34516209,3.18],[-0.47840208,0.37696853,0.79311544,-9.72]]]
[[[1147.0411376953125,0,984.3319702148438],[0,1147.0411376953125,575.9387817382812],[0,0,1]],[[0.88006783,0.02987795,0.47391608,-1.06],[0.15691534,0.92366117,-0.34962517,3.21],[-0.44818065,0.38205624,0.80819118,-9.82]]]
[[[1147.0411376953125,0,984.3319702148438],[0,1147.0411376953125,575.9387817382812],[0,0,1]],[[0.90181684,0.0167075,0.43180555,-1.09],[0.15693718,0.91836762,-0.36329299,3.22],[-0.40262294,0.39538759,0.82557231,-9.91]]]
[[[1147.0411376953125,0,984.3319702148438],[0,1147.0411376953125,575.9387817382812],[0,0,1]],[[0.87066501,-0.01196216,0.49173993,-1.14],[0.17397892,0.942577,-0.28511381,3.25],[-0.46008876,0.33378896,0.82274508,-10.]]]
[[[1147.0411376953125,0,984.3319702148438],[0,1147.0411376953125,575.9387817382812],[0,0,1]],[[0.79655713,-0.01389034,0.60441101,-1.2],[0.19123264,0.95419878,-0.23009725,3.28],[-0.57352793,0.29886687,0.76272571,-10.03]]]
[[[1147.0411376953125,0,984.3319702148438],[0,1147.0411376953125,575.9387817382812],[0,0,1]],[[0.75625175,0.01668585,0.65407473,-1.23],[0.1946466,0.94868076,-0.24925451,3.29],[-0.62466264,0.31581056,0.71418935,-10.09]]]
[[[1147.0411376953125,0,984.3319702148438],[0,1147.0411376953125,575.9387817382812],[0,0,1]],[[0.76817399,0.01938821,0.63995433,-1.27],[0.17554185,0.95486516,-0.23964132,3.32],[-0.61571187,0.29642317,0.73009479,-10.2]]]
[[[1147.0411376953125,0,984.3319702148438],[0,1147.0411376953125,575.9387817382812],[0,0,1]],[[0.78391618,0.0153898,0.62068325,-1.32],[0.16549732,0.95834905,-0.23278308,3.36],[-0.5984093,0.285202,0.74871373,-10.32]]]
[[[1147.0411376953125,0,984.3319702148438],[0,1147.0411376953125,575.9387817382812],[0,0,1]],[[7.4959147e-01,-1.2120500e-03,6.6190642e-01,-1.3700000e+00],[1.8100998e-01,9.6226013e-01,-2.0322655e-01,3.4000000e+00],[-6.3667524e-01,2.7214682e-01,7.2151715e-01,-1.0390000e+01]]]
[[[1147.0411376953125,0,984.3319702148438],[0,1147.0411376953125,575.9387817382812],[0,0,1]],[[6.7917693e-01,4.7612200e-03,7.3396546e-01,-1.4000000e+00],[2.0223986e-01,9.6006101e-01,-1.9337074e-01,3.4100000e+00],[-7.0556724e-01,2.7976820e-01,6.5108454e-01,-1.0420000e+01]]]
[[[1147.0411376953125,0,984.3319702148438],[0,1147.0411376953125,575.9387817382812],[0,0,1]],[[6.5061331e-01,-3.6352800e-03,7.5940651e-01,-1.4200000e+00],[2.1153450e-01,9.6128339e-01,-1.7662792e-01,3.4000000e+00],[-7.2935766e-01,2.7555543e-01,6.2618929e-01,-1.0500000e+01]]]
[[[1147.0411376953125,0,984.3319702148438],[0,1147.0411376953125,575.9387817382812],[0,0,1]],[[6.7584985e-01,6.1884500e-03,7.3701960e-01,-1.4700000e+00],[1.8874216e-01,9.6517360e-01,-1.8118104e-01,3.4600000e+00],[-7.1246785e-01,2.6155618e-01,6.5114057e-01,-1.0580000e+01]]]
[[[1147.0411376953125,0,984.3319702148438],[0,1147.0411376953125,575.9387817382812],[0,0,1]],[[0.71333778,-0.01369063,0.70069307,-1.49],[0.19932413,0.96248728,-0.18411502,3.48],[-0.67188269,0.27099952,0.6893034,-10.63]]]
[[[1147.0411376953125,0,984.3319702148438],[0,1147.0411376953125,575.9387817382812],[0,0,1]],[[0.6926862,-0.03695864,0.72029793,-1.53],[0.23494956,0.95577985,-0.17690141,3.53],[-0.68190306,0.29176888,0.67073488,-10.71]]]
[[[1147.0411376953125,0,984.3319702148438],[0,1147.0411376953125,575.9387817382812],[0,0,1]],[[6.5109670e-01,6.6794900e-03,7.5897121e-01,-1.5400000e+00],[2.3515648e-01,9.4898707e-01,-2.1008456e-01,3.5500000e+00],[-7.2165167e-01,3.1526026e-01,6.1630797e-01,-1.0790000e+01]]]
[[[1147.0411376953125,0,984.3319702148438],[0,1147.0411376953125,575.9387817382812],[0,0,1]],[[0.64374888,-0.01756665,0.76504099,-1.56],[0.26734459,0.94190961,-0.20333077,3.54],[-0.7170223,0.33542129,0.61104614,-10.85]]]
[[[1147.0411376953125,0,984.3319702148438],[0,1147.0411376953125,575.9387817382812],[0,0,1]],[[6.6880172e-01,-2.5968600e-03,7.4344236e-01,-1.5900000e+00],[2.3598759e-01,9.4902474e-01,-2.0897950e-01,3.6200000e+00],[-7.0499712e-01,3.1520692e-01,6.3531834e-01,-1.0890000e+01]]]
[[[1147.0411376953125,0,984.3319702148438],[0,1147.0411376953125,575.9387817382812],[0,0,1]],[[0.7012983,0.01742061,0.71266145,-1.62],[0.21909843,0.94605201,-0.23873045,3.64],[-0.67836839,0.32356203,0.65964371,-10.92]]]
[[[1147.0411376953125,0,984.3319702148438],[0,1147.0411376953125,575.9387817382812],[0,0,1]],[[7.0509607e-01,9.1930200e-03,7.0905858e-01,-1.6500000e+00],[2.2183840e-01,9.4687277e-01,-2.3287471e-01,3.6600000e+00],[-6.7352384e-01,3.2149318e-01,6.6559255e-01,-1.0940000e+01]]]
[[[1147.0411376953125,0,984.3319702148438],[0,1147.0411376953125,575.9387817382812],[0,0,1]],[[0.69137257,0.01380816,0.72237295,-1.67],[0.2052094,0.9548943,-0.21465546,3.68],[-0.69274825,0.29664245,0.65734988,-10.99]]]
[[[1147.0411376953125,0,984.3319702148438],[0,1147.0411376953125,575.9387817382812],[0,0,1]],[[6.8438315e-01,1.4053900e-03,7.2912771e-01,-1.6900000e+00],[2.1819246e-01,9.5378351e-01,-2.0664063e-01,3.7000000e+00],[-6.9571465e-01,3.0050933e-01,6.5244228e-01,-1.1060000e+01]]]
[[[1147.0411376953125,0,984.3319702148438],[0,1147.0411376953125,575.9387817382812],[0,0,1]],[[7.1685803e-01,4.9246700e-03,6.9720864e-01,-1.7400000e+00],[2.2090352e-01,9.4685924e-01,-2.3381698e-01,3.7200000e+00],[-6.6130424e-01,3.2162702e-01,6.7767107e-01,-1.1110000e+01]]]
[[[1147.0411376953125,0,984.3319702148438],[0,1147.0411376953125,575.9387817382812],[0,0,1]],[[7.4765360e-01,1.4075400e-03,6.6409463e-01,-1.7600000e+00],[1.8850480e-01,9.5842177e-01,-2.1425425e-01,3.7400000e+00],[-6.3677883e-01,2.8537089e-01,7.1629709e-01,-1.1170000e+01]]]
[[[1147.0411376953125,0,984.3319702148438],[0,1147.0411376953125,575.9387817382812],[0,0,1]],[[7.1155280e-01,1.6943200e-03,7.0263743e-01,-1.8100000e+00],[2.0764919e-01,9.5482969e-01,-2.1258603e-01,3.7600000e+00],[-6.7125350e-01,2.9716611e-01,6.7905527e-01,-1.1220000e+01]]]
[[[1147.0411376953125,0,984.3319702148438],[0,1147.0411376953125,575.9387817382812],[0,0,1]],[[6.2841260e-01,-8.2670700e-03,7.7784258e-01,-1.8500000e+00],[2.2014168e-01,9.6096104e-01,-1.6763699e-01,3.7800000e+00],[-7.4608427e-01,2.7657875e-01,6.0569584e-01,-1.1210000e+01]]]
[[[1147.0411376953125,0,984.3319702148438],[0,1147.0411376953125,575.9387817382812],[0,0,1]],[[0.55332994,-0.02419078,0.83261681,-1.93],[0.25904626,0.95501441,-0.1444065,3.76],[-0.7916612,0.29558855,0.53470117,-11.09]]]
[[[1147.0411376953125,0,984.3319702148438],[0,1147.0411376953125,575.9387817382812],[0,0,1]],[[0.54647291,-0.01755923,0.83729857,-1.97],[0.24600001,0.95904678,-0.1404421,3.78],[-0.80053574,0.28272122,0.52840924,-11.04]]]
[[[1147.0411376953125,0,984.3319702148438],[0,1147.0411376953125,575.9387817382812],[0,0,1]],[[0.50984222,-0.01421441,0.8601563,-2.],[0.24774842,0.95993471,-0.13098483,3.8],[-0.82382512,0.27988189,0.49293357,-11.06]]]
[[[1147.0411376953125,0,984.3319702148438],[0,1147.0411376953125,575.9387817382812],[0,0,1]],[[4.2386624e-01,-6.9480200e-03,9.0570372e-01,-2.0500000e+00],[2.8347167e-01,9.5075601e-01,-1.2536992e-01,3.8100000e+00],[-8.6022508e-01,3.0987915e-01,4.0496057e-01,-1.0990000e+01]]]
[[[1147.0411376953125,0,984.3319702148438],[0,1147.0411376953125,575.9387817382812],[0,0,1]],[[3.7062109e-01,4.6060300e-03,9.2877841e-01,-2.1300000e+00],[2.6518366e-01,9.5784289e-01,-1.1056923e-01,3.7900000e+00],[-8.9012575e-01,2.8727400e-01,3.5377339e-01,-1.0930000e+01]]]
[[[1147.0411376953125,0,984.3319702148438],[0,1147.0411376953125,575.9387817382812],[0,0,1]],[[3.2902652e-01,-5.1908400e-03,9.4431192e-01,-2.2000000e+00],[2.7953714e-01,9.5570886e-01,-9.2145380e-02,3.7600000e+00],[-9.0200150e-01,2.9428634e-01,3.1590304e-01,-1.0890000e+01]]]
[[[1147.0411376953125,0,984.3319702148438],[0,1147.0411376953125,575.9387817382812],[0,0,1]],[[0.34019613,0.02309088,0.94007641,-2.28],[0.30603352,0.94256318,-0.13389957,3.73],[-0.88916606,0.33324468,0.31358829,-10.87]]]
[[[1147.0411376953125,0,984.3319702148438],[0,1147.0411376953125,575.9387817382812],[0,0,1]],[[0.32871053,0.01278654,0.94434965,-2.31],[0.27926928,0.95388281,-0.11012381,3.73],[-0.90219969,0.29992464,0.3099789,-10.88]]]
[[[1147.0411376953125,0,984.3319702148438],[0,1147.0411376953125,575.9387817382812],[0,0,1]],[[0.21246171,0.01801877,0.97700858,-2.35],[0.30785134,0.94768751,-0.08442361,3.79],[-0.92741257,0.31870803,0.19579954,-10.91]]]
[[[1147.0411376953125,0,984.3319702148438],[0,1147.0411376953125,575.9387817382812],[0,0,1]],[[0.07710418,0.02054245,0.99681669,-2.35],[0.29108593,0.95577133,-0.04221204,3.81],[-0.95358819,0.29341197,0.06771471,-10.97]]]
[[[1147.0411376953125,0,984.3319702148438],[0,1147.0411376953125,575.9387817382812],[0,0,1]],[[-1.3603000e-02,-2.5918770e-02,9.9957669e-01,-2.3800000e+00],[3.0833939e-01,9.5084494e-01,2.8851500e-02,3.8600000e+00],[-9.5118266e-01,3.0859905e-01,-4.9415300e-03,-1.1030000e+01]]]
[[[1147.0411376953125,0,984.3319702148438],[0,1147.0411376953125,575.9387817382812],[0,0,1]],[[-0.02054052,-0.0208559,0.99957675,-2.41],[0.3529754,0.93525606,0.02676746,3.89],[-0.93541092,0.35337314,-0.01184806,-11.06]]]
[[[1147.0411376953125,0,984.3319702148438],[0,1147.0411376953125,575.9387817382812],[0,0,1]],[[1.8358900e-03,-4.9698050e-02,9.9876797e-01,-2.4600000e+00],[3.4446734e-01,9.3767565e-01,4.6025170e-02,3.9100000e+00],[-9.3880033e-01,3.4395581e-01,1.8841580e-02,-1.1110000e+01]]]
[[[1147.0411376953125,0,984.3319702148438],[0,1147.0411376953125,575.9387817382812],[0,0,1]],[[-4.1135200e-03,-7.4999990e-02,9.9718040e-01,-2.5100000e+00],[3.5613605e-01,9.3169761e-01,7.1544220e-02,3.9400000e+00],[-9.3442893e-01,3.5542342e-01,2.2878320e-02,-1.1150000e+01]]]
[[[1147.0411376953125,0,984.3319702148438],[0,1147.0411376953125,575.9387817382812],[0,0,1]],[[0.01862266,-0.05074022,0.9985435,-2.55],[0.3388997,0.93991548,0.04144084,4.],[-0.9406417,0.33763176,0.03470021,-11.18]]]
[[[1147.0411376953125,0,984.3319702148438],[0,1147.0411376953125,575.9387817382812],[0,0,1]],[[0.05834084,-0.04807721,0.99714375,-2.6],[0.32090598,0.94673568,0.02687143,4.03],[-0.94531596,0.31841925,0.07066199,-11.22]]]
[[[1147.0411376953125,0,984.3319702148438],[0,1147.0411376953125,575.9387817382812],[0,0,1]],[[0.15617625,-0.07384615,0.98497021,-2.65],[0.32988411,0.94384664,0.01845704,4.06],[-0.9310165,0.32204103,0.17176671,-11.26]]]
[[[1147.0411376953125,0,984.3319702148438],[0,1147.0411376953125,575.9387817382812],[0,0,1]],[[0.27369484,-0.0666549,0.95950961,-2.7],[0.31617719,0.94839442,-0.02430482,4.1],[-0.90836644,0.31002477,0.28064418,-11.31]]]
[[[1147.0411376953125,0,984.3319702148438],[0,1147.0411376953125,575.9387817382812],[0,0,1]],[[0.37013927,-0.07994594,0.92553556,-2.75],[0.30172691,0.95262718,-0.03837999,4.11],[-0.87861514,0.29346272,0.37672451,-11.31]]]
[[[1147.0411376953125,0,984.3319702148438],[0,1147.0411376953125,575.9387817382812],[0,0,1]],[[0.39083126,-0.07731225,0.91721541,-2.8],[0.30618775,0.95064503,-0.05033824,4.15],[-0.86804771,0.3005116,0.39521161,-11.34]]]
[[[1147.0411376953125,0,984.3319702148438],[0,1147.0411376953125,575.9387817382812],[0,0,1]],[[0.40409738,-0.06150576,0.9126513,-2.83],[0.29442677,0.95339018,-0.06611273,4.19],[-0.86603969,0.29542282,0.4033691,-11.35]]]
[[[1147.0411376953125,0,984.3319702148438],[0,1147.0411376953125,575.9387817382812],[0,0,1]],[[0.43180946,-0.05282547,0.90042233,-2.86],[0.28617349,0.95473456,-0.08122625,4.2],[-0.85536665,0.29274908,0.42737818,-11.4]]]
[[[1147.0411376953125,0,984.3319702148438],[0,1147.0411376953125,575.9387817382812],[0,0,1]],[[0.56946051,-0.06044796,0.81979924,-2.9],[0.25299248,0.96177876,-0.10482007,4.26],[-0.78212303,0.26709199,0.56298429,-11.44]]]
[[[1147.0411376953125,0,984.3319702148438],[0,1147.0411376953125,575.9387817382812],[0,0,1]],[[0.66104704,-0.07715745,0.74637365,-2.93],[0.23956959,0.96434605,-0.1124906,4.28],[-0.71107703,0.25316814,0.65595818,-11.52]]]
[[[1147.0411376953125,0,984.3319702148438],[0,1147.0411376953125,575.9387817382812],[0,0,1]],[[0.70245564,-0.0844773,0.70670342,-2.98],[0.22579469,0.96809572,-0.10871381,4.31],[-0.67496681,0.23593473,0.69911402,-11.56]]]
[[[1147.0411376953125,0,984.3319702148438],[0,1147.0411376953125,575.9387817382812],[0,0,1]],[[0.70528197,-0.04708275,0.70736897,-3.02],[0.19127759,0.97343129,-0.12592095,4.34],[-0.68264043,0.22411197,0.69554448,-11.61]]]
[[[1147.0411376953125,0,984.3319702148438],[0,1147.0411376953125,575.9387817382812],[0,0,1]],[[0.73521644,-0.04546783,0.67631352,-3.06],[0.1900747,0.97155255,-0.14131227,4.36],[-0.65064317,0.23244342,0.72293836,-11.66]]]
[[[1147.0411376953125,0,984.3319702148438],[0,1147.0411376953125,575.9387817382812],[0,0,1]],[[0.792732,-0.0225261,0.60916269,-3.12],[0.16287524,0.9708178,-0.1760571,4.41],[-0.58741486,0.23878182,0.77326143,-11.7]]]
[[[1147.0411376953125,0,984.3319702148438],[0,1147.0411376953125,575.9387817382812],[0,0,1]],[[8.3296102e-01,8.4298300e-03,5.5327749e-01,-3.1400000e+00],[1.2139855e-01,9.7274554e-01,-1.9758633e-01,4.4400000e+00],[-5.3985870e-01,2.3174702e-01,8.0922931e-01,-1.1770000e+01]]]
[[[1147.0411376953125,0,984.3319702148438],[0,1147.0411376953125,575.9387817382812],[0,0,1]],[[0.81147915,-0.0272294,0.58375609,-3.17],[0.15609407,0.97272587,-0.17161292,4.47],[-0.56315637,0.23037939,0.79359084,-11.82]]]
[[[1147.0411376953125,0,984.3319702148438],[0,1147.0411376953125,575.9387817382812],[0,0,1]],[[0.74887151,-0.04559466,0.66115355,-3.21],[0.18639044,0.97185731,-0.14409766,4.51],[-0.63597059,0.23114143,0.73628879,-11.86]]]
[[[1147.0411376953125,0,984.3319702148438],[0,1147.0411376953125,575.9387817382812],[0,0,1]],[[0.74791026,-0.04444647,0.66231883,-3.22],[0.19398117,0.9688434,-0.15403235,4.49],[-0.63483077,0.24367774,0.73322392,-11.93]]]
[[[1147.0411376953125,0,984.3319702148438],[0,1147.0411376953125,575.9387817382812],[0,0,1]],[[0.78808177,-0.05224248,0.61335903,-3.25],[0.19086437,0.96803135,-0.16278243,4.55],[-0.58524072,0.24535221,0.77285302,-11.97]]]
[[[1147.0411376953125,0,984.3319702148438],[0,1147.0411376953125,575.9387817382812],[0,0,1]],[[0.85358161,-0.04933956,0.51862872,-3.28],[0.16709456,0.96884537,-0.18284015,4.57],[-0.49344447,0.24272697,0.83522588,-12.04]]]
[[[1147.0411376953125,0,984.3319702148438],[0,1147.0411376953125,575.9387817382812],[0,0,1]],[[0.86447996,-0.05648965,0.49949425,-3.31],[0.17141494,0.96724117,-0.18728027,4.62],[-0.47254696,0.24751876,0.8458367,-12.13]]]
[[[1147.0411376953125,0,984.3319702148438],[0,1147.0411376953125,575.9387817382812],[0,0,1]],[[0.87200302,-0.03639283,0.48815736,-3.34],[0.15267369,0.96771461,-0.20057829,4.64],[-0.46509227,0.2494316,0.84939903,-12.19]]]
[[[1147.0411376953125,0,984.3319702148438],[0,1147.0411376953125,575.9387817382812],[0,0,1]],[[0.90428853,-0.06521252,0.42192489,-3.36],[0.16555914,0.96450263,-0.20576012,4.66],[-0.39352494,0.25591791,0.88297778,-12.29]]]
[[[1147.0411376953125,0,984.3319702148438],[0,1147.0411376953125,575.9387817382812],[0,0,1]],[[0.94063741,-0.03009596,0.33809248,-3.41],[0.11438816,0.96590889,-0.23226662,4.7],[-0.3195723,0.25715035,0.91200495,-12.38]]]
[[[1147.0411376953125,0,984.3319702148438],[0,1147.0411376953125,575.9387817382812],[0,0,1]],[[0.94537896,-0.01744616,0.32552341,-3.48],[0.09694451,0.96844184,-0.2296408,4.72],[-0.31124008,0.24865325,0.9172278,-12.45]]]
[[[1147.0411376953125,0,984.3319702148438],[0,1147.0411376953125,575.9387817382812],[0,0,1]],[[9.0596348e-01,2.0579100e-03,4.2336404e-01,-3.5400000e+00],[9.0346440e-02,9.7602034e-01,-1.9807746e-01,4.7800000e+00],[-4.1361463e-01,2.1769859e-01,8.8404524e-01,-1.2480000e+01]]]
[[[1147.0411376953125,0,984.3319702148438],[0,1147.0411376953125,575.9387817382812],[0,0,1]],[[8.4922254e-01,-2.7953500e-03,5.2803826e-01,-3.5800000e+00],[1.1807812e-01,9.7567594e-01,-1.8473469e-01,4.7900000e+00],[-5.1467210e-01,2.1922880e-01,8.2888907e-01,-1.2480000e+01]]]
[[[1147.0411376953125,0,984.3319702148438],[0,1147.0411376953125,575.9387817382812],[0,0,1]],[[0.82089573,-0.0247453,0.5705514,-3.62],[0.13731377,0.97831059,-0.15513326,4.8],[-0.5543316,0.20569107,0.80648214,-12.49]]]
[[[1147.0411376953125,0,984.3319702148438],[0,1147.0411376953125,575.9387817382812],[0,0,1]],[[8.0582988e-01,-6.5929400e-03,5.9211957e-01,-3.6600000e+00],[1.2692794e-01,9.7862607e-01,-1.6184250e-01,4.8400000e+00],[-5.7839054e-01,2.0557234e-01,7.8943658e-01,-1.2520000e+01]]]
[[[1147.0411376953125,0,984.3319702148438],[0,1147.0411376953125,575.9387817382812],[0,0,1]],[[7.9032725e-01,1.1677280e-02,6.1258268e-01,-3.6900000e+00],[1.1304650e-01,9.7987974e-01,-1.6452610e-01,4.8600000e+00],[-6.0217220e-01,1.9927813e-01,7.7309936e-01,-1.2560000e+01]]]
[[[1147.0411376953125,0,984.3319702148438],[0,1147.0411376953125,575.9387817382812],[0,0,1]],[[7.4712795e-01,3.2531700e-03,6.6468054e-01,-3.7200000e+00],[1.1276758e-01,9.8487782e-01,-1.3157535e-01,4.8900000e+00],[-6.5505028e-01,1.7325653e-01,7.3545700e-01,-1.2560000e+01]]]
[[[1147.0411376953125,0,984.3319702148438],[0,1147.0411376953125,575.9387817382812],[0,0,1]],[[6.74071133e-01,7.11583940e-04,7.38673687e-01,-3.73000000e+00],[1.24373750e-01,9.85619660e-01,-1.14445590e-01,4.92000000e+00],[-7.28125210e-01,1.69014590e-01,6.64284230e-01,-1.26200000e+01]]]
[[[1147.0411376953125,0,984.3319702148438],[0,1147.0411376953125,575.9387817382812],[0,0,1]],[[0.64997149,-0.01275694,0.75985903,-3.76],[0.150851,0.98213542,-0.11254667,4.89],[-0.7448411,0.18777592,0.64027953,-12.7]]]
[[[1147.0411376953125,0,984.3319702148438],[0,1147.0411376953125,575.9387817382812],[0,0,1]],[[0.66574419,-0.02657101,0.74571466,-3.82],[0.13359995,0.98746812,-0.0840874,4.95],[-0.73412758,0.15560669,0.66094589,-12.69]]]
[[[1147.0411376953125,0,984.3319702148438],[0,1147.0411376953125,575.9387817382812],[0,0,1]],[[0.67354733,-0.02675859,0.73866743,-3.85],[0.14220214,0.98537368,-0.09396986,4.97],[-0.72534144,0.16833165,0.66749567,-12.72]]]
[[[1147.0411376953125,0,984.3319702148438],[0,1147.0411376953125,575.9387817382812],[0,0,1]],[[0.67334497,-0.05385728,0.7373721,-3.87],[0.15289073,0.98593462,-0.0676026,4.99],[-0.72335249,0.1582557,0.67210311,-12.76]]]
[[[1147.0411376953125,0,984.3319702148438],[0,1147.0411376953125,575.9387817382812],[0,0,1]],[[0.67645997,-0.02044947,0.73620331,-3.91],[0.13830101,0.98536497,-0.09970718,5.03],[-0.72338271,0.169264,0.66938287,-12.8]]]
[[[1147.0411376953125,0,984.3319702148438],[0,1147.0411376953125,575.9387817382812],[0,0,1]],[[0.71505141,-0.01463227,0.69892734,-3.93],[0.14007568,0.98251057,-0.12273781,5.03],[-0.68490046,0.18566476,0.70458937,-12.88]]]
[[[1147.0411376953125,0,984.3319702148438],[0,1147.0411376953125,575.9387817382812],[0,0,1]],[[0.80762154,-0.02262614,0.58927739,-4.],[0.14138433,0.97755498,-0.15623645,5.05],[-0.57250971,0.20949242,0.7926864,-12.91]]]
[[[1147.0411376953125,0,984.3319702148438],[0,1147.0411376953125,575.9387817382812],[0,0,1]],[[0.89312118,-0.02792212,0.44896278,-4.04],[0.11605886,0.97859007,-0.17001456,5.09],[-0.43459821,0.20394762,0.87723184,-12.99]]]
[[[1147.0411376953125,0,984.3319702148438],[0,1147.0411376953125,575.9387817382812],[0,0,1]],[[0.92445755,-0.02220347,0.38065448,-4.08],[0.0681236,0.9918654,-0.10758944,5.13],[-0.37516463,0.12539215,0.91844136,-13.06]]]
[[[1147.0411376953125,0,984.3319702148438],[0,1147.0411376953125,575.9387817382812],[0,0,1]],[[0.94081944,-0.02486617,0.33801347,-4.11],[0.06998312,0.99007219,-0.12195388,5.16],[-0.33162102,0.13839041,0.93321049,-13.12]]]
[[[1147.0411376953125,0,984.3319702148438],[0,1147.0411376953125,575.9387817382812],[0,0,1]],[[9.6538889e-01,-5.7927000e-03,2.6077449e-01,-4.1900000e+00],[4.7371180e-02,9.8702818e-01,-1.5344270e-01,5.1700000e+00],[-2.5649935e-01,1.6048343e-01,9.5313138e-01,-1.3220000e+01]]]
[[[1147.0411376953125,0,984.3319702148438],[0,1147.0411376953125,575.9387817382812],[0,0,1]],[[9.8759145e-01,-2.6788900e-03,1.5706268e-01,-4.2500000e+00],[3.4628850e-02,9.7897685e-01,-2.0104368e-01,5.2100000e+00],[-1.5321952e-01,2.0398588e-01,9.6691257e-01,-1.3330000e+01]]]
[[[1147.0411376953125,0,984.3319702148438],[0,1147.0411376953125,575.9387817382812],[0,0,1]],[[0.99959242,0.0228997,0.01741111,-4.33],[-0.01906277,0.980573,-0.19525966,5.25],[-0.02154294,0.1948463,0.98060042,-13.43]]]
[[[1147.0411376953125,0,984.3319702148438],[0,1147.0411376953125,575.9387817382812],[0,0,1]],[[0.99694777,0.05259645,0.05780527,-4.44],[-0.04271909,0.98611826,-0.16049556,5.31],[-0.0654426,0.15753482,0.9853459,-13.49]]]
[[[1147.0411376953125,0,984.3319702148438],[0,1147.0411376953125,575.9387817382812],[0,0,1]],[[9.8243570e-01,2.6723700e-03,1.8661669e-01,-4.5100000e+00],[2.5331230e-02,9.8874223e-01,-1.4751340e-01,5.3500000e+00],[-1.8490711e-01,1.4964822e-01,9.7129887e-01,-1.3520000e+01]]]
[[[1147.0411376953125,0,984.3319702148438],[0,1147.0411376953125,575.9387817382812],[0,0,1]],[[9.6466881e-01,-4.6649100e-03,2.6344910e-01,-4.5600000e+00],[4.2457090e-02,9.8953658e-01,-1.3794242e-01,5.3800000e+00],[-2.6004541e-01,1.4425261e-01,9.5476407e-01,-1.3560000e+01]]]
[[[1147.0411376953125,0,984.3319702148438],[0,1147.0411376953125,575.9387817382812],[0,0,1]],[[9.4018584e-01,-3.2038800e-03,3.4066644e-01,-4.6100000e+00],[4.7494960e-02,9.9143016e-01,-1.2175405e-01,5.4100000e+00],[-3.3735254e-01,1.3065006e-01,9.3227166e-01,-1.3570000e+01]]]
[[[1147.0411376953125,0,984.3319702148438],[0,1147.0411376953125,575.9387817382812],[0,0,1]],[[9.1213834e-01,1.0576680e-02,4.0976238e-01,-4.6400000e+00],[4.2908260e-02,9.9171770e-01,-1.2111215e-01,5.4500000e+00],[-4.0764454e-01,1.2805195e-01,9.0412140e-01,-1.3600000e+01]]]
[[[1147.0411376953125,0,984.3319702148438],[0,1147.0411376953125,575.9387817382812],[0,0,1]],[[8.3213484e-01,2.5996200e-03,5.5457950e-01,-4.7100000e+00],[5.5320760e-02,9.9461895e-01,-8.7669690e-02,5.4900000e+00],[-5.5181694e-01,1.0363173e-01,8.2750571e-01,-1.3640000e+01]]]
[[[1147.0411376953125,0,984.3319702148438],[0,1147.0411376953125,575.9387817382812],[0,0,1]],[[0.71398813,-0.01895463,0.69991112,-4.75],[0.09536329,0.99295735,-0.07039031,5.5],[-0.69364005,0.11700245,0.71076095,-13.69]]]
[[[1147.0411376953125,0,984.3319702148438],[0,1147.0411376953125,575.9387817382812],[0,0,1]],[[6.6301626e-01,-8.5445800e-03,7.4856561e-01,-4.7800000e+00],[1.0040019e-01,9.9192291e-01,-7.7603420e-02,5.5000000e+00],[-7.4184787e-01,1.2660711e-01,6.5851295e-01,-1.3750000e+01]]]
[[[1147.0411376953125,0,984.3319702148438],[0,1147.0411376953125,575.9387817382812],[0,0,1]],[[0.67201275,-0.03574172,0.73968607,-4.8],[0.11410692,0.9919104,-0.05573795,5.55],[-0.73170179,0.12185857,0.67064875,-13.77]]]
[[[1147.0411376953125,0,984.3319702148438],[0,1147.0411376953125,575.9387817382812],[0,0,1]],[[7.0707375e-01,1.0676740e-02,7.0706910e-01,-4.8700000e+00],[1.0511052e-01,9.8719823e-01,-1.2001771e-01,5.5600000e+00],[-6.9929093e-01,1.5918015e-01,6.9689351e-01,-1.3820000e+01]]]
[[[1147.0411376953125,0,984.3319702148438],[0,1147.0411376953125,575.9387817382812],[0,0,1]],[[6.6666526e-01,-1.3773640e-02,7.4523962e-01,-4.9000000e+00],[1.0933712e-01,9.9082732e-01,-7.9496320e-02,5.5800000e+00],[-7.3730057e-01,1.3447833e-01,6.6205007e-01,-1.3870000e+01]]]
[[[1147.0411376953125,0,984.3319702148438],[0,1147.0411376953125,575.9387817382812],[0,0,1]],[[0.61777365,-0.01483518,0.78622508,-4.91],[0.12146319,0.98962963,-0.07676589,5.61],[-0.77692419,0.14291982,0.61316371,-13.92]]]
[[[1147.0411376953125,0,984.3319702148438],[0,1147.0411376953125,575.9387817382812],[0,0,1]],[[0.64326859,-0.03600923,0.76480275,-4.93],[0.15153062,0.98512906,-0.08106798,5.61],[-0.75050193,0.16803774,0.63915348,-14.]]]
[[[1147.0411376953125,0,984.3319702148438],[0,1147.0411376953125,575.9387817382812],[0,0,1]],[[0.73406589,-0.0295205,0.67844689,-4.99],[0.13269703,0.98603737,-0.10067095,5.68],[-0.66599458,0.16392528,0.72772717,-14.01]]]
[[[1147.0411376953125,0,984.3319702148438],[0,1147.0411376953125,575.9387817382812],[0,0,1]],[[8.1730831e-01,-9.7741300e-03,5.7613009e-01,-5.0300000e+00],[1.0297089e-01,9.8624545e-01,-1.2934425e-01,5.7000000e+00],[-5.6693482e-01,1.6503707e-01,8.0706567e-01,-1.4040000e+01]]]
[[[1147.0411376953125,0,984.3319702148438],[0,1147.0411376953125,575.9387817382812],[0,0,1]],[[0.84274501,-0.01543438,0.53810489,-5.06],[0.09282871,0.98878819,-0.11702074,5.72],[-0.53025937,0.14856866,0.83472133,-14.12]]]
[[[1147.0411376953125,0,984.3319702148438],[0,1147.0411376953125,575.9387817382812],[0,0,1]],[[8.3739346e-01,-1.8583300e-03,5.4661047e-01,-5.1100000e+00],[8.8021060e-02,9.8740882e-01,-1.3148886e-01,5.7600000e+00],[-5.3947705e-01,1.5821946e-01,8.2700562e-01,-1.4150000e+01]]]
[[[1147.0411376953125,0,984.3319702148438],[0,1147.0411376953125,575.9387817382812],[0,0,1]],[[8.1925243e-01,1.0789340e-02,5.7334399e-01,-5.1500000e+00],[8.6858880e-02,9.8595893e-01,-1.4266662e-01,5.7600000e+00],[-5.6682616e-01,1.6667822e-01,8.0680454e-01,-1.4190000e+01]]]
[[[1147.0411376953125,0,984.3319702148438],[0,1147.0411376953125,575.9387817382812],[0,0,1]],[[0.83485377,-0.0161676,0.55024731,-5.2],[0.09821596,0.98791176,-0.11998903,5.78],[-0.5416494,0.15421468,0.82634193,-14.22]]]
[[[1147.0411376953125,0,984.3319702148438],[0,1147.0411376953125,575.9387817382812],[0,0,1]],[[0.8629933,-0.0214839,0.5047726,-5.24],[0.08138966,0.9919647,-0.09692942,5.81],[-0.4986282,0.12473132,0.85779911,-14.26]]]
[[[1147.0411376953125,0,984.3319702148438],[0,1147.0411376953125,575.9387817382812],[0,0,1]],[[0.83560133,-0.01821398,0.54904735,-5.26],[0.07780093,0.9933067,-0.08545414,5.81],[-0.54380953,0.1141207,0.83141756,-14.3]]]
[[[1147.0411376953125,0,984.3319702148438],[0,1147.0411376953125,575.9387817382812],[0,0,1]],[[0.75469548,-0.02664783,0.65554482,-5.26],[0.08247459,0.99510878,-0.05449753,5.88],[-0.65087891,0.09519373,0.75319487,-14.37]]]
[[[1147.0411376953125,0,984.3319702148438],[0,1147.0411376953125,575.9387817382812],[0,0,1]],[[7.0852441e-01,-4.9225700e-03,7.0567977e-01,-5.2700000e+00],[7.0463260e-02,9.9547857e-01,-6.3803010e-02,5.8900000e+00],[-7.0216697e-01,9.4929380e-02,7.0566112e-01,-1.4400000e+01]]]
[[[1147.0411376953125,0,984.3319702148438],[0,1147.0411376953125,575.9387817382812],[0,0,1]],[[0.74075395,-0.02769909,0.67121631,-5.28],[0.10388348,0.99186075,-0.07371443,5.9],[-0.6637038,0.12433113,0.73759538,-14.49]]]
[[[1147.0411376953125,0,984.3319702148438],[0,1147.0411376953125,575.9387817382812],[0,0,1]],[[0.80405515,-0.01645118,0.59433985,-5.32],[0.08475345,0.99258709,-0.08718429,5.9],[-0.58849299,0.12047198,0.79948145,-14.52]]]
[[[1147.0411376953125,0,984.3319702148438],[0,1147.0411376953125,575.9387817382812],[0,0,1]],[[8.1633025e-01,-5.0908300e-03,5.7757646e-01,-5.3600000e+00],[7.3968230e-02,9.9265569e-01,-9.5795010e-02,5.9100000e+00],[-5.7284021e-01,1.2092132e-01,8.1070358e-01,-1.4550000e+01]]]
[[[1147.0411376953125,0,984.3319702148438],[0,1147.0411376953125,575.9387817382812],[0,0,1]],[[7.5569421e-01,2.4706500e-03,6.5493202e-01,-5.3800000e+00],[8.3636020e-02,9.9144834e-01,-1.0024344e-01,5.9600000e+00],[-6.4957142e-01,1.3052781e-01,7.4901778e-01,-1.4620000e+01]]]
[[[1147.0411376953125,0,984.3319702148438],[0,1147.0411376953125,575.9387817382812],[0,0,1]],[[0.70124972,0.01689505,0.71272659,-5.4],[0.08687381,0.990251,-0.10894842,5.96],[-0.70761073,0.13831577,0.69293857,-14.69]]]
[[[1147.0411376953125,0,984.3319702148438],[0,1147.0411376953125,575.9387817382812],[0,0,1]],[[0.71508873,-0.02468877,0.69860882,-5.43],[0.11530711,0.98985934,-0.08304545,5.97],[-0.68946624,0.1399378,0.71067709,-14.74]]]
[[[1147.0411376953125,0,984.3319702148438],[0,1147.0411376953125,575.9387817382812],[0,0,1]],[[7.7869767e-01,-9.9137800e-03,6.2733358e-01,-5.4500000e+00],[9.9179820e-02,9.8925537e-01,-1.0747664e-01,5.9900000e+00],[-6.1952031e-01,1.4590897e-01,7.7130622e-01,-1.4800000e+01]]]
[[[1147.0411376953125,0,984.3319702148438],[0,1147.0411376953125,575.9387817382812],[0,0,1]],[[8.1235117e-01,-9.4463900e-03,5.8310550e-01,-5.5100000e+00],[8.3404150e-02,9.9147952e-01,-1.0013183e-01,5.9900000e+00],[-5.7718438e-01,1.2997413e-01,8.0620909e-01,-1.4850000e+01]]]
[[[1147.0411376953125,0,984.3319702148438],[0,1147.0411376953125,575.9387817382812],[0,0,1]],[[7.7107370e-01,-4.0797100e-03,6.3674515e-01,-5.5500000e+00],[8.1482810e-02,9.9239761e-01,-9.2313920e-02,6.0400000e+00],[-6.3152039e-01,1.2306317e-01,7.6553619e-01,-1.4890000e+01]]]
[[[1147.0411376953125,0,984.3319702148438],[0,1147.0411376953125,575.9387817382812],[0,0,1]],[[6.80404484e-01,1.97087080e-04,7.32847571e-01,-5.58000000e+00],[1.06439980e-01,9.89376780e-01,-9.90889700e-02,6.05000000e+00],[-7.25073400e-01,1.45423140e-01,6.73148450e-01,-1.49200000e+01]]]
[[[1147.0411376953125,0,984.3319702148438],[0,1147.0411376953125,575.9387817382812],[0,0,1]],[[6.5595114e-01,9.2479000e-03,7.5475734e-01,-5.6000000e+00],[1.0475920e-01,9.8913962e-01,-1.0316466e-01,6.0400000e+00],[-7.4750572e-01,1.4673705e-01,6.4785171e-01,-1.4970000e+01]]]
[[[1147.0411376953125,0,984.3319702148438],[0,1147.0411376953125,575.9387817382812],[0,0,1]],[[0.69477373,-0.01514148,0.71908009,-5.65],[0.11293636,0.98968011,-0.08827928,6.08],[-0.71031439,0.14254276,0.68930668,-15.]]]
[[[1147.0411376953125,0,984.3319702148438],[0,1147.0411376953125,575.9387817382812],[0,0,1]],[[0.74329436,0.01675634,0.66876674,-5.71],[0.0803628,0.99021763,-0.11412876,6.11],[-0.66412932,0.13857362,0.73466897,-15.05]]]
[[[1147.0411376953125,0,984.3319702148438],[0,1147.0411376953125,575.9387817382812],[0,0,1]],[[0.69327027,-0.01754498,0.72047532,-5.74],[0.08601395,0.99457967,-0.05854594,6.16],[-0.71553457,0.10255785,0.69101447,-15.1]]]
[[[1147.0411376953125,0,984.3319702148438],[0,1147.0411376953125,575.9387817382812],[0,0,1]],[[0.57037628,0.02000299,0.82114989,-5.76],[0.09199353,0.99186558,-0.08806076,6.18],[-0.81622237,0.12576675,0.56389081,-15.15]]]
[[[1147.0411376953125,0,984.3319702148438],[0,1147.0411376953125,575.9387817382812],[0,0,1]],[[0.50808024,0.02269751,0.86102003,-5.76],[0.10364396,0.99078524,-0.08727749,6.17],[-0.85505712,0.13358194,0.50104094,-15.19]]]
[[[1147.0411376953125,0,984.3319702148438],[0,1147.0411376953125,575.9387817382812],[0,0,1]],[[5.2878630e-01,-1.4708060e-02,8.4863728e-01,-5.7800000e+00],[1.2431562e-01,9.9041665e-01,-6.0295680e-02,6.1900000e+00],[-8.3960789e-01,1.3738075e-01,5.2554178e-01,-1.5210000e+01]]]
[[[1147.0411376953125,0,984.3319702148438],[0,1147.0411376953125,575.9387817382812],[0,0,1]],[[0.57219344,-0.02427189,0.81976968,-5.83],[0.12486584,0.99049455,-0.05782858,6.21],[-0.81056434,0.13544871,0.56977916,-15.24]]]
[[[1147.0411376953125,0,984.3319702148438],[0,1147.0411376953125,575.9387817382812],[0,0,1]],[[0.53797299,-0.05718879,0.84102982,-5.86],[0.13359977,0.99087793,-0.01808,6.22],[-0.83231419,0.12208644,0.54070044,-15.28]]]
[[[1147.0411376953125,0,984.3319702148438],[0,1147.0411376953125,575.9387817382812],[0,0,1]],[[0.41923767,-0.07138341,0.90507501,-5.87],[0.13139838,0.99118596,0.01731041,6.27],[-0.89832294,0.11166684,0.42491794,-15.31]]]
[[[1147.0411376953125,0,984.3319702148438],[0,1147.0411376953125,575.9387817382812],[0,0,1]],[[3.3512101e-01,-5.9408250e-02,9.4030923e-01,-5.8900000e+00],[1.3702776e-01,9.9047935e-01,1.3742170e-02,6.3000000e+00],[-9.3216270e-01,1.2424165e-01,3.4006783e-01,-1.5330000e+01]]]
[[[1147.0411376953125,0,984.3319702148438],[0,1147.0411376953125,575.9387817382812],[0,0,1]],[[0.33266917,-0.07158271,0.94033194,-5.93],[0.14763764,0.98878062,0.02303999,6.29],[-0.93142056,0.13116206,0.33950189,-15.34]]]
[[[1147.0411376953125,0,984.3319702148438],[0,1147.0411376953125,575.9387817382812],[0,0,1]],[[3.7309581e-01,-6.3138460e-02,9.2565113e-01,-5.9800000e+00],[1.3625486e-01,9.9060065e-01,1.2649450e-02,6.3200000e+00],[-9.1773885e-01,1.2140352e-01,3.7818828e-01,-1.5370000e+01]]]
[[[1147.0411376953125,0,984.3319702148438],[0,1147.0411376953125,575.9387817382812],[0,0,1]],[[0.36071238,-0.08015766,0.92923534,-6.02],[0.14348257,0.98921669,0.02963454,6.33],[-0.92158008,0.12263802,0.36832041,-15.38]]]
[[[1147.0411376953125,0,984.3319702148438],[0,1147.0411376953125,575.9387817382812],[0,0,1]],[[0.26232547,-0.067625,0.96261603,-6.04],[0.12639382,0.99136311,0.03520064,6.35],[-0.9566716,0.11243329,0.26860476,-15.42]]]
[[[1147.0411376953125,0,984.3319702148438],[0,1147.0411376953125,575.9387817382812],[0,0,1]],[[0.18935275,-0.05850344,0.98017359,-6.05],[0.10969116,0.99324328,0.03809316,6.36],[-0.97576839,0.10030207,0.19448915,-15.43]]]
[[[1147.0411376953125,0,984.3319702148438],[0,1147.0411376953125,575.9387817382812],[0,0,1]],[[0.19577685,-0.10696274,0.97480619,-6.09],[0.13502808,0.98751336,0.08123857,6.36],[-0.971313,0.11572021,0.20777364,-15.42]]]
[[[1147.0411376953125,0,984.3319702148438],[0,1147.0411376953125,575.9387817382812],[0,0,1]],[[0.25733671,-0.11131315,0.95989805,-6.14],[0.10761513,0.99047291,0.08600853,6.39],[-0.96031624,0.08116536,0.26686177,-15.42]]]
[[[1147.0411376953125,0,984.3319702148438],[0,1147.0411376953125,575.9387817382812],[0,0,1]],[[0.2741892,-0.08721238,0.95772177,-6.19],[0.114897,0.99172449,0.05741461,6.35],[-0.95479286,0.09429575,0.28193823,-15.43]]]
[[[1147.0411376953125,0,984.3319702148438],[0,1147.0411376953125,575.9387817382812],[0,0,1]],[[0.23021504,-0.10459971,0.96751058,-6.26],[0.09574804,0.99182475,0.08444562,6.41],[-0.96842325,0.07319566,0.23834632,-15.4]]]
[[[1147.0411376953125,0,984.3319702148438],[0,1147.0411376953125,575.9387817382812],[0,0,1]],[[0.12496538,-0.10159022,0.98695469,-6.29],[0.0903564,0.99178308,0.09064665,6.39],[-0.98804313,0.07784904,0.13311709,-15.42]]]
[[[1147.0411376953125,0,984.3319702148438],[0,1147.0411376953125,575.9387817382812],[0,0,1]],[[0.09036861,-0.12166741,0.98845708,-6.33],[0.10865493,0.98779708,0.1116526,6.39],[-0.98996878,0.09730963,0.10248517,-15.46]]]
[[[1147.0411376953125,0,984.3319702148438],[0,1147.0411376953125,575.9387817382812],[0,0,1]],[[0.17985584,-0.09412412,0.97918808,-6.41],[0.12098567,0.98997861,0.07293894,6.41],[-0.97622985,0.10534795,0.18943967,-15.43]]]
[[[1147.0411376953125,0,984.3319702148438],[0,1147.0411376953125,575.9387817382812],[0,0,1]],[[2.5515273e-01,-4.7351230e-02,9.6574920e-01,-6.4900000e+00],[1.2862545e-01,9.9159294e-01,1.4635350e-02,6.3900000e+00],[-9.5831269e-01,1.2048429e-01,2.5909609e-01,-1.5420000e+01]]]
[[[1147.0411376953125,0,984.3319702148438],[0,1147.0411376953125,575.9387817382812],[0,0,1]],[[0.25221393,-0.04376827,0.96668988,-6.56],[0.10657179,0.99416399,0.01720717,6.39],[-0.96179092,0.0986808,0.25540432,-15.39]]]
[[[1147.0411376953125,0,984.3319702148438],[0,1147.0411376953125,575.9387817382812],[0,0,1]],[[0.12437373,-0.03307698,0.99169242,-6.58],[0.1111684,0.99362391,0.01919922,6.41],[-0.98599356,0.10785572,0.12725705,-15.4]]]
[[[1147.0411376953125,0,984.3319702148438],[0,1147.0411376953125,575.9387817382812],[0,0,1]],[[6.3088500e-02,-1.7023670e-02,9.9787122e-01,-6.6200000e+00],[1.1747326e-01,9.9303824e-01,9.5142800e-03,6.4000000e+00],[-9.9107546e-01,1.1662159e-01,6.4649020e-02,-1.5420000e+01]]]
[[[1147.0411376953125,0,984.3319702148438],[0,1147.0411376953125,575.9387817382812],[0,0,1]],[[7.2685060e-02,-5.4642700e-03,9.9734873e-01,-6.6800000e+00],[1.5046573e-01,9.8860741e-01,-5.5492400e-03,6.3900000e+00],[-9.8594517e-01,1.5046838e-01,7.2679000e-02,-1.5420000e+01]]]
[[[1147.0411376953125,0,984.3319702148438],[0,1147.0411376953125,575.9387817382812],[0,0,1]],[[-2.5688740e-02,-1.4295160e-02,9.9957639e-01,-6.7100000e+00],[1.1700726e-01,9.9298954e-01,1.7208070e-02,6.4100000e+00],[-9.9280411e-01,1.1739837e-01,-2.3835160e-02,-1.5390000e+01]]]
[[[1147.0411376953125,0,984.3319702148438],[0,1147.0411376953125,575.9387817382812],[0,0,1]],[[-3.1052166e-01,-3.6862700e-03,9.5056820e-01,-6.7200000e+00],[8.6377860e-02,9.9575323e-01,3.2078590e-02,6.4400000e+00],[-9.4663948e-01,9.2068060e-02,-3.0888063e-01,-1.5390000e+01]]]
[[[1147.0411376953125,0,984.3319702148438],[0,1147.0411376953125,575.9387817382812],[0,0,1]],[[-0.5535655,-0.0350747,0.83207715,-6.73],[0.03850818,0.99697351,0.06764449,6.45],[-0.83192271,0.06948657,-0.55053294,-15.39]]]
[[[1147.0411376953125,0,984.3319702148438],[0,1147.0411376953125,575.9387817382812],[0,0,1]],[[-7.2679228e-01,-1.8041300e-03,6.8686801e-01,-6.7900000e+00],[5.5087670e-02,9.9662966e-01,6.0907530e-02,6.4300000e+00],[-6.8465573e-01,8.2104090e-02,-7.2423494e-01,-1.5430000e+01]]]
[[[1147.0411376953125,0,984.3319702148438],[0,1147.0411376953125,575.9387817382812],[0,0,1]],[[-7.9187572e-01,5.9845000e-03,6.1066800e-01,-6.8500000e+00],[6.4279950e-02,9.9522167e-01,7.3601190e-02,6.4100000e+00],[-6.0730314e-01,9.7535530e-02,-7.8846711e-01,-1.5440000e+01]]]
[[[1147.0411376953125,0,984.3319702148438],[0,1147.0411376953125,575.9387817382812],[0,0,1]],[[-8.56354120e-01,-5.77673900e-02,5.13165240e-01,-6.87000000e+00],[9.44526400e-04,9.93554175e-01,1.13421470e-01,6.44000000e+00],[-5.16404030e-01,9.76124300e-02,-8.50769520e-01,-1.54400000e+01]]]
[[[1147.0411376953125,0,984.3319702148438],[0,1147.0411376953125,575.9387817382812],[0,0,1]],[[-0.96721262,-0.08644408,0.23884194,-6.89],[-0.05191388,0.98774177,0.14726365,6.45],[-0.24864191,0.1300344,-0.95983249,-15.47]]]
[[[1147.0411376953125,0,984.3319702148438],[0,1147.0411376953125,575.9387817382812],[0,0,1]],[[-0.99032199,-0.13774309,0.01754105,-6.88],[-0.13331562,0.97851998,0.15729304,6.48],[-0.03883047,0.15343025,-0.98740137,-15.49]]]
[[[1147.0411376953125,0,984.3319702148438],[0,1147.0411376953125,575.9387817382812],[0,0,1]],[[-0.98346448,-0.11565597,-0.1394273,-6.87],[-0.13696924,0.97846299,0.15448326,6.49],[0.1185555,0.17102388,-0.97811329,-15.48]]]
[[[1147.0411376953125,0,984.3319702148438],[0,1147.0411376953125,575.9387817382812],[0,0,1]],[[-0.97627467,-0.09659395,-0.19384456,-6.83],[-0.11409125,0.99015373,0.08120679,6.5],[0.18408898,0.10139476,-0.97767091,-15.44]]]
[[[1147.0411376953125,0,984.3319702148438],[0,1147.0411376953125,575.9387817382812],[0,0,1]],[[-0.97133583,-0.09551965,-0.21771838,-6.77],[-0.11059451,0.99217296,0.05811325,6.5],[0.21046019,0.08052482,-0.97428566,-15.43]]]
[[[1147.0411376953125,0,984.3319702148438],[0,1147.0411376953125,575.9387817382812],[0,0,1]],[[-0.96790624,-0.11266249,-0.22468485,-6.75],[-0.12918375,0.98979998,0.06019267,6.52],[0.21560839,0.08728528,-0.97257608,-15.41]]]
[[[1147.0411376953125,0,984.3319702148438],[0,1147.0411376953125,575.9387817382812],[0,0,1]],[[-0.92357266,-0.12782657,-0.36151499,-6.73],[-0.16221498,0.98453385,0.06629786,6.52],[0.34744427,0.11987235,-0.93001264,-15.41]]]
[[[1147.0411376953125,0,984.3319702148438],[0,1147.0411376953125,575.9387817382812],[0,0,1]],[[-8.2654798e-01,-1.7116295e-01,-5.3622836e-01,-6.7300000e+00],[-2.1216278e-01,9.7712547e-01,1.5133420e-02,6.5800000e+00],[5.2136523e-01,1.2627438e-01,-8.4394538e-01,-1.5390000e+01]]]
[[[1147.0411376953125,0,984.3319702148438],[0,1147.0411376953125,575.9387817382812],[0,0,1]],[[-7.5406998e-01,-1.7882097e-01,-6.3199747e-01,-6.7100000e+00],[-2.1868651e-01,9.7568619e-01,-1.5139770e-02,6.5800000e+00],[6.1933041e-01,1.2679102e-01,-7.7483213e-01,-1.5380000e+01]]]
[[[1147.0411376953125,0,984.3319702148438],[0,1147.0411376953125,575.9387817382812],[0,0,1]],[[-0.72703868,-0.16385326,-0.66677266,-6.72],[-0.19847217,0.97981203,-0.02436883,6.54],[0.65729606,0.114617,-0.74487257,-15.3]]]
[[[1147.0411376953125,0,984.3319702148438],[0,1147.0411376953125,575.9387817382812],[0,0,1]],[[-8.3246088e-01,-1.0545067e-01,-5.4397446e-01,-6.6500000e+00],[-1.2649028e-01,9.9197543e-01,1.2752900e-03,6.6000000e+00],[5.3946751e-01,6.9867970e-02,-8.3910918e-01,-1.5280000e+01]]]
[[[1147.0411376953125,0,984.3319702148438],[0,1147.0411376953125,575.9387817382812],[0,0,1]],[[-0.92495608,-0.10938746,-0.36401969,-6.63],[-0.12432899,0.99208993,0.01779189,6.61],[0.35918894,0.06171386,-0.93122816,-15.23]]]
[[[1147.0411376953125,0,984.3319702148438],[0,1147.0411376953125,575.9387817382812],[0,0,1]],[[-0.94440544,-0.12175647,-0.30543968,-6.58],[-0.13367604,0.99086392,0.0183349,6.55],[0.3004123,0.05814452,-0.95204169,-15.2]]]
[[[1147.0411376953125,0,984.3319702148438],[0,1147.0411376953125,575.9387817382812],[0,0,1]],[[-0.89597887,-0.13066535,-0.42446169,-6.59],[-0.15250146,0.98815298,0.01771816,6.58],[0.41711196,0.0806048,-0.90527976,-15.16]]]
[[[1147.0411376953125,0,984.3319702148438],[0,1147.0411376953125,575.9387817382812],[0,0,1]],[[-0.83663994,-0.13716321,-0.53032005,-6.59],[-0.15083469,0.98840934,-0.01768577,6.57],[0.5265919,0.06519292,-0.84762144,-15.14]]]
[[[1147.0411376953125,0,984.3319702148438],[0,1147.0411376953125,575.9387817382812],[0,0,1]],[[-8.1745327e-01,-9.8761420e-02,-5.6748235e-01,-6.5800000e+00],[-1.1616544e-01,9.9322319e-01,-5.5197400e-03,6.5400000e+00],[5.6417382e-01,6.1408660e-02,-8.2337606e-01,-1.5130000e+01]]]
[[[1147.0411376953125,0,984.3319702148438],[0,1147.0411376953125,575.9387817382812],[0,0,1]],[[-0.84512424,-0.03513423,-0.53343189,-6.54],[-0.06965219,0.99657744,0.0447119,6.59],[0.53002799,0.07494066,-0.84466881,-15.12]]]
[[[1147.0411376953125,0,984.3319702148438],[0,1147.0411376953125,575.9387817382812],[0,0,1]],[[-0.84861428,-0.01714339,-0.52875257,-6.52],[-0.05995898,0.99615985,0.06393246,6.54],[0.52561891,0.0859562,-0.84637338,-15.09]]]
[[[1147.0411376953125,0,984.3319702148438],[0,1147.0411376953125,575.9387817382812],[0,0,1]],[[-0.81642598,-0.02077256,-0.57709271,-6.49],[-0.07649346,0.99444497,0.07242174,6.53],[0.57237488,0.10326936,-0.81347013,-15.08]]]
[[[1147.0411376953125,0,984.3319702148438],[0,1147.0411376953125,575.9387817382812],[0,0,1]],[[-0.73895723,-0.03834869,-0.67267418,-6.48],[-0.12792115,0.98821318,0.08418866,6.57],[0.66150826,0.14825904,-0.73514444,-15.05]]]
[[[1147.0411376953125,0,984.3319702148438],[0,1147.0411376953125,575.9387817382812],[0,0,1]],[[-0.66561002,-0.04806231,-0.74476361,-6.48],[-0.15155801,0.98584354,0.07183028,6.58],[0.73075849,0.16068362,-0.66346407,-15.01]]]
[[[1147.0411376953125,0,984.3319702148438],[0,1147.0411376953125,575.9387817382812],[0,0,1]],[[-0.66366416,-0.03537265,-0.74720651,-6.46],[-0.12952583,0.98923546,0.06821369,6.56],[0.73674083,0.14205155,-0.66109449,-14.96]]]
[[[1147.0411376953125,0,984.3319702148438],[0,1147.0411376953125,575.9387817382812],[0,0,1]],[[-0.69754052,-0.03818556,-0.71554017,-6.42],[-0.13382471,0.9879601,0.07773467,6.6],[0.7039476,0.14997798,-0.69424456,-14.94]]]
[[[1147.0411376953125,0,984.3319702148438],[0,1147.0411376953125,575.9387817382812],[0,0,1]],[[-0.71687478,-0.02295841,-0.69683737,-6.4],[-0.13151774,0.98597622,0.10281482,6.6],[0.68469548,0.16534953,-0.70983291,-14.92]]]
[[[1147.0411376953125,0,984.3319702148438],[0,1147.0411376953125,575.9387817382812],[0,0,1]],[[-0.68817645,-0.02748239,-0.72503543,-6.39],[-0.15596971,0.98153228,0.11083563,6.62],[0.70859033,0.18935551,-0.67974639,-14.86]]]
[[[1147.0411376953125,0,984.3319702148438],[0,1147.0411376953125,575.9387817382812],[0,0,1]],[[-0.6194216,-0.03045372,-0.78447956,-6.4],[-0.16279528,0.98251814,0.0904007,6.64],[0.76800239,0.18370327,-0.61354423,-14.83]]]
[[[1147.0411376953125,0,984.3319702148438],[0,1147.0411376953125,575.9387817382812],[0,0,1]],[[-0.55201316,-0.02605412,-0.83343965,-6.38],[-0.18627766,0.97811317,0.09280065,6.65],[0.81277001,0.20647563,-0.544779,-14.82]]]
[[[1147.0411376953125,0,984.3319702148438],[0,1147.0411376953125,575.9387817382812],[0,0,1]],[[-5.2154762e-01,-2.3954400e-03,-8.5322952e-01,-6.3700000e+00],[-1.6716136e-01,9.8091197e-01,9.9425520e-02,6.6600000e+00],[8.3669412e-01,1.9447963e-01,-5.1198763e-01,-1.4780000e+01]]]
[[[1147.0411376953125,0,984.3319702148438],[0,1147.0411376953125,575.9387817382812],[0,0,1]],[[-0.59038937,-0.01509339,-0.80698907,-6.34],[-0.14591977,0.98535419,0.08832463,6.68],[0.79382652,0.16989928,-0.58393884,-14.76]]]
[[[1147.0411376953125,0,984.3319702148438],[0,1147.0411376953125,575.9387817382812],[0,0,1]],[[-0.65297306,-0.01812277,-0.75717664,-6.31],[-0.1557609,0.98156601,0.11083128,6.67],[0.74120033,0.19030578,-0.64375186,-14.72]]]
[[[1147.0411376953125,0,984.3319702148438],[0,1147.0411376953125,575.9387817382812],[0,0,1]],[[-6.4303714e-01,5.2060700e-03,-7.6582956e-01,-6.2900000e+00],[-1.5279280e-01,9.7900975e-01,1.3494919e-01,6.6900000e+00],[7.5044727e-01,2.0378788e-01,-6.2873733e-01,-1.4680000e+01]]]
[[[1147.0411376953125,0,984.3319702148438],[0,1147.0411376953125,575.9387817382812],[0,0,1]],[[-5.3988510e-01,-2.2595000e-03,-8.4174675e-01,-6.3000000e+00],[-1.8110761e-01,9.7689635e-01,1.1353752e-01,6.7400000e+00],[8.2203203e-01,2.1374112e-01,-5.2781540e-01,-1.4650000e+01]]]
[[[1147.0411376953125,0,984.3319702148438],[0,1147.0411376953125,575.9387817382812],[0,0,1]],[[-3.8599363e-01,1.1015000e-02,-9.2244571e-01,-6.2900000e+00],[-1.9891939e-01,9.7542053e-01,9.4884400e-02,6.7600000e+00],[9.0080619e-01,2.2011420e-01,-3.7431148e-01,-1.4600000e+01]]]
[[[1147.0411376953125,0,984.3319702148438],[0,1147.0411376953125,575.9387817382812],[0,0,1]],[[-0.32684591,0.02036378,-0.94486797,-6.26],[-0.1909534,0.97773355,0.08712595,6.72],[0.92559183,0.20889975,-0.31567693,-14.55]]]
[[[1147.0411376953125,0,984.3319702148438],[0,1147.0411376953125,575.9387817382812],[0,0,1]],[[-3.1969202e-01,8.2114700e-03,-9.4749552e-01,-6.2200000e+00],[-1.7643856e-01,9.8196584e-01,6.8041670e-02,6.7800000e+00],[9.3095547e-01,1.8892463e-01,-3.1247509e-01,-1.4510000e+01]]]
[[[1147.0411376953125,0,984.3319702148438],[0,1147.0411376953125,575.9387817382812],[0,0,1]],[[-3.0865446e-01,2.2950100e-03,-9.5118135e-01,-6.2100000e+00],[-1.7124459e-01,9.8353207e-01,5.7941000e-02,6.7900000e+00],[9.3563873e-01,1.8076597e-01,-3.0317587e-01,-1.4440000e+01]]]
[[[1147.0411376953125,0,984.3319702148438],[0,1147.0411376953125,575.9387817382812],[0,0,1]],[[-2.3608232e-01,1.0067790e-02,-9.7169060e-01,-6.1900000e+00],[-1.7542133e-01,9.8308486e-01,5.2806040e-02,6.7700000e+00],[9.5577431e-01,1.8291940e-01,-2.3032105e-01,-1.4360000e+01]]]
[[[1147.0411376953125,0,984.3319702148438],[0,1147.0411376953125,575.9387817382812],[0,0,1]],[[-0.16054872,0.01895429,-0.98685539,-6.17],[-0.19594324,0.97931319,0.05068664,6.76],[0.96738952,0.20150265,-0.15351264,-14.3]]]
[[[1147.0411376953125,0,984.3319702148438],[0,1147.0411376953125,575.9387817382812],[0,0,1]],[[-0.08244526,0.05139168,-0.99527895,-6.12],[-0.18467435,0.9805944,0.06593098,6.74],[0.97934175,0.18923576,-0.07135479,-14.24]]]
[[[1147.0411376953125,0,984.3319702148438],[0,1147.0411376953125,575.9387817382812],[0,0,1]],[[-0.090092,0.05846177,-0.99422544,-6.05],[-0.16135888,0.98423809,0.07249588,6.74],[0.98278111,0.16695619,-0.07923875,-14.16]]]
[[[1147.0411376953125,0,984.3319702148438],[0,1147.0411376953125,575.9387817382812],[0,0,1]],[[-0.21910557,0.02751272,-0.97532272,-6.],[-0.15090573,0.98662734,0.06173228,6.74],[0.96396685,0.16070552,-0.21202208,-14.1]]]
[[[1147.0411376953125,0,984.3319702148438],[0,1147.0411376953125,575.9387817382812],[0,0,1]],[[-0.32573715,0.02873334,-0.94503349,-5.96],[-0.14837964,0.98560703,0.08111072,6.74],[0.93375105,0.16664222,-0.31678262,-14.04]]]
[[[1147.0411376953125,0,984.3319702148438],[0,1147.0411376953125,575.9387817382812],[0,0,1]],[[-0.34659511,0.03193348,-0.93748057,-5.93],[-0.16944112,0.98085672,0.09605473,6.75],[0.92259067,0.19213739,-0.33454636,-13.99]]]
[[[1147.0411376953125,0,984.3319702148438],[0,1147.0411376953125,575.9387817382812],[0,0,1]],[[-0.3570644,0.03011899,-0.93360353,-5.9],[-0.20212904,0.97331578,0.10870583,6.79],[0.9119544,0.22752047,-0.34144545,-13.95]]]
[[[1147.0411376953125,0,984.3319702148438],[0,1147.0411376953125,575.9387817382812],[0,0,1]],[[-4.6385008e-01,7.1788000e-03,-8.8589478e-01,-5.8500000e+00],[-1.8667139e-01,9.7673327e-01,1.0565488e-01,6.7600000e+00],[8.6603081e-01,2.1437639e-01,-4.5171326e-01,-1.3910000e+01]]]
[[[1147.0411376953125,0,984.3319702148438],[0,1147.0411376953125,575.9387817382812],[0,0,1]],[[-0.60564274,0.05537338,-0.79381913,-5.79],[-0.13154469,0.97689259,0.16850531,6.78],[0.78479689,0.20647402,-0.58435768,-13.85]]]
[[[1147.0411376953125,0,984.3319702148438],[0,1147.0411376953125,575.9387817382812],[0,0,1]],[[-0.7385838,0.02231565,-0.67380542,-5.75],[-0.12369227,0.97800928,0.16797404,6.79],[0.66272801,0.20740472,-0.71957409,-13.79]]]
[[[1147.0411376953125,0,984.3319702148438],[0,1147.0411376953125,575.9387817382812],[0,0,1]],[[-0.78434896,0.03338232,-0.61943579,-5.68],[-0.09380611,0.98069382,0.17163092,6.72],[0.6131984,0.19272287,-0.76606655,-13.78]]]
[[[1147.0411376953125,0,984.3319702148438],[0,1147.0411376953125,575.9387817382812],[0,0,1]],[[-0.75928265,0.06153949,-0.64785814,-5.64],[-0.08263799,0.97835076,0.18978322,6.74],[0.64550346,0.19763432,-0.73775148,-13.73]]]
[[[1147.0411376953125,0,984.3319702148438],[0,1147.0411376953125,575.9387817382812],[0,0,1]],[[-0.73895282,0.084931,-0.66839588,-5.57],[-0.05881372,0.98011434,0.18956192,6.77],[0.67119557,0.17938593,-0.71925563,-13.69]]]
[[[1147.0411376953125,0,984.3319702148438],[0,1147.0411376953125,575.9387817382812],[0,0,1]],[[-0.7729308,0.09116566,-0.62792075,-5.52],[-0.05750164,0.97549617,0.21240941,6.78],[0.63189054,0.20028175,-0.74874097,-13.66]]]
[[[1147.0411376953125,0,984.3319702148438],[0,1147.0411376953125,575.9387817382812],[0,0,1]],[[-0.83267552,0.07373838,-0.5488463,-5.46],[-0.06506971,0.97121,0.22920288,6.78],[0.5499388,0.22656204,-0.80389589,-13.6]]]
[[[1147.0411376953125,0,984.3319702148438],[0,1147.0411376953125,575.9387817382812],[0,0,1]],[[-0.85341758,0.08237839,-0.51469475,-5.37],[-0.06088122,0.96492916,0.25538668,6.77],[0.51767528,0.24928358,-0.81846303,-13.55]]]
[[[1147.0411376953125,0,984.3319702148438],[0,1147.0411376953125,575.9387817382812],[0,0,1]],[[-0.80433089,0.05700941,-0.59145635,-5.37],[-0.09613384,0.9697966,0.22421044,6.76],[0.58636671,0.23719524,-0.77454805,-13.5]]]
[[[1147.0411376953125,0,984.3319702148438],[0,1147.0411376953125,575.9387817382812],[0,0,1]],[[-0.75374752,0.05265426,-0.65506512,-5.33],[-0.1065883,0.9738006,0.20091915,6.77],[0.64847368,0.22126177,-0.72837931,-13.47]]]
[[[1147.0411376953125,0,984.3319702148438],[0,1147.0411376953125,575.9387817382812],[0,0,1]],[[-0.78124785,0.12875265,-0.61081344,-5.3],[-0.05108453,0.96203774,0.26812497,6.77],[0.62213922,0.24067217,-0.7450043,-13.38]]]
[[[1147.0411376953125,0,984.3319702148438],[0,1147.0411376953125,575.9387817382812],[0,0,1]],[[-0.86965424,0.09255876,-0.48492587,-5.25],[-0.04161439,0.96503562,0.25882787,6.8],[0.49192074,0.24526756,-0.83538592,-13.31]]]
[[[1147.0411376953125,0,984.3319702148438],[0,1147.0411376953125,575.9387817382812],[0,0,1]],[[-0.90240502,0.08682653,-0.42207205,-5.19],[-0.02322954,0.96827179,0.24885279,6.77],[0.4302814,0.23436753,-0.87174624,-13.26]]]
[[[1147.0411376953125,0,984.3319702148438],[0,1147.0411376953125,575.9387817382812],[0,0,1]],[[-0.85976171,0.07132334,-0.50570863,-5.12],[-0.05887697,0.96976495,0.23686898,6.8],[0.50730592,0.23342243,-0.82955813,-13.22]]]
[[[1147.0411376953125,0,984.3319702148438],[0,1147.0411376953125,575.9387817382812],[0,0,1]],[[-0.75139302,0.04540674,-0.65830475,-5.09],[-0.10783716,0.97577667,0.19038995,6.81],[0.65099496,0.21404454,-0.72828716,-13.21]]]
[[[1147.0411376953125,0,984.3319702148438],[0,1147.0411376953125,575.9387817382812],[0,0,1]],[[-0.71851194,0.08176297,-0.69070524,-5.1],[-0.07372575,0.97852695,0.19252762,6.79],[0.69160622,0.18925366,-0.69704777,-13.14]]]
[[[1147.0411376953125,0,984.3319702148438],[0,1147.0411376953125,575.9387817382812],[0,0,1]],[[-0.78736228,0.07603925,-0.61179805,-5.01],[-0.06093301,0.977916,0.1999616,6.79],[0.61348379,0.19471844,-0.76533246,-13.09]]]
[[[1147.0411376953125,0,984.3319702148438],[0,1147.0411376953125,575.9387817382812],[0,0,1]],[[-0.81357855,0.03120265,-0.58063352,-4.95],[-0.0776894,0.98378181,0.1617247,6.76],[0.57625502,0.17668237,-0.79795074,-13.03]]]
[[[1147.0411376953125,0,984.3319702148438],[0,1147.0411376953125,575.9387817382812],[0,0,1]],[[-0.74014032,0.06851065,-0.66896713,-4.88],[-0.10154254,0.97201252,0.21189187,6.79],[0.66475224,0.22475539,-0.71246094,-13.01]]]
[[[1147.0411376953125,0,984.3319702148438],[0,1147.0411376953125,575.9387817382812],[0,0,1]],[[-0.5760929,0.04560345,-0.81612253,-4.89],[-0.13786234,0.97872669,0.15200487,6.8],[0.80568206,0.20007873,-0.55754483,-13.01]]]
[[[1147.0411376953125,0,984.3319702148438],[0,1147.0411376953125,575.9387817382812],[0,0,1]],[[-0.44259539,0.04782441,-0.89545548,-4.88],[-0.14860415,0.98086667,0.12583613,6.79],[0.88432884,0.18876031,-0.42701611,-12.98]]]
[[[1147.0411376953125,0,984.3319702148438],[0,1147.0411376953125,575.9387817382812],[0,0,1]],[[-0.36560196,0.0496476,-0.92945641,-4.81],[-0.13718835,0.98480457,0.10656685,6.84],[0.92061174,0.16646926,-0.35323235,-12.97]]]
[[[1147.0411376953125,0,984.3319702148438],[0,1147.0411376953125,575.9387817382812],[0,0,1]],[[-2.1377316e-01,-1.0562320e-02,-9.7683567e-01,-4.8000000e+00],[-2.0609792e-01,9.7793078e-01,3.4528580e-02,6.8200000e+00],[9.5490080e-01,2.0870218e-01,-2.1123087e-01,-1.2970000e+01]]]
[[[1147.0411376953125,0,984.3319702148438],[0,1147.0411376953125,575.9387817382812],[0,0,1]],[[6.7130360e-02,6.3740400e-03,-9.9773324e-01,-4.8000000e+00],[-2.2342315e-01,9.7469056e-01,-8.8059700e-03,6.8100000e+00],[9.7241312e-01,2.2350478e-01,6.6853250e-02,-1.2960000e+01]]]
[[[1147.0411376953125,0,984.3319702148438],[0,1147.0411376953125,575.9387817382812],[0,0,1]],[[2.6288459e-01,5.6416000e-02,-9.6318609e-01,-4.7900000e+00],[-2.2425580e-01,9.7453022e-01,-4.1264700e-03,6.8200000e+00],[9.3840998e-01,2.1708198e-01,2.6883593e-01,-1.2940000e+01]]]
[[[1147.0411376953125,0,984.3319702148438],[0,1147.0411376953125,575.9387817382812],[0,0,1]],[[0.46683368,0.12213925,-0.87588054,-4.83],[-0.27871802,0.96027017,-0.01464641,6.81],[0.83928353,0.25095794,0.48232177,-12.93]]]
[[[1147.0411376953125,0,984.3319702148438],[0,1147.0411376953125,575.9387817382812],[0,0,1]],[[5.7758033e-01,1.7484802e-01,-7.9740047e-01,-4.8400000e+00],[-2.9204059e-01,9.5641321e-01,-1.8186900e-03,6.8000000e+00],[7.6231772e-01,2.3392078e-01,6.0345984e-01,-1.2930000e+01]]]
[[[1147.0411376953125,0,984.3319702148438],[0,1147.0411376953125,575.9387817382812],[0,0,1]],[[5.8925569e-01,1.3387796e-01,-7.9678941e-01,-4.7500000e+00],[-2.3702997e-01,9.7143644e-01,-1.2070420e-02,6.7900000e+00],[7.7240539e-01,1.9597292e-01,6.0414881e-01,-1.2920000e+01]]]
[[[1147.0411376953125,0,984.3319702148438],[0,1147.0411376953125,575.9387817382812],[0,0,1]],[[0.43963566,0.03347685,-0.89756274,-4.69],[-0.14819634,0.98832148,-0.03572645,6.76],[0.88587385,0.14871998,0.43945572,-12.88]]]
[[[1147.0411376953125,0,984.3319702148438],[0,1147.0411376953125,575.9387817382812],[0,0,1]],[[0.14079458,0.04933567,-0.98881865,-4.63],[-0.11974393,0.99228323,0.03245835,6.71],[0.982777,0.11383332,0.14561263,-12.79]]]
[[[1147.0411376953125,0,984.3319702148438],[0,1147.0411376953125,575.9387817382812],[0,0,1]],[[-0.14324687,0.0374454,-0.98898822,-4.55],[-0.1030992,0.99329168,0.05254116,6.7],[0.98430812,0.10948854,-0.1384248,-12.7]]]
[[[1147.0411376953125,0,984.3319702148438],[0,1147.0411376953125,575.9387817382812],[0,0,1]],[[-0.34796157,-0.02613188,-0.93715513,-4.48],[-0.12414802,0.99210167,0.01843132,6.68],[0.92925894,0.12275735,-0.34845421,-12.62]]]
[[[1147.0411376953125,0,984.3319702148438],[0,1147.0411376953125,575.9387817382812],[0,0,1]],[[-3.9761624e-01,-6.6570690e-02,-9.1514462e-01,-4.4300000e+00],[-1.4760934e-01,9.8902392e-01,-7.8112300e-03,6.6700000e+00],[9.0560782e-01,1.3197584e-01,-4.0307447e-01,-1.2560000e+01]]]
[[[1147.0411376953125,0,984.3319702148438],[0,1147.0411376953125,575.9387817382812],[0,0,1]],[[-0.4048782,-0.01678196,-0.91422755,-4.41],[-0.16252519,0.98524076,0.05389069,6.58],[0.89981788,0.17040157,-0.40162599,-12.54]]]
[[[1147.0411376953125,0,984.3319702148438],[0,1147.0411376953125,575.9387817382812],[0,0,1]],[[-0.41968864,0.03239689,-0.90710056,-4.35],[-0.15389879,0.98236227,0.106289,6.58],[0.89453298,0.18420732,-0.40729645,-12.55]]]
[[[1147.0411376953125,0,984.3319702148438],[0,1147.0411376953125,575.9387817382812],[0,0,1]],[[-0.37640905,0.0416172,-0.92552882,-4.3],[-0.14616181,0.98382139,0.10368154,6.62],[0.91485798,0.17430115,-0.36423308,-12.57]]]
[[[1147.0411376953125,0,984.3319702148438],[0,1147.0411376953125,575.9387817382812],[0,0,1]],[[-0.21958981,0.02995419,-0.97514236,-4.29],[-0.2016287,0.97656453,0.07540184,6.6],[0.95453566,0.21317114,-0.20840262,-12.61]]]
[[[1147.0411376953125,0,984.3319702148438],[0,1147.0411376953125,575.9387817382812],[0,0,1]],[[0.1046791,0.07988712,-0.99130225,-4.31],[-0.22637528,0.97252542,0.05446894,6.62],[0.96840584,0.21870148,0.11988471,-12.65]]]
[[[1147.0411376953125,0,984.3319702148438],[0,1147.0411376953125,575.9387817382812],[0,0,1]],[[4.0208921e-01,8.6441090e-02,-9.1152167e-01,-4.3400000e+00],[-2.3534133e-01,9.7185224e-01,-1.1651440e-02,6.6300000e+00],[8.8484669e-01,2.1920061e-01,4.1110808e-01,-1.2650000e+01]]]
[[[1147.0411376953125,0,984.3319702148438],[0,1147.0411376953125,575.9387817382812],[0,0,1]],[[0.57034421,0.11668095,-0.81308836,-4.36],[-0.24850167,0.96799362,-0.03540252,6.64],[0.78292447,0.22224244,0.5810765,-12.66]]]
[[[1147.0411376953125,0,984.3319702148438],[0,1147.0411376953125,575.9387817382812],[0,0,1]],[[0.65666622,0.12153021,-0.74433833,-4.36],[-0.24807708,0.96682715,-0.06100108,6.64],[0.71222514,0.22470759,0.66502208,-12.66]]]
[[[1147.0411376953125,0,984.3319702148438],[0,1147.0411376953125,575.9387817382812],[0,0,1]],[[0.71452576,0.09392595,-0.69328958,-4.37],[-0.21292758,0.97314149,-0.08761029,6.66],[0.66643274,0.21021745,0.71532393,-12.67]]]
[[[1147.0411376953125,0,984.3319702148438],[0,1147.0411376953125,575.9387817382812],[0,0,1]],[[0.77815187,0.01965768,-0.62778437,-4.42],[-0.15405282,0.97496188,-0.16042338,6.7],[0.60890579,0.22154261,0.76168585,-12.71]]]
[[[1147.0411376953125,0,984.3319702148438],[0,1147.0411376953125,575.9387817382812],[0,0,1]],[[8.3298725e-01,-7.4546400e-03,-5.5326009e-01,-4.4700000e+00],[-1.2325638e-01,9.7229338e-01,-1.9867574e-01,6.7400000e+00],[5.3940672e-01,2.3368387e-01,8.0897778e-01,-1.2760000e+01]]]
[[[1147.0411376953125,0,984.3319702148438],[0,1147.0411376953125,575.9387817382812],[0,0,1]],[[8.8658410e-01,9.7469300e-03,-4.6248639e-01,-4.5200000e+00],[-1.3305776e-01,9.6290892e-01,-2.3477830e-01,6.7500000e+00],[4.4303977e-01,2.6968434e-01,8.5498476e-01,-1.2780000e+01]]]
[[[1147.0411376953125,0,984.3319702148438],[0,1147.0411376953125,575.9387817382812],[0,0,1]],[[9.2567945e-01,1.0978830e-02,-3.7817603e-01,-4.5300000e+00],[-9.6596930e-02,9.7331673e-01,-2.0818920e-01,6.7500000e+00],[3.6579633e-01,2.2924389e-01,9.0202725e-01,-1.2790000e+01]]]
[[[1147.0411376953125,0,984.3319702148438],[0,1147.0411376953125,575.9387817382812],[0,0,1]],[[0.94697678,0.01910703,-0.32076502,-4.53],[-0.07135517,0.98582095,-0.15193625,6.73],[0.31331149,0.16676596,0.93489999,-12.82]]]
[[[1147.0411376953125,0,984.3319702148438],[0,1147.0411376953125,575.9387817382812],[0,0,1]],[[0.96675104,0.0619342,-0.24814728,-4.52],[-0.09842109,0.98561805,-0.13744049,6.74],[0.23606493,0.15729149,0.95892966,-12.84]]]
[[[1147.0411376953125,0,984.3319702148438],[0,1147.0411376953125,575.9387817382812],[0,0,1]],[[0.9835133,0.08490881,-0.15972708,-4.45],[-0.11545841,0.97440141,-0.19295341,6.8],[0.13925494,0.20821126,0.96812695,-12.9]]]
[[[1147.0411376953125,0,984.3319702148438],[0,1147.0411376953125,575.9387817382812],[0,0,1]],[[0.98733807,0.06011353,-0.14686969,-4.43],[-0.08867118,0.97651404,-0.19641213,6.79],[0.13161345,0.20694539,0.96946651,-12.93]]]
[[[1147.0411376953125,0,984.3319702148438],[0,1147.0411376953125,575.9387817382812],[0,0,1]],[[0.97453499,0.01678911,-0.22365357,-4.41],[-0.05995856,0.98041189,-0.18766417,6.79],[0.21612084,0.19629234,0.95643884,-12.98]]]
[[[1147.0411376953125,0,984.3319702148438],[0,1147.0411376953125,575.9387817382812],[0,0,1]],[[0.95429099,-0.01964387,-0.2982679,-4.38],[-0.0480266,0.97480822,-0.21786,6.81],[0.29503149,0.22222336,0.92929417,-13.02]]]
[[[1147.0411376953125,0,984.3319702148438],[0,1147.0411376953125,575.9387817382812],[0,0,1]],[[0.94091296,-0.03419477,-0.33694845,-4.36],[-0.02321316,0.98604912,-0.16489039,6.8],[0.33788338,0.16296664,0.92697948,-13.03]]]
[[[1147.0411376953125,0,984.3319702148438],[0,1147.0411376953125,575.9387817382812],[0,0,1]],[[9.5975482e-01,-4.0685110e-02,-2.7791399e-01,-4.3300000e+00],[6.6679200e-03,9.9248517e-01,-1.2226833e-01,6.7800000e+00],[2.8079811e-01,1.1549263e-01,9.5280027e-01,-1.3050000e+01]]]
[[[1147.0411376953125,0,984.3319702148438],[0,1147.0411376953125,575.9387817382812],[0,0,1]],[[9.7855181e-01,-1.9281910e-02,-2.0514692e-01,-4.3200000e+00],[-1.0067700e-03,9.9516279e-01,-9.8339760e-02,6.8300000e+00],[2.0604996e-01,9.6435520e-02,9.7378552e-01,-1.3090000e+01]]]
[[[1147.0411376953125,0,984.3319702148438],[0,1147.0411376953125,575.9387817382812],[0,0,1]],[[0.97511095,0.01680151,-0.22112751,-4.31],[-0.04191997,0.99312413,-0.10939804,6.82],[0.21776806,0.11594316,0.96909702,-13.11]]]
[[[1147.0411376953125,0,984.3319702148438],[0,1147.0411376953125,575.9387817382812],[0,0,1]],[[0.97152066,0.02756135,-0.23539118,-4.32],[-0.04966639,0.9948473,-0.08850325,6.83],[0.23173785,0.09767231,0.96787006,-13.12]]]
[[[1147.0411376953125,0,984.3319702148438],[0,1147.0411376953125,575.9387817382812],[0,0,1]],[[0.96875203,0.04327993,-0.24426882,-4.33],[-0.06523065,0.99446434,-0.08250037,6.83],[0.23934476,0.09585482,0.9661991,-13.14]]]
[[[1147.0411376953125,0,984.3319702148438],[0,1147.0411376953125,575.9387817382812],[0,0,1]],[[0.96266884,0.0244495,-0.26961434,-4.33],[-0.0450648,0.99650067,-0.07054083,6.84],[0.26694453,0.08005635,0.96038866,-13.14]]]
[[[1147.0411376953125,0,984.3319702148438],[0,1147.0411376953125,575.9387817382812],[0,0,1]],[[0.96108133,0.02108767,-0.27549753,-4.34],[-0.04116661,0.99689299,-0.0673059,6.85],[0.27322051,0.07602656,0.95895016,-13.15]]]
[[[1147.0411376953125,0,984.3319702148438],[0,1147.0411376953125,575.9387817382812],[0,0,1]],[[0.95616776,0.02977546,-0.29133716,-4.34],[-0.05182456,0.9963308,-0.06826136,6.85],[0.28823376,0.08036651,0.95418936,-13.16]]]
[[[1147.0411376953125,0,984.3319702148438],[0,1147.0411376953125,575.9387817382812],[0,0,1]],[[0.9542563,0.03658354,-0.29677871,-4.35],[-0.05068202,0.99792576,-0.03994988,6.84],[0.29469964,0.05316291,0.95411772,-13.17]]]
