[[[1143.6417236328125,0,984.280517578125],[0,1143.6417236328125,575.9307861328125],[0,0,1]],[[1.00000000e+00,3.40342776e-05,7.43354540e-05,0.00000000e+00],[-3.72202594e-05,9.99062598e-01,4.32887189e-02,0.00000000e+00],[-7.27924707e-05,-4.32887189e-02,9.99062598e-01,0.00000000e+00]]]
[[[1143.6417236328125,0,984.280517578125],[0,1143.6417236328125,575.9307861328125],[0,0,1]],[[1.00000000e+00,3.40342776e-05,7.43354540e-05,0.00000000e+00],[-3.72202594e-05,9.99062598e-01,4.32887189e-02,0.00000000e+00],[-7.27924707e-05,-4.32887189e-02,9.99062598e-01,0.00000000e+00]]]
[[[1143.6417236328125,0,984.280517578125],[0,1143.6417236328125,575.9307861328125],[0,0,1]],[[1.00000000e+00,3.40342776e-05,7.43354540e-05,0.00000000e+00],[-3.72202594e-05,9.99062598e-01,4.32887189e-02,0.00000000e+00],[-7.27924707e-05,-4.32887189e-02,9.99062598e-01,0.00000000e+00]]]
[[[1143.6417236328125,0,984.280517578125],[0,1143.6417236328125,575.9307861328125],[0,0,1]],[[1.00000000e+00,-3.45630287e-05,-3.36941157e-05,-0.00000000e+00],[3.59835140e-05,9.99070227e-01,4.31120768e-02,-0.00000000e+00],[3.21727057e-05,-4.31120768e-02,9.99070227e-01,-0.00000000e+00]]]
[[[1143.6417236328125,0,984.280517578125],[0,1143.6417236328125,575.9307861328125],[0,0,1]],[[1.00000000e+00,8.98290455e-06,3.96185060e-05,-0.00000000e+00],[-1.06863645e-05,9.99066114e-01,4.32083085e-02,-0.00000000e+00],[-3.91933718e-05,-4.32083085e-02,9.99066055e-01,-0.00000000e+00]]]
[[[1143.6417236328125,0,984.280517578125],[0,1143.6417236328125,575.9307861328125],[0,0,1]],[[1.00000000e+00,-1.82215008e-05,1.38758915e-05,-0.00000000e+00],[1.76055801e-05,9.99068022e-01,4.31640595e-02,-0.00000000e+00],[-1.46494731e-05,-4.31640595e-02,9.99068022e-01,-0.00000000e+00]]]
[[[1143.6417236328125,0,984.280517578125],[0,1143.6417236328125,575.9307861328125],[0,0,1]],[[1.00000000e+00,2.88310730e-05,6.79270524e-05,-0.00000000e+00],[-3.17397244e-05,9.99065697e-01,4.32167724e-02,-0.00000000e+00],[-6.66175983e-05,-4.32167724e-02,9.99065697e-01,-0.00000000e+00]]]
[[[1143.6417236328125,0,984.280517578125],[0,1143.6417236328125,575.9307861328125],[0,0,1]],[[1.00000000e+00,4.20038377e-05,6.68966895e-05,-0.00000000e+00],[-4.48521714e-05,9.99068022e-01,4.31632511e-02,-0.00000000e+00],[-6.50213260e-05,-4.31632511e-02,9.99068022e-01,-0.00000000e+00]]]
[[[1143.6417236328125,0,984.280517578125],[0,1143.6417236328125,575.9307861328125],[0,0,1]],[[1.00000000e+00,3.27114976e-05,5.73075922e-05,-0.00000000e+00],[-3.51551498e-05,9.99067605e-01,4.31731455e-02,-0.00000000e+00],[-5.58419015e-05,-4.31731455e-02,9.99067605e-01,-0.00000000e+00]]]
[[[1143.6417236328125,0,984.280517578125],[0,1143.6417236328125,575.9307861328125],[0,0,1]],[[1.00000000e+00,3.17880877e-05,7.76709785e-05,-0.00000000e+00],[-3.51111121e-05,9.99067962e-01,4.31647748e-02,-0.00000000e+00],[-7.62264681e-05,-4.31647748e-02,9.99067962e-01,-0.00000000e+00]]]
[[[1143.6417236328125,0,984.280517578125],[0,1143.6417236328125,575.9307861328125],[0,0,1]],[[1.00000000e+00,-1.68838633e-05,6.00732856e-05,-0.00000000e+00],[1.42785284e-05,9.99070406e-01,4.31080163e-02,-0.00000000e+00],[-6.07452712e-05,-4.31080163e-02,9.99070406e-01,-0.00000000e+00]]]
[[[1143.6417236328125,0,984.280517578125],[0,1143.6417236328125,575.9307861328125],[0,0,1]],[[1.00000000e+00,2.18784407e-05,5.81347049e-05,-0.00000000e+00],[-2.43667273e-05,9.99068499e-01,4.31526192e-02,-0.00000000e+00],[-5.71364435e-05,-4.31526192e-02,9.99068499e-01,-0.00000000e+00]]]
[[[1143.6417236328125,0,984.280517578125],[0,1143.6417236328125,575.9307861328125],[0,0,1]],[[1.00000000e+00,2.18784407e-05,5.81347049e-05,-0.00000000e+00],[-2.43667273e-05,9.99068499e-01,4.31526192e-02,-0.00000000e+00],[-5.71364435e-05,-4.31526192e-02,9.99068499e-01,-0.00000000e+00]]]
[[[1143.6417236328125,0,984.280517578125],[0,1143.6417236328125,575.9307861328125],[0,0,1]],[[1.00000000e+00,2.18784407e-05,5.81347049e-05,-0.00000000e+00],[-2.43667273e-05,9.99068499e-01,4.31526192e-02,-0.00000000e+00],[-5.71364435e-05,-4.31526192e-02,9.99068499e-01,-0.00000000e+00]]]
[[[1143.6417236328125,0,984.280517578125],[0,1143.6417236328125,575.9307861328125],[0,0,1]],[[1.00000000e+00,2.18784407e-05,5.81347049e-05,-0.00000000e+00],[-2.43667273e-05,9.99068499e-01,4.31526192e-02,-0.00000000e+00],[-5.71364435e-05,-4.31526192e-02,9.99068499e-01,-0.00000000e+00]]]
[[[1143.6417236328125,0,984.280517578125],[0,1143.6417236328125,575.9307861328125],[0,0,1]],[[1.00000000e+00,2.18784407e-05,5.81347049e-05,-0.00000000e+00],[-2.43667273e-05,9.99068499e-01,4.31526192e-02,-0.00000000e+00],[-5.71364435e-05,-4.31526192e-02,9.99068499e-01,-0.00000000e+00]]]
[[[1143.6417236328125,0,984.280517578125],[0,1143.6417236328125,575.9307861328125],[0,0,1]],[[1.00000000e+00,2.18784407e-05,5.81347049e-05,-0.00000000e+00],[-2.43667273e-05,9.99068499e-01,4.31526192e-02,-0.00000000e+00],[-5.71364435e-05,-4.31526192e-02,9.99068499e-01,-0.00000000e+00]]]
[[[1143.6417236328125,0,984.280517578125],[0,1143.6417236328125,575.9307861328125],[0,0,1]],[[1.00000000e+00,2.18784407e-05,5.81347049e-05,-0.00000000e+00],[-2.43667273e-05,9.99068499e-01,4.31526192e-02,-0.00000000e+00],[-5.71364435e-05,-4.31526192e-02,9.99068499e-01,-0.00000000e+00]]]
[[[1143.6417236328125,0,984.280517578125],[0,1143.6417236328125,575.9307861328125],[0,0,1]],[[1.00000000e+00,2.18784407e-05,5.81347049e-05,-0.00000000e+00],[-2.43667273e-05,9.99068499e-01,4.31526192e-02,-0.00000000e+00],[-5.71364435e-05,-4.31526192e-02,9.99068499e-01,-0.00000000e+00]]]
[[[1143.6417236328125,0,984.280517578125],[0,1143.6417236328125,575.9307861328125],[0,0,1]],[[1.00000000e+00,2.18784407e-05,5.81347049e-05,-0.00000000e+00],[-2.43667273e-05,9.99068499e-01,4.31526192e-02,-0.00000000e+00],[-5.71364435e-05,-4.31526192e-02,9.99068499e-01,-0.00000000e+00]]]
[[[1143.6417236328125,0,984.280517578125],[0,1143.6417236328125,575.9307861328125],[0,0,1]],[[1.00000000e+00,2.18784407e-05,5.81347049e-05,-0.00000000e+00],[-2.43667273e-05,9.99068499e-01,4.31526192e-02,-0.00000000e+00],[-5.71364435e-05,-4.31526192e-02,9.99068499e-01,-0.00000000e+00]]]
[[[1143.6417236328125,0,984.280517578125],[0,1143.6417236328125,575.9307861328125],[0,0,1]],[[1.00000000e+00,2.18784407e-05,5.81347049e-05,-0.00000000e+00],[-2.43667273e-05,9.99068499e-01,4.31526192e-02,-0.00000000e+00],[-5.71364435e-05,-4.31526192e-02,9.99068499e-01,-0.00000000e+00]]]
[[[1143.6417236328125,0,984.280517578125],[0,1143.6417236328125,575.9307861328125],[0,0,1]],[[1.00000000e+00,2.18784407e-05,5.81347049e-05,-0.00000000e+00],[-2.43667273e-05,9.99068499e-01,4.31526192e-02,-0.00000000e+00],[-5.71364435e-05,-4.31526192e-02,9.99068499e-01,-0.00000000e+00]]]
[[[1143.6417236328125,0,984.280517578125],[0,1143.6417236328125,575.9307861328125],[0,0,1]],[[1.00000000e+00,2.18784407e-05,5.81347049e-05,-0.00000000e+00],[-2.43667273e-05,9.99068499e-01,4.31526192e-02,-0.00000000e+00],[-5.71364435e-05,-4.31526192e-02,9.99068499e-01,-0.00000000e+00]]]
[[[1143.6417236328125,0,984.280517578125],[0,1143.6417236328125,575.9307861328125],[0,0,1]],[[1.00000000e+00,2.18784407e-05,5.81347049e-05,-0.00000000e+00],[-2.43667273e-05,9.99068499e-01,4.31526192e-02,-0.00000000e+00],[-5.71364435e-05,-4.31526192e-02,9.99068499e-01,-0.00000000e+00]]]
[[[1143.6417236328125,0,984.280517578125],[0,1143.6417236328125,575.9307861328125],[0,0,1]],[[1.00000000e+00,2.18784407e-05,5.81347049e-05,-0.00000000e+00],[-2.43667273e-05,9.99068499e-01,4.31526192e-02,-0.00000000e+00],[-5.71364435e-05,-4.31526192e-02,9.99068499e-01,-0.00000000e+00]]]
[[[1143.6417236328125,0,984.280517578125],[0,1143.6417236328125,575.9307861328125],[0,0,1]],[[1.00000000e+00,-7.97780103e-06,5.24080679e-05,-0.00000000e+00],[5.70832390e-06,9.99068081e-01,4.31621000e-02,-0.00000000e+00],[-5.27035663e-05,-4.31621000e-02,9.99068081e-01,-0.00000000e+00]]]
[[[1143.6417236328125,0,984.280517578125],[0,1143.6417236328125,575.9307861328125],[0,0,1]],[[1.00000000e+00,-3.37686834e-05,7.72323910e-05,-0.00000000e+00],[3.04016048e-05,9.99066949e-01,4.31887358e-02,-0.00000000e+00],[-7.86187520e-05,-4.31887358e-02,9.99066949e-01,-0.00000000e+00]]]
[[[1143.6417236328125,0,984.280517578125],[0,1143.6417236328125,575.9307861328125],[0,0,1]],[[1.00000000e+00,-3.11535368e-05,8.19505003e-05,-0.00000000e+00],[2.75895691e-05,9.99069214e-01,4.31354530e-02,-0.00000000e+00],[-8.32180449e-05,-4.31354530e-02,9.99069214e-01,-0.00000000e+00]]]
[[[1143.6417236328125,0,984.280517578125],[0,1143.6417236328125,575.9307861328125],[0,0,1]],[[9.99994636e-01,4.55657660e-04,3.24194366e-03,-2.00000000e-02],[-5.96136961e-04,9.99054849e-01,4.34636734e-02,-0.00000000e+00],[-3.21908000e-03,-4.34653700e-02,9.99049720e-01,0.00000000e+00]]]
[[[1143.6417236328125,0,984.280517578125],[0,1143.6417236328125,575.9307861328125],[0,0,1]],[[9.97728110e-01,-2.94283000e-03,6.73048200e-02,-1.00000000e-02],[4.32557426e-05,9.99073267e-01,4.30422276e-02,-0.00000000e+00],[-6.73691200e-02,-4.29415300e-02,9.96803580e-01,1.00000000e-02]]]
[[[1143.6417236328125,0,984.280517578125],[0,1143.6417236328125,575.9307861328125],[0,0,1]],[[9.96267320e-01,-3.90480000e-03,8.62333300e-02,-1.00000000e-02],[-3.92482616e-06,9.98974323e-01,4.52806987e-02,0.00000000e+00],[-8.63217000e-02,-4.51120200e-02,9.95245460e-01,1.00000000e-02]]]
[[[1143.6417236328125,0,984.280517578125],[0,1143.6417236328125,575.9307861328125],[0,0,1]],[[9.85977770e-01,-6.38006000e-03,1.66754870e-01,3.00000000e-02],[-7.98813766e-04,9.99076962e-01,4.29479443e-02,-0.00000000e+00],[-1.66874970e-01,-4.24789200e-02,9.85062600e-01,1.00000000e-02]]]
[[[1143.6417236328125,0,984.280517578125],[0,1143.6417236328125,575.9307861328125],[0,0,1]],[[0.96689308,-0.01172437,0.25491247,0.03],[0.00107723,0.99912262,0.0418674,-0.],[-0.25517967,-0.0402067,0.9660573,0.02]]]
[[[1143.6417236328125,0,984.280517578125],[0,1143.6417236328125,575.9307861328125],[0,0,1]],[[0.95587748,-0.01200905,0.29352009,0.04],[0.00101856,0.99929357,0.03756795,-0.],[-0.29376388,-0.03561139,0.95521444,0.02]]]
[[[1143.6417236328125,0,984.280517578125],[0,1143.6417236328125,575.9307861328125],[0,0,1]],[[9.33286370e-01,-1.56634600e-02,3.58791350e-01,4.00000000e-02],[5.45744784e-04,9.99109149e-01,4.21976969e-02,-1.00000000e-02],[-3.59132650e-01,-3.91867200e-02,9.32463470e-01,3.00000000e-02]]]
[[[1143.6417236328125,0,984.280517578125],[0,1143.6417236328125,575.9307861328125],[0,0,1]],[[0.89604461,-0.02079087,0.44347689,0.05],[0.00186824,0.99907058,0.04306317,-0.01],[-0.44396004,-0.037758,0.89525068,0.03]]]
[[[1143.6417236328125,0,984.280517578125],[0,1143.6417236328125,575.9307861328125],[0,0,1]],[[0.88109797,-0.02175697,0.47243309,0.06],[0.00178086,0.9990868,0.04268962,-0.],[-0.47293043,-0.0367724,0.88033211,0.03]]]
[[[1143.6417236328125,0,984.280517578125],[0,1143.6417236328125,575.9307861328125],[0,0,1]],[[0.86693883,-0.02307948,0.49787989,0.07],[0.00202765,0.99908239,0.04278233,-0.],[-0.49841043,-0.03608013,0.86619008,0.04]]]
[[[1143.6417236328125,0,984.280517578125],[0,1143.6417236328125,575.9307861328125],[0,0,1]],[[0.86778069,-0.0232363,0.49640381,0.07],[0.00208718,0.99906784,0.04311697,-0.],[-0.496943,-0.03637999,0.86702025,0.04]]]
[[[1143.6417236328125,0,984.280517578125],[0,1143.6417236328125,575.9307861328125],[0,0,1]],[[0.87455177,-0.02414852,0.48433051,0.08],[0.00296966,0.99900728,0.0444478,-0.],[-0.48492303,-0.03743361,0.87375534,0.03]]]
[[[1143.6417236328125,0,984.280517578125],[0,1143.6417236328125,575.9307861328125],[0,0,1]],[[0.91360307,-0.0206889,0.40608054,0.08],[0.00275983,0.99899721,0.04468761,-0.],[-0.40659785,-0.03970603,0.91274399,0.01]]]
[[[1143.6417236328125,0,984.280517578125],[0,1143.6417236328125,575.9307861328125],[0,0,1]],[[0.92409593,-0.01819938,0.38172704,0.06],[0.00176875,0.99905837,0.04334969,-0.],[-0.38215655,-0.03938409,0.92325795,0.01]]]
[[[1143.6417236328125,0,984.280517578125],[0,1143.6417236328125,575.9307861328125],[0,0,1]],[[0.94333845,-0.01738053,0.3313767,0.07],[0.00294859,0.99902695,0.0440046,-0.],[-0.33181909,-0.04053413,0.9424718,0.]]]
[[[1143.6417236328125,0,984.280517578125],[0,1143.6417236328125,575.9307861328125],[0,0,1]],[[0.95927453,-0.01263641,0.28219271,0.07],[0.00131602,0.99918801,0.04026937,-0.],[-0.28247243,-0.03825801,0.95851219,-0.01]]]
[[[1143.6417236328125,0,984.280517578125],[0,1143.6417236328125,575.9307861328125],[0,0,1]],[[0.96902776,-0.01227317,0.24664672,0.07],[0.00231979,0.99917257,0.04060495,-0.01],[-0.24694099,-0.03877515,0.96825445,-0.01]]]
[[[1143.6417236328125,0,984.280517578125],[0,1143.6417236328125,575.9307861328125],[0,0,1]],[[0.97905529,-0.00882653,0.20340301,0.06],[0.00114455,0.9992826,0.03785402,-0.01],[-0.20359121,-0.03682837,0.97836304,-0.02]]]
[[[1143.6417236328125,0,984.280517578125],[0,1143.6417236328125,575.9307861328125],[0,0,1]],[[9.82466040e-01,-5.33958000e-03,1.86365260e-01,5.00000000e-02],[-8.79275380e-04,9.99445975e-01,3.32705863e-02,-1.00000000e-02],[-1.86439680e-01,-3.28510900e-02,9.81917020e-01,-2.00000000e-02]]]
[[[1143.6417236328125,0,984.280517578125],[0,1143.6417236328125,575.9307861328125],[0,0,1]],[[0.98935407,-0.00825145,0.14529444,0.06],[0.00219286,0.99912322,0.04180958,-0.01],[-0.14551203,-0.04104586,0.98850465,-0.03]]]
[[[1143.6417236328125,0,984.280517578125],[0,1143.6417236328125,575.9307861328125],[0,0,1]],[[0.99242437,-0.00711216,0.12265101,0.05],[0.0019814,0.9991197,0.04190356,-0.01],[-0.12284106,-0.0413431,0.99156481,-0.03]]]
[[[1143.6417236328125,0,984.280517578125],[0,1143.6417236328125,575.9307861328125],[0,0,1]],[[0.99458534,-0.00602858,0.10374784,0.05],[0.00165876,0.99910975,0.04215444,-0.01],[-0.10390961,-0.04175409,0.99370992,-0.03]]]
[[[1143.6417236328125,0,984.280517578125],[0,1143.6417236328125,575.9307861328125],[0,0,1]],[[0.99923766,-0.00383486,0.0388509,0.05],[0.0022252,0.99914056,0.04139059,-0.01],[-0.03897623,-0.04127259,0.9983874,-0.04]]]
[[[1143.6417236328125,0,984.280517578125],[0,1143.6417236328125,575.9307861328125],[0,0,1]],[[0.99999225,-0.00125372,0.00373314,0.03],[0.00109922,0.99915427,0.04110338,-0.01],[-0.00378151,-0.04109896,0.99914795,-0.04]]]
[[[1143.6417236328125,0,984.280517578125],[0,1143.6417236328125,575.9307861328125],[0,0,1]],[[9.99786139e-01,-8.14727391e-05,-2.06811801e-02,4.00000000e-02],[9.00573621e-04,9.99215186e-01,3.95998806e-02,-1.00000000e-02],[2.06617200e-02,-3.96100400e-02,9.99001560e-01,-4.00000000e-02]]]
[[[1143.6417236328125,0,984.280517578125],[0,1143.6417236328125,575.9307861328125],[0,0,1]],[[9.97852270e-01,2.96917000e-03,-6.54375200e-02,3.00000000e-02],[-4.33301087e-04,9.99249518e-01,3.87327187e-02,-1.00000000e-02],[6.55034100e-02,-3.86211800e-02,9.97104640e-01,-4.00000000e-02]]]
[[[1143.6417236328125,0,984.280517578125],[0,1143.6417236328125,575.9307861328125],[0,0,1]],[[0.9948442,0.0049107,-0.10129619,0.02],[-0.00126225,0.99934918,0.03605038,-0.02],[0.1014073,-0.03573665,0.99420291,-0.05]]]
[[[1143.6417236328125,0,984.280517578125],[0,1143.6417236328125,575.9307861328125],[0,0,1]],[[0.99518853,0.00493054,-0.09785408,0.02],[-0.00138337,0.99934053,0.03628444,-0.02],[0.09796844,-0.03597449,0.99453908,-0.05]]]
[[[1143.6417236328125,0,984.280517578125],[0,1143.6417236328125,575.9307861328125],[0,0,1]],[[0.99996001,0.00116295,0.00887002,0.11],[-0.00135919,0.99975371,0.02215051,-0.04],[-0.00884207,-0.02216168,0.99971527,-0.06]]]
[[[1143.6417236328125,0,984.280517578125],[0,1143.6417236328125,575.9307861328125],[0,0,1]],[[0.99804676,-0.0051023,0.06226281,0.14],[0.00322755,0.99953943,0.03017389,-0.04],[-0.06238809,-0.02991399,0.9976036,-0.06]]]
[[[1143.6417236328125,0,984.280517578125],[0,1143.6417236328125,575.9307861328125],[0,0,1]],[[0.99667501,-0.00591418,0.0812637,0.14],[0.00337611,0.99950337,0.0313346,-0.04],[-0.08140865,-0.03095606,0.99619997,-0.06]]]
[[[1143.6417236328125,0,984.280517578125],[0,1143.6417236328125,575.9307861328125],[0,0,1]],[[0.99017352,-0.00861653,0.1395779,0.13],[0.00413576,0.99946785,0.03236059,-0.04],[-0.13978244,-0.03146534,0.9896822,-0.05]]]
[[[1143.6417236328125,0,984.280517578125],[0,1143.6417236328125,575.9307861328125],[0,0,1]],[[0.98337442,-0.01236842,0.1811679,0.13],[0.00637375,0.99941415,0.03363394,-0.04],[-0.1814777,-0.03192003,0.9828769,-0.05]]]
[[[1143.6417236328125,0,984.280517578125],[0,1143.6417236328125,575.9307861328125],[0,0,1]],[[0.97278982,-0.01550341,0.23117059,0.13],[0.00739799,0.99932891,0.03588829,-0.04],[-0.23157167,-0.03320155,0.97225112,-0.05]]]
[[[1143.6417236328125,0,984.280517578125],[0,1143.6417236328125,575.9307861328125],[0,0,1]],[[0.96228468,-0.01607471,0.27157,0.13],[0.00720135,0.99940854,0.0336394,-0.04],[-0.27194992,-0.03041499,0.96183062,-0.05]]]
[[[1143.6417236328125,0,984.280517578125],[0,1143.6417236328125,575.9307861328125],[0,0,1]],[[0.94390213,-0.02020808,0.32960674,0.14],[0.00906043,0.99933535,0.03532235,-0.04],[-0.33010128,-0.03035443,0.94345731,-0.04]]]
[[[1143.6417236328125,0,984.280517578125],[0,1143.6417236328125,575.9307861328125],[0,0,1]],[[0.92558724,-0.02138975,0.37792987,0.14],[0.00868601,0.99933994,0.0352869,-0.04],[-0.37843496,-0.02937837,0.92516154,-0.03]]]
[[[1143.6417236328125,0,984.280517578125],[0,1143.6417236328125,575.9307861328125],[0,0,1]],[[0.89310259,-0.02453452,0.44918346,0.15],[0.00978779,0.99933553,0.03512309,-0.04],[-0.44974646,-0.02697198,0.89274889,-0.03]]]
[[[1143.6417236328125,0,984.280517578125],[0,1143.6417236328125,575.9307861328125],[0,0,1]],[[0.89161277,-0.0254456,0.45208317,0.15],[0.01044027,0.99931008,0.03565577,-0.04],[-0.45267838,-0.02707124,0.89126301,-0.03]]]
[[[1143.6417236328125,0,984.280517578125],[0,1143.6417236328125,575.9307861328125],[0,0,1]],[[0.90941101,-0.02715884,0.41501069,0.12],[0.01279589,0.99922067,0.03735077,-0.03],[-0.4157016,-0.02865675,0.90904963,-0.04]]]
[[[1143.6417236328125,0,984.280517578125],[0,1143.6417236328125,575.9307861328125],[0,0,1]],[[0.96544087,-0.02331502,0.25957718,0.05],[0.01387907,0.99917692,0.03812515,-0.03],[-0.26025239,-0.03320486,0.96496975,-0.06]]]
[[[1143.6417236328125,0,984.280517578125],[0,1143.6417236328125,575.9307861328125],[0,0,1]],[[0.97295326,-0.01956014,0.23017316,0.06],[0.01140048,0.99926078,0.03672697,-0.03],[-0.23072135,-0.03310951,0.97245681,-0.06]]]
[[[1143.6417236328125,0,984.280517578125],[0,1143.6417236328125,575.9307861328125],[0,0,1]],[[0.9833467,-0.01754498,0.18089075,0.03],[0.01135189,0.99931562,0.03521542,-0.02],[-0.18138486,-0.03257548,0.9828729,-0.07]]]
[[[1143.6417236328125,0,984.280517578125],[0,1143.6417236328125,575.9307861328125],[0,0,1]],[[0.99060935,-0.01435011,0.13596745,0.02],[0.01012932,0.99944687,0.03168392,-0.03],[-0.13634694,-0.0300091,0.9902069,-0.07]]]
[[[1143.6417236328125,0,984.280517578125],[0,1143.6417236328125,575.9307861328125],[0,0,1]],[[0.99448359,-0.01471512,0.10385428,0.02],[0.01093913,0.99926174,0.03683518,-0.03],[-0.1043197,-0.03549589,0.99391067,-0.07]]]
[[[1143.6417236328125,0,984.280517578125],[0,1143.6417236328125,575.9307861328125],[0,0,1]],[[0.99715805,-0.01318652,0.07417463,0.01],[0.01057855,0.99931592,0.0354438,-0.03],[-0.07459133,-0.03455839,0.99661571,-0.08]]]
[[[1143.6417236328125,0,984.280517578125],[0,1143.6417236328125,575.9307861328125],[0,0,1]],[[0.99837673,-0.0119434,0.05568683,0.01],[0.01001689,0.99934608,0.03474734,-0.03],[-0.05606546,-0.03413311,0.99784398,-0.08]]]
[[[1143.6417236328125,0,984.280517578125],[0,1143.6417236328125,575.9307861328125],[0,0,1]],[[0.99966359,-0.01083124,0.02356151,0.01],[0.01002635,0.99937111,0.03401563,-0.03],[-0.02391517,-0.03376793,0.99914402,-0.08]]]
[[[1143.6417236328125,0,984.280517578125],[0,1143.6417236328125,575.9307861328125],[0,0,1]],[[0.99990189,-0.00912706,-0.01061685,0.01],[0.00947061,0.99941844,0.03276986,-0.03],[0.01031156,-0.03286715,0.99940699,-0.08]]]
[[[1143.6417236328125,0,984.280517578125],[0,1143.6417236328125,575.9307861328125],[0,0,1]],[[0.99927711,-0.00771576,-0.03722525,0.01],[0.00889468,0.99946123,0.03160834,-0.03],[0.03696128,-0.03191656,0.99880737,-0.09]]]
[[[1143.6417236328125,0,984.280517578125],[0,1143.6417236328125,575.9307861328125],[0,0,1]],[[0.99810731,-0.00676464,-0.06112198,0.],[0.00868305,0.99947667,0.03117541,-0.03],[0.06087908,-0.03164709,0.99764377,-0.09]]]
[[[1143.6417236328125,0,984.280517578125],[0,1143.6417236328125,575.9307861328125],[0,0,1]],[[0.99720007,-0.00552282,-0.07457517,-0.],[0.0078551,0.99948871,0.03101713,-0.03],[0.07436571,-0.03151603,0.99673337,-0.09]]]
[[[1143.6417236328125,0,984.280517578125],[0,1143.6417236328125,575.9307861328125],[0,0,1]],[[0.99609607,-0.00489494,-0.08813959,-0.],[0.00754771,0.99952829,0.02978926,-0.03],[0.08795219,-0.03033817,0.99566305,-0.09]]]
[[[1143.6417236328125,0,984.280517578125],[0,1143.6417236328125,575.9307861328125],[0,0,1]],[[0.99357039,-0.00411781,-0.1131397,-0.],[0.00734045,0.99957925,0.02808189,-0.03],[0.11297643,-0.02873179,0.99318254,-0.1]]]
[[[1143.6417236328125,0,984.280517578125],[0,1143.6417236328125,575.9307861328125],[0,0,1]],[[0.99189836,-0.00338852,-0.1269875,0.],[0.00693055,0.99959946,0.02746123,-0.03],[0.12684357,-0.02811881,0.99152446,-0.1]]]
[[[1143.6417236328125,0,984.280517578125],[0,1143.6417236328125,575.9307861328125],[0,0,1]],[[0.98850447,-0.00371902,-0.15114561,-0.01],[0.00757823,0.99966043,0.02496504,-0.04],[0.15100135,-0.02582343,0.98819655,-0.1]]]
[[[1143.6417236328125,0,984.280517578125],[0,1143.6417236328125,575.9307861328125],[0,0,1]],[[0.98371768,-0.00155888,-0.17971303,-0.01],[0.00574178,0.99972534,0.02275757,-0.04],[0.17962807,-0.02341885,0.98345602,-0.11]]]
[[[1143.6417236328125,0,984.280517578125],[0,1143.6417236328125,575.9307861328125],[0,0,1]],[[0.98346496,-0.00191643,-0.18108812,-0.01],[0.00572718,0.99977392,0.02052308,-0.04],[0.1810077,-0.0212208,0.98325306,-0.11]]]
[[[1143.6417236328125,0,984.280517578125],[0,1143.6417236328125,575.9307861328125],[0,0,1]],[[0.9834553,-0.00153787,-0.18114509,-0.01],[0.00558254,0.9997474,0.02182056,-0.04],[0.18106559,-0.02247073,0.98321474,-0.11]]]
[[[1143.6417236328125,0,984.280517578125],[0,1143.6417236328125,575.9307861328125],[0,0,1]],[[0.98310584,-0.00148992,-0.18303251,-0.01],[0.00559105,0.99974591,0.02189256,-0.04],[0.18295324,-0.02254598,0.98286366,-0.11]]]
[[[1143.6417236328125,0,984.280517578125],[0,1143.6417236328125,575.9307861328125],[0,0,1]],[[0.98324341,-0.00140004,-0.18229201,-0.02],[0.00550944,0.99974316,0.02203846,-0.04],[0.18221416,-0.02267344,0.98299801,-0.11]]]
[[[1143.6417236328125,0,984.280517578125],[0,1143.6417236328125,575.9307861328125],[0,0,1]],[[0.99132031,-0.00314587,-0.13143042,-0.],[0.00602557,0.99975151,0.02151844,-0.05],[0.13132986,-0.02212355,0.99109232,-0.12]]]
[[[1143.6417236328125,0,984.280517578125],[0,1143.6417236328125,575.9307861328125],[0,0,1]],[[0.99668914,-0.00634982,-0.08105681,0.01],[0.00807587,0.99974829,0.0209841,-0.05],[0.08090304,-0.02156918,0.99648905,-0.12]]]
[[[1143.6417236328125,0,984.280517578125],[0,1143.6417236328125,575.9307861328125],[0,0,1]],[[0.99941915,-0.00830432,-0.03304979,0.02],[0.00902492,0.99972445,0.02171392,-0.05],[0.03286028,-0.02199953,0.99921829,-0.12]]]
[[[1143.6417236328125,0,984.280517578125],[0,1143.6417236328125,575.9307861328125],[0,0,1]],[[0.99983019,-0.01004215,0.01545926,0.02],[0.00971262,0.99972802,0.02124676,-0.05],[-0.01566848,-0.02109295,0.99965519,-0.11]]]
[[[1143.6417236328125,0,984.280517578125],[0,1143.6417236328125,575.9307861328125],[0,0,1]],[[0.99694949,-0.01226019,0.07708322,0.],[0.01066566,0.99972242,0.0210638,-0.05],[-0.07732009,-0.02017734,0.99680275,-0.11]]]
[[[1143.6417236328125,0,984.280517578125],[0,1143.6417236328125,575.9307861328125],[0,0,1]],[[0.98687649,-0.01429244,0.1608455,0.02],[0.01155325,0.99977326,0.01795246,-0.05],[-0.16106555,-0.01585852,0.98681706,-0.12]]]
[[[1143.6417236328125,0,984.280517578125],[0,1143.6417236328125,575.9307861328125],[0,0,1]],[[0.9834674,-0.01702077,0.18028617,0.03],[0.01306475,0.99964881,0.02310794,-0.06],[-0.18061611,-0.02037045,0.9833436,-0.11]]]
[[[1143.6417236328125,0,984.280517578125],[0,1143.6417236328125,575.9307861328125],[0,0,1]],[[0.96998423,-0.0198065,0.24236196,0.06],[0.01333982,0.99951184,0.02829413,-0.05],[-0.24280395,-0.02421173,0.96977425,-0.11]]]
[[[1143.6417236328125,0,984.280517578125],[0,1143.6417236328125,575.9307861328125],[0,0,1]],[[0.95652151,-0.01993967,0.2909812,0.07],[0.01370898,0.99963254,0.02343591,-0.05],[-0.29134136,-0.01842784,0.95644265,-0.1]]]
[[[1143.6417236328125,0,984.280517578125],[0,1143.6417236328125,575.9307861328125],[0,0,1]],[[9.47837110e-01,-1.29960000e-02,3.18490120e-01,4.00000000e-02],[4.99553978e-04,9.99227822e-01,3.92868482e-02,0.00000000e+00],[-3.18754760e-01,-3.70784300e-02,9.47111730e-01,3.00000000e-02]]]
[[[1143.6417236328125,0,984.280517578125],[0,1143.6417236328125,575.9307861328125],[0,0,1]],[[0.94767666,-0.01438222,0.31890815,0.04],[0.00110106,0.9991259,0.04178694,0.],[-0.31923035,-0.03924936,0.94686401,0.03]]]
[[[1143.6417236328125,0,984.280517578125],[0,1143.6417236328125,575.9307861328125],[0,0,1]],[[0.94750142,-0.01625198,0.31933862,0.04],[0.00170684,0.9989503,0.04577486,0.],[-0.31974733,-0.04282667,0.94653451,0.03]]]
[[[1143.6417236328125,0,984.280517578125],[0,1143.6417236328125,575.9307861328125],[0,0,1]],[[0.9459002,-0.01548606,0.32408801,0.04],[0.00129465,0.9990325,0.04395864,0.],[-0.32445523,-0.0411609,0.94500506,0.03]]]
[[[1143.6417236328125,0,984.280517578125],[0,1143.6417236328125,575.9307861328125],[0,0,1]],[[0.94481891,-0.01520189,0.32724011,0.04],[0.00117351,0.99907339,0.04302359,0.],[-0.32759094,-0.04026549,0.94396126,0.03]]]
[[[1143.6417236328125,0,984.280517578125],[0,1143.6417236328125,575.9307861328125],[0,0,1]],[[9.44631700e-01,-1.40777300e-02,3.27830370e-01,4.00000000e-02],[5.87377232e-04,9.99150217e-01,4.12131175e-02,0.00000000e+00],[-3.28131970e-01,-3.87386600e-02,9.43837230e-01,3.00000000e-02]]]
[[[1143.6417236328125,0,984.280517578125],[0,1143.6417236328125,575.9307861328125],[0,0,1]],[[0.96645504,-0.01697843,0.25627401,0.1],[0.0059409,0.99902344,0.04378219,0.01],[-0.25676712,-0.04079102,0.96561211,-0.04]]]
[[[1143.6417236328125,0,984.280517578125],[0,1143.6417236328125,575.9307861328125],[0,0,1]],[[0.9983654,-0.00678771,0.05674871,0.07],[0.00419942,0.99895072,0.04560515,0.02],[-0.05699872,-0.04529229,0.99734634,-0.06]]]
[[[1143.6417236328125,0,984.280517578125],[0,1143.6417236328125,575.9307861328125],[0,0,1]],[[0.99996132,-0.00280205,-0.00834968,0.05],[0.00316219,0.99905133,0.04343551,0.02],[0.00822005,-0.04346024,0.99902147,-0.07]]]
[[[1143.6417236328125,0,984.280517578125],[0,1143.6417236328125,575.9307861328125],[0,0,1]],[[9.98872399e-01,-8.59826454e-04,-4.74700518e-02,5.00000000e-02],[2.88971000e-03,9.99083580e-01,4.27092800e-02,2.00000000e-02],[4.73898200e-02,-4.27982900e-02,9.97959320e-01,-7.00000000e-02]]]
[[[1143.6417236328125,0,984.280517578125],[0,1143.6417236328125,575.9307861328125],[0,0,1]],[[0.99642211,0.0010035,-0.08451184,0.04],[0.00213453,0.99931216,0.03703269,0.01],[0.08449086,-0.03708059,0.99573421,-0.07]]]
[[[1143.6417236328125,0,984.280517578125],[0,1143.6417236328125,575.9307861328125],[0,0,1]],[[0.99237061,0.00570903,-0.12315837,-0.01],[-0.00124004,0.99933898,0.03633275,0.],[0.12328439,-0.03590283,0.99172169,-0.]]]
[[[1143.6417236328125,0,984.280517578125],[0,1143.6417236328125,575.9307861328125],[0,0,1]],[[0.99238181,0.00593047,-0.12305734,0.],[-0.00156207,0.99936616,0.03556503,0.],[0.12319026,-0.03510187,0.9917621,-0.]]]
[[[1143.6417236328125,0,984.280517578125],[0,1143.6417236328125,575.9307861328125],[0,0,1]],[[0.99051964,0.00655775,-0.13721624,0.],[-0.00168715,0.99936545,0.03558203,0.],[0.13736245,-0.0350132,0.98990184,-0.]]]
[[[1143.6417236328125,0,984.280517578125],[0,1143.6417236328125,575.9307861328125],[0,0,1]],[[0.99015814,0.00729636,-0.13976438,0.],[-0.00234138,0.99936408,0.03558403,0.],[0.13993512,-0.03490657,0.98954523,-0.01]]]
[[[1143.6417236328125,0,984.280517578125],[0,1143.6417236328125,575.9307861328125],[0,0,1]],[[0.98967862,0.00703153,-0.14313371,0.],[-0.00190017,0.99935174,0.03595525,-0.],[0.14329372,-0.03531214,0.98905003,-0.01]]]
[[[1143.6417236328125,0,984.280517578125],[0,1143.6417236328125,575.9307861328125],[0,0,1]],[[0.98838192,0.00770337,-0.15179692,0.],[-0.00219965,0.99933529,0.03639171,-0.],[0.15197633,-0.03563498,0.98774153,-0.01]]]
[[[1143.6417236328125,0,984.280517578125],[0,1143.6417236328125,575.9307861328125],[0,0,1]],[[0.98796016,0.00807003,-0.15449952,0.],[-0.00249823,0.99934071,0.03622379,-0.],[0.15468995,-0.03540167,0.98732859,-0.01]]]
[[[1143.6417236328125,0,984.280517578125],[0,1143.6417236328125,575.9307861328125],[0,0,1]],[[0.98778099,0.00770945,-0.15565898,-0.],[-0.00234355,0.9993977,0.03462628,-0.],[0.15583216,-0.03383837,0.98720378,-0.01]]]
[[[1143.6417236328125,0,984.280517578125],[0,1143.6417236328125,575.9307861328125],[0,0,1]],[[0.99283427,0.00808479,-0.11922769,0.04],[-0.00415072,0.99943995,0.03320774,-0.01],[0.11942938,-0.03247489,0.99231142,-0.01]]]
[[[1143.6417236328125,0,984.280517578125],[0,1143.6417236328125,575.9307861328125],[0,0,1]],[[9.99827445e-01,6.76867552e-04,-1.85764544e-02,8.00000000e-02],[-5.23719518e-06,9.99347210e-01,3.61310393e-02,-2.00000000e-02],[1.85888100e-02,-3.61246900e-02,9.99174420e-01,-0.00000000e+00]]]
[[[1143.6417236328125,0,984.280517578125],[0,1143.6417236328125,575.9307861328125],[0,0,1]],[[1.00000000e+00,-1.65492693e-05,-6.85358711e-04,8.00000000e-02],[4.13480557e-05,9.99344826e-01,3.61954011e-02,-2.00000000e-02],[6.84340310e-04,-3.61954123e-02,9.99344468e-01,-0.00000000e+00]]]
[[[1143.6417236328125,0,984.280517578125],[0,1143.6417236328125,575.9307861328125],[0,0,1]],[[9.99721470e-01,-1.50415000e-03,2.35631200e-02,9.00000000e-02],[6.44943386e-04,9.99336123e-01,3.64295505e-02,-2.00000000e-02],[-2.36022400e-02,-3.64041800e-02,9.99058370e-01,-0.00000000e+00]]]
[[[1143.6417236328125,0,984.280517578125],[0,1143.6417236328125,575.9307861328125],[0,0,1]],[[9.98812620e-01,-2.77703000e-03,4.86423500e-02,9.00000000e-02],[9.76023090e-04,9.99314547e-01,3.70101929e-02,-2.00000000e-02],[-4.87117400e-02,-3.69187600e-02,9.98130320e-01,-0.00000000e+00]]]
[[[1143.6417236328125,0,984.280517578125],[0,1143.6417236328125,575.9307861328125],[0,0,1]],[[0.99790412,-0.00340986,0.06462338,0.09],[0.00101921,0.9993152,0.03699052,-0.02],[-0.0647052,-0.0368471,0.99722391,-0.]]]
[[[1143.6417236328125,0,984.280517578125],[0,1143.6417236328125,575.9307861328125],[0,0,1]],[[9.96509020e-01,-3.89502000e-03,8.33970200e-02,8.00000000e-02],[8.22327856e-04,9.99320686e-01,3.68468426e-02,-2.00000000e-02],[-8.34838200e-02,-3.66496100e-02,9.95834950e-01,-0.00000000e+00]]]
[[[1143.6417236328125,0,984.280517578125],[0,1143.6417236328125,575.9307861328125],[0,0,1]],[[9.78965340e-01,-6.82409000e-03,2.03913640e-01,1.20000000e-01],[1.23459293e-04,9.99460220e-01,3.28548104e-02,-3.00000000e-02],[-2.04027680e-01,-3.21385300e-02,9.78437420e-01,-0.00000000e+00]]]
[[[1143.6417236328125,0,984.280517578125],[0,1143.6417236328125,575.9307861328125],[0,0,1]],[[9.66653350e-01,-6.52260000e-03,2.56006810e-01,1.20000000e-01],[-7.69611681e-04,9.99597311e-01,2.83739418e-02,-3.00000000e-02],[-2.56088640e-01,-2.76247800e-02,9.66258650e-01,-0.00000000e+00]]]
[[[1143.6417236328125,0,984.280517578125],[0,1143.6417236328125,575.9307861328125],[0,0,1]],[[0.9562158,-0.00887588,0.29252779,0.02],[-0.00147602,0.99938101,0.03514806,-0.],[-0.29265869,-0.03404091,0.95561087,0.03]]]
[[[1143.6417236328125,0,984.280517578125],[0,1143.6417236328125,575.9307861328125],[0,0,1]],[[0.93344188,-0.00968272,0.35859793,0.03],[-0.00282644,0.9994061,0.03434288,0.],[-0.3587175,-0.03307064,0.93286014,0.04]]]
[[[1143.6417236328125,0,984.280517578125],[0,1143.6417236328125,575.9307861328125],[0,0,1]],[[0.8701182,-0.01881902,0.49248418,0.02],[0.00335204,0.99947357,0.03226996,0.03],[-0.49283218,-0.02642785,0.8697232,0.11]]]
[[[1143.6417236328125,0,984.280517578125],[0,1143.6417236328125,575.9307861328125],[0,0,1]],[[0.87139428,-0.02439154,0.48997658,0.02],[0.00343736,0.99904227,0.0436202,0.03],[-0.49057126,-0.03632617,0.87064362,0.11]]]
[[[1143.6417236328125,0,984.280517578125],[0,1143.6417236328125,575.9307861328125],[0,0,1]],[[0.87117809,-0.02573907,0.49029192,0.03],[0.0037797,0.99894679,0.04572616,0.03],[-0.49095252,-0.03798248,0.87035793,0.1]]]
[[[1143.6417236328125,0,984.280517578125],[0,1143.6417236328125,575.9307861328125],[0,0,1]],[[0.90586478,-0.02007893,0.42309088,0.14],[0.00404397,0.99924022,0.03876328,0.],[-0.42354774,-0.03340333,0.9052577,-0.02]]]
[[[1143.6417236328125,0,984.280517578125],[0,1143.6417236328125,575.9307861328125],[0,0,1]],[[0.99278945,-0.009652,0.119481,0.07],[0.00400886,0.99886882,0.04738105,0.01],[-0.11980317,-0.04656042,0.99170518,-0.06]]]
[[[1143.6417236328125,0,984.280517578125],[0,1143.6417236328125,575.9307861328125],[0,0,1]],[[0.99774855,-0.00564839,0.06682668,0.04],[0.00265449,0.99899244,0.04480513,0.01],[-0.06701242,-0.04452686,0.9967581,-0.08]]]
[[[1143.6417236328125,0,984.280517578125],[0,1143.6417236328125,575.9307861328125],[0,0,1]],[[0.99986756,-0.00257564,-0.0160691,0.03],[0.00320513,0.99922341,0.03927241,-0.],[0.01595546,-0.03931871,0.99909931,-0.]]]
[[[1143.6417236328125,0,984.280517578125],[0,1143.6417236328125,575.9307861328125],[0,0,1]],[[9.95683014e-01,7.79280846e-04,-9.28155333e-02,3.00000000e-02],[2.41511000e-03,9.99408660e-01,3.42992500e-02,-0.00000000e+00],[9.27873800e-02,-3.43753400e-02,9.95092390e-01,-0.00000000e+00]]]
[[[1143.6417236328125,0,984.280517578125],[0,1143.6417236328125,575.9307861328125],[0,0,1]],[[9.86307080e-01,5.91945000e-03,-1.64813760e-01,0.00000000e+00],[1.23206946e-05,9.99353111e-01,3.59665118e-02,-0.00000000e+00],[1.64920020e-01,-3.54760400e-02,9.85668840e-01,-0.00000000e+00]]]
[[[1143.6417236328125,0,984.280517578125],[0,1143.6417236328125,575.9307861328125],[0,0,1]],[[0.98312879,0.00804346,-0.18273854,-0.],[-0.00112307,0.99927944,0.03794242,-0.],[0.18291195,-0.03709705,0.98242927,-0.01]]]
[[[1143.6417236328125,0,984.280517578125],[0,1143.6417236328125,575.9307861328125],[0,0,1]],[[0.98158973,0.00886306,-0.19079635,-0.],[-0.00148542,0.99924695,0.03877594,-0.],[0.19099621,-0.03777865,0.98086375,-0.01]]]
[[[1143.6417236328125,0,984.280517578125],[0,1143.6417236328125,575.9307861328125],[0,0,1]],[[0.98155713,0.00883392,-0.19096601,-0.],[-0.00144911,0.99924713,0.03877594,-0.],[0.19116464,-0.03778404,0.98083085,-0.01]]]
[[[1143.6417236328125,0,984.280517578125],[0,1143.6417236328125,575.9307861328125],[0,0,1]],[[0.98226243,0.00901171,-0.18729594,-0.],[-0.00177506,0.99924684,0.03876934,-0.],[0.18750408,-0.0377492,0.98153853,-0.01]]]
[[[1143.6417236328125,0,984.280517578125],[0,1143.6417236328125,575.9307861328125],[0,0,1]],[[0.99098617,0.00464009,-0.13388655,0.05],[-0.00121188,0.99966997,0.0256755,-0.04],[0.13396132,-0.02528181,0.99066436,-0.02]]]
[[[1143.6417236328125,0,984.280517578125],[0,1143.6417236328125,575.9307861328125],[0,0,1]],[[0.99967837,-0.00426589,0.02501227,0.07],[0.00341727,0.99942076,0.03387313,-0.03],[-0.02514239,-0.03377675,0.99911344,-0.]]]
[[[1143.6417236328125,0,984.280517578125],[0,1143.6417236328125,575.9307861328125],[0,0,1]],[[0.99194264,-0.00901661,0.1263712,0.06],[0.00427169,0.99927813,0.03776838,-0.03],[-0.12662056,-0.03692422,0.9912644,0.01]]]
[[[1143.6417236328125,0,984.280517578125],[0,1143.6417236328125,575.9307861328125],[0,0,1]],[[0.96883839,-0.01775325,0.24705872,0.07],[0.00808114,0.99916339,0.04010816,-0.03],[-0.24756403,-0.03686179,0.9681707,0.02]]]
[[[1143.6417236328125,0,984.280517578125],[0,1143.6417236328125,575.9307861328125],[0,0,1]],[[0.90916991,-0.02475676,0.41569015,0.1],[0.00917712,0.99918079,0.03943543,-0.03],[-0.41632581,-0.03203866,0.90865183,0.03]]]
[[[1143.6417236328125,0,984.280517578125],[0,1143.6417236328125,575.9307861328125],[0,0,1]],[[0.88528985,-0.02856785,0.46416262,0.12],[0.01108829,0.99912512,0.04034472,-0.02],[-0.46490902,-0.03057,0.88483161,0.03]]]
[[[1143.6417236328125,0,984.280517578125],[0,1143.6417236328125,575.9307861328125],[0,0,1]],[[0.88014674,-0.02814944,0.4738676,0.11],[0.01082989,0.99917197,0.03923931,-0.02],[-0.47457981,-0.02940442,0.8797223,0.04]]]
[[[1143.6417236328125,0,984.280517578125],[0,1143.6417236328125,575.9307861328125],[0,0,1]],[[0.85948831,-0.02789287,0.51039493,0.11],[0.00957429,0.99921441,0.03848385,-0.03],[-0.51106739,-0.02818974,0.85907948,0.05]]]
[[[1143.6417236328125,0,984.280517578125],[0,1143.6417236328125,575.9307861328125],[0,0,1]],[[0.84056056,-0.0315287,0.54080063,0.14],[0.01071527,0.99907845,0.04159169,-0.02],[-0.54161352,-0.0291655,0.84012282,0.04]]]
[[[1143.6417236328125,0,984.280517578125],[0,1143.6417236328125,575.9307861328125],[0,0,1]],[[0.84741312,-0.03094507,0.53003287,0.19],[0.01101768,0.99911141,0.04071638,-0.02],[-0.5308218,-0.02866385,0.847,-0.]]]
[[[1143.6417236328125,0,984.280517578125],[0,1143.6417236328125,575.9307861328125],[0,0,1]],[[0.94605321,-0.02512177,0.32303801,0.24],[0.01211876,0.99903709,0.04220114,-0.01],[-0.32378727,-0.03600969,0.94544572,-0.05]]]
[[[1143.6417236328125,0,984.280517578125],[0,1143.6417236328125,575.9307861328125],[0,0,1]],[[0.99131656,-0.01336775,0.13082162,0.23],[0.00826783,0.9991889,0.03944955,-0.01],[-0.13124318,-0.03802537,0.99062198,-0.06]]]
[[[1143.6417236328125,0,984.280517578125],[0,1143.6417236328125,575.9307861328125],[0,0,1]],[[0.9998455,-0.0057238,0.01666218,0.17],[0.00508407,0.99925929,0.03818558,-0.01],[-0.01686885,-0.03809498,0.99913317,-0.06]]]
[[[1143.6417236328125,0,984.280517578125],[0,1143.6417236328125,575.9307861328125],[0,0,1]],[[0.9996357,-0.00363565,-0.02677625,0.16],[0.004626,0.99930555,0.03701805,-0.01],[0.02662258,-0.03712844,0.99895722,-0.05]]]
[[[1143.6417236328125,0,984.280517578125],[0,1143.6417236328125,575.9307861328125],[0,0,1]],[[0.99714762,-0.00166793,-0.07547215,0.14],[0.00425291,0.99941117,0.03410326,-0.01],[0.07537027,-0.03432697,0.99656612,-0.06]]]
[[[1143.6417236328125,0,984.280517578125],[0,1143.6417236328125,575.9307861328125],[0,0,1]],[[0.99451786,0.00113589,-0.10457185,0.13],[0.00239333,0.99943382,0.03361776,-0.01],[0.10455023,-0.03368376,0.99395072,-0.06]]]
[[[1143.6417236328125,0,984.280517578125],[0,1143.6417236328125,575.9307861328125],[0,0,1]],[[0.99312699,0.00142808,-0.11704538,0.12],[0.00264204,0.99939948,0.03461156,-0.01],[0.11702389,-0.03468292,0.99252522,-0.06]]]
[[[1143.6417236328125,0,984.280517578125],[0,1143.6417236328125,575.9307861328125],[0,0,1]],[[0.98915642,0.00312294,-0.14684251,0.12],[0.00192576,0.99941438,0.03422715,-0.01],[0.14686273,-0.03413881,0.98856968,-0.07]]]
[[[1143.6417236328125,0,984.280517578125],[0,1143.6417236328125,575.9307861328125],[0,0,1]],[[0.98797047,0.00379672,-0.15460543,0.12],[0.0015422,0.99940902,0.03439816,-0.02],[0.15464395,-0.03422281,0.98737931,-0.07]]]
[[[1143.6417236328125,0,984.280517578125],[0,1143.6417236328125,575.9307861328125],[0,0,1]],[[0.98774636,0.00399463,-0.15602584,0.12],[0.00164436,0.99935263,0.03599576,-0.02],[0.15606789,-0.03581125,0.98709887,-0.07]]]
[[[1143.6417236328125,0,984.280517578125],[0,1143.6417236328125,575.9307861328125],[0,0,1]],[[0.98767138,0.00300077,-0.15652288,0.12],[0.00213832,0.99946642,0.03265428,-0.02],[0.15653659,-0.03258641,0.98713654,-0.07]]]
[[[1143.6417236328125,0,984.280517578125],[0,1143.6417236328125,575.9307861328125],[0,0,1]],[[9.90735290e-01,4.65741000e-03,-1.35738730e-01,1.10000000e-01],[-1.26549448e-05,9.99417067e-01,3.41993533e-02,-2.00000000e-02],[1.35818150e-01,-3.38807900e-02,9.90156350e-01,-7.00000000e-02]]]
[[[1143.6417236328125,0,984.280517578125],[0,1143.6417236328125,575.9307861328125],[0,0,1]],[[9.99126375e-01,3.62594234e-04,-4.18239050e-02,1.20000000e-01],[5.08535421e-04,9.99785185e-01,2.08165385e-02,-5.00000000e-02],[4.18218800e-02,-2.08196400e-02,9.98910190e-01,-8.00000000e-02]]]
[[[1143.6417236328125,0,984.280517578125],[0,1143.6417236328125,575.9307861328125],[0,0,1]],[[0.96704596,-0.02346892,0.25352362,0.24],[0.02307681,0.9997254,0.00452076,-0.1],[-0.25356027,0.00147869,0.96732056,-0.02]]]
[[[1143.6417236328125,0,984.280517578125],[0,1143.6417236328125,575.9307861328125],[0,0,1]],[[0.96245056,-0.03077378,0.26971236,0.26],[0.02730744,0.99949121,0.01659564,-0.11],[-0.27008596,-0.00860735,0.96279985,-0.02]]]
[[[1143.6417236328125,0,984.280517578125],[0,1143.6417236328125,575.9307861328125],[0,0,1]],[[9.68552830e-01,-1.04959300e-02,2.48586450e-01,6.00000000e-02],[-2.54162587e-04,9.99067545e-01,4.31733690e-02,-1.00000000e-02],[-2.48807790e-01,-4.18788700e-02,9.67647080e-01,4.00000000e-02]]]
[[[1143.6417236328125,0,984.280517578125],[0,1143.6417236328125,575.9307861328125],[0,0,1]],[[0.94321096,-0.01197294,0.33197856,0.09],[-0.00240913,0.99907744,0.04287693,-0.01],[-0.33218569,-0.04124177,0.94231194,0.05]]]
[[[1143.6417236328125,0,984.280517578125],[0,1143.6417236328125,575.9307861328125],[0,0,1]],[[8.93934850e-01,-1.87430300e-02,4.47804870e-01,1.20000000e-01],[-5.88670373e-05,9.99120295e-01,4.19360548e-02,-0.00000000e+00],[-4.48196950e-01,-3.75144600e-02,8.93147350e-01,5.00000000e-02]]]
[[[1143.6417236328125,0,984.280517578125],[0,1143.6417236328125,575.9307861328125],[0,0,1]],[[0.88042724,-0.02091837,0.47371957,0.13],[0.00106677,0.99911129,0.04213583,-0.],[-0.47418013,-0.03659219,0.87966716,0.05]]]
[[[1143.6417236328125,0,984.280517578125],[0,1143.6417236328125,575.9307861328125],[0,0,1]],[[0.86096382,-0.02261847,0.50816298,0.13],[0.00129581,0.9991051,0.04227499,-0.],[-0.50866467,-0.03573876,0.86022264,0.05]]]
[[[1143.6417236328125,0,984.280517578125],[0,1143.6417236328125,575.9307861328125],[0,0,1]],[[0.85963744,-0.02192195,0.51043391,0.14],[0.00233211,0.999237,0.03898733,0.],[-0.51089925,-0.0323246,0.85903263,0.05]]]
[[[1143.6417236328125,0,984.280517578125],[0,1143.6417236328125,575.9307861328125],[0,0,1]],[[0.87443668,-0.02624587,0.48442906,0.19],[0.00448426,0.99893016,0.04602653,0.02],[-0.48511893,-0.03807499,0.87361872,0.02]]]
[[[1143.6417236328125,0,984.280517578125],[0,1143.6417236328125,575.9307861328125],[0,0,1]],[[0.93210548,-0.02602839,0.36125052,0.24],[0.00889533,0.99875867,0.04900947,0.03],[-0.36207789,-0.04246857,0.93117994,-0.02]]]
[[[1143.6417236328125,0,984.280517578125],[0,1143.6417236328125,575.9307861328125],[0,0,1]],[[0.98505491,-0.01864144,0.17122848,0.21],[0.00937754,0.998456,0.054753,0.03],[-0.1719849,-0.05232904,0.98370886,-0.03]]]
[[[1143.6417236328125,0,984.280517578125],[0,1143.6417236328125,575.9307861328125],[0,0,1]],[[0.99837625,-0.01024292,0.05603246,0.17],[0.0073304,0.99862343,0.05193997,0.03],[-0.05648747,-0.05144493,0.99707717,-0.04]]]
[[[1143.6417236328125,0,984.280517578125],[0,1143.6417236328125,575.9307861328125],[0,0,1]],[[0.9999525,-0.00577516,-0.00783426,0.17],[0.0061541,0.99876809,0.04924098,0.03],[0.00754012,-0.04928689,0.99875635,-0.05]]]
[[[1143.6417236328125,0,984.280517578125],[0,1143.6417236328125,575.9307861328125],[0,0,1]],[[0.99808812,-0.00278821,-0.06174332,0.16],[0.00572506,0.9988578,0.04743978,0.03],[0.06154041,-0.04770261,0.99696416,-0.05]]]
[[[1143.6417236328125,0,984.280517578125],[0,1143.6417236328125,575.9307861328125],[0,0,1]],[[0.99446762,-0.001685,-0.10502823,0.16],[0.00641478,0.99897927,0.04471189,0.03],[0.10484561,-0.04513831,0.9934637,-0.06]]]
[[[1143.6417236328125,0,984.280517578125],[0,1143.6417236328125,575.9307861328125],[0,0,1]],[[0.99086624,0.00126157,-0.13484198,0.15],[0.00456658,0.99906874,0.042904,0.03],[0.13477047,-0.04312794,0.98993808,-0.07]]]
[[[1143.6417236328125,0,984.280517578125],[0,1143.6417236328125,575.9307861328125],[0,0,1]],[[9.91251647e-01,-9.61281548e-05,-1.31984994e-01,1.70000000e-01],[5.35324000e-03,9.99206130e-01,3.94769100e-02,2.00000000e-02],[1.31876360e-01,-3.98381400e-02,9.90465580e-01,-7.00000000e-02]]]
[[[1143.6417236328125,0,984.280517578125],[0,1143.6417236328125,575.9307861328125],[0,0,1]],[[0.98236352,0.00244817,-0.18696512,0.16],[0.00528876,0.9991504,0.04087162,0.02],[0.18690628,-0.04113964,0.98151618,-0.07]]]
[[[1143.6417236328125,0,984.280517578125],[0,1143.6417236328125,575.9307861328125],[0,0,1]],[[0.98029667,0.00397498,-0.1974915,0.16],[0.0041175,0.99916917,0.04054881,0.02],[0.1974885,-0.04056307,0.97946614,-0.08]]]
[[[1143.6417236328125,0,984.280517578125],[0,1143.6417236328125,575.9307861328125],[0,0,1]],[[0.97847867,0.00335426,-0.20632215,0.16],[0.00490495,0.99920756,0.0395061,0.02],[0.20629106,-0.03966789,0.97768688,-0.08]]]
[[[1143.6417236328125,0,984.280517578125],[0,1143.6417236328125,575.9307861328125],[0,0,1]],[[0.97350895,0.0044095,-0.22860867,0.15],[0.00457161,0.99923927,0.03874152,0.02],[0.22860546,-0.03876032,0.97274798,-0.08]]]
[[[1143.6417236328125,0,984.280517578125],[0,1143.6417236328125,575.9307861328125],[0,0,1]],[[0.97174954,0.00472906,-0.23596977,0.15],[0.00408058,0.99931377,0.03683148,0.02],[0.23598182,-0.03675386,0.9710629,-0.08]]]
[[[1143.6417236328125,0,984.280517578125],[0,1143.6417236328125,575.9307861328125],[0,0,1]],[[0.97177768,0.00451976,-0.23585828,0.15],[0.00407169,0.99934673,0.03592657,0.02],[0.23586641,-0.03587296,0.97112399,-0.08]]]
[[[1143.6417236328125,0,984.280517578125],[0,1143.6417236328125,575.9307861328125],[0,0,1]],[[0.97213817,0.00547223,-0.23434888,0.15],[0.00365228,0.99925327,0.03848393,0.02],[0.2343843,-0.03826758,0.97139162,-0.08]]]
[[[1143.6417236328125,0,984.280517578125],[0,1143.6417236328125,575.9307861328125],[0,0,1]],[[0.99014854,-0.00300899,-0.13999608,0.26],[0.00703157,0.99957705,0.02824777,-0.02],[0.13985178,-0.02895386,0.98975027,-0.06]]]
[[[1143.6417236328125,0,984.280517578125],[0,1143.6417236328125,575.9307861328125],[0,0,1]],[[0.99712241,-0.00545466,-0.07562564,0.2],[0.00854111,0.99914187,0.04054911,-0.],[0.07533952,-0.04107832,0.99631268,-0.05]]]
[[[1143.6417236328125,0,984.280517578125],[0,1143.6417236328125,575.9307861328125],[0,0,1]],[[0.99981207,-0.0069584,-0.01816599,0.2],[0.00771765,0.99908614,0.04206522,-0.],[0.01785667,-0.04219747,0.99895114,-0.05]]]
[[[1143.6417236328125,0,984.280517578125],[0,1143.6417236328125,575.9307861328125],[0,0,1]],[[0.99474841,-0.01325325,0.10150196,0.21],[0.00846476,0.99883813,0.04746259,0.],[-0.10201297,-0.04635411,0.99370396,-0.05]]]
[[[1143.6417236328125,0,984.280517578125],[0,1143.6417236328125,575.9307861328125],[0,0,1]],[[0.98428845,-0.01735668,0.17572106,0.25],[0.00973437,0.9989785,0.04414678,0.],[-0.17630766,-0.04174259,0.98345113,-0.04]]]
[[[1143.6417236328125,0,984.280517578125],[0,1143.6417236328125,575.9307861328125],[0,0,1]],[[0.9830184,-0.01928511,0.18249951,0.26],[0.01098341,0.99886394,0.04639084,0.],[-0.18318664,-0.04359854,0.98211253,-0.04]]]
[[[1143.6417236328125,0,984.280517578125],[0,1143.6417236328125,575.9307861328125],[0,0,1]],[[0.98289663,-0.01961949,0.18311861,0.24],[0.01021128,0.99858636,0.05217993,0.],[-0.18388334,-0.04941756,0.98170668,-0.04]]]
[[[1143.6417236328125,0,984.280517578125],[0,1143.6417236328125,575.9307861328125],[0,0,1]],[[0.96701348,-0.02406479,0.25359213,0.26],[0.01213798,0.99875081,0.04849178,0.01],[-0.25444207,-0.04381409,0.96609676,-0.03]]]
[[[1143.6417236328125,0,984.280517578125],[0,1143.6417236328125,575.9307861328125],[0,0,1]],[[0.95694792,-0.02472747,0.28920943,0.26],[0.01122432,0.99877304,0.0482558,0.],[-0.29004756,-0.04293209,0.95605052,-0.03]]]
[[[1143.6417236328125,0,984.280517578125],[0,1143.6417236328125,575.9307861328125],[0,0,1]],[[9.65642630e-01,-1.11411600e-02,2.59634760e-01,6.00000000e-02],[6.51126262e-04,9.99181211e-01,4.04540785e-02,-0.00000000e+00],[-2.59872880e-01,-3.88951300e-02,9.64859190e-01,5.00000000e-02]]]
[[[1143.6417236328125,0,984.280517578125],[0,1143.6417236328125,575.9307861328125],[0,0,1]],[[0.97168976,-0.00953543,0.23606786,0.06],[0.00170568,0.99944228,0.03334939,-0.],[-0.23625422,-0.03200261,0.97116417,0.03]]]
[[[1143.6417236328125,0,984.280517578125],[0,1143.6417236328125,575.9307861328125],[0,0,1]],[[0.99276286,-0.01405721,0.11926561,0.01],[0.00753669,0.99846077,0.05494819,0.04],[-0.11985444,-0.05365165,0.9913407,0.06]]]
[[[1143.6417236328125,0,984.280517578125],[0,1143.6417236328125,575.9307861328125],[0,0,1]],[[0.99957961,-0.00563428,-0.02844131,-0.04],[0.00722974,0.99838734,0.05630931,0.04],[0.02807817,-0.05649125,0.99800831,0.05]]]
[[[1143.6417236328125,0,984.280517578125],[0,1143.6417236328125,575.9307861328125],[0,0,1]],[[0.99815756,-0.00304641,-0.06060283,-0.05],[0.00639021,0.99846303,0.05505864,0.04],[0.06034193,-0.05534445,0.99664253,0.05]]]
[[[1143.6417236328125,0,984.280517578125],[0,1143.6417236328125,575.9307861328125],[0,0,1]],[[9.90115345e-01,-5.33473678e-04,-1.40256196e-01,-5.00000000e-02],[7.27251000e-03,9.98843190e-01,4.75399100e-02,4.00000000e-02],[1.40068550e-01,-4.80900000e-02,9.88973680e-01,4.00000000e-02]]]
[[[1143.6417236328125,0,984.280517578125],[0,1143.6417236328125,575.9307861328125],[0,0,1]],[[0.98265398,0.00190857,-0.18544072,-0.05],[0.00709313,0.99882901,0.04786667,0.04],[0.18531486,-0.04835172,0.98148942,0.04]]]
[[[1143.6417236328125,0,984.280517578125],[0,1143.6417236328125,575.9307861328125],[0,0,1]],[[0.97906435,0.00421313,-0.20350926,-0.07],[0.00604104,0.99874443,0.04973931,0.04],[0.20346324,-0.04992739,0.97780925,0.04]]]
[[[1143.6417236328125,0,984.280517578125],[0,1143.6417236328125,575.9307861328125],[0,0,1]],[[0.97670782,0.00265528,-0.21455961,-0.07],[0.00782608,0.9988178,0.04798632,0.04],[0.21443331,-0.04854777,0.97553188,0.03]]]
[[[1143.6417236328125,0,984.280517578125],[0,1143.6417236328125,575.9307861328125],[0,0,1]],[[0.97203243,0.00513409,-0.23479274,-0.07],[0.00658959,0.99877149,0.04912022,0.04],[0.23475645,-0.04929363,0.9708041,0.03]]]
[[[1143.6417236328125,0,984.280517578125],[0,1143.6417236328125,575.9307861328125],[0,0,1]],[[0.96622163,0.00508913,-0.25766426,-0.08],[0.00737109,0.9988507,0.04736931,0.04],[0.2576091,-0.04766851,0.96507317,0.03]]]
[[[1143.6417236328125,0,984.280517578125],[0,1143.6417236328125,575.9307861328125],[0,0,1]],[[0.96222603,0.00574973,-0.27219293,-0.08],[0.00730269,0.99887264,0.04691553,0.04],[0.2721557,-0.04713107,0.96109879,0.02]]]
[[[1143.6417236328125,0,984.280517578125],[0,1143.6417236328125,575.9307861328125],[0,0,1]],[[0.96113819,0.00647009,-0.27599376,-0.08],[0.00682045,0.99886417,0.0471682,0.04],[0.27598524,-0.04721755,0.96000189,0.02]]]
[[[1143.6417236328125,0,984.280517578125],[0,1143.6417236328125,575.9307861328125],[0,0,1]],[[0.96417218,0.0077522,-0.26516584,-0.09],[0.00547685,0.99877852,0.04911395,0.04],[0.26522252,-0.04880657,0.96295166,0.03]]]
[[[1143.6417236328125,0,984.280517578125],[0,1143.6417236328125,575.9307861328125],[0,0,1]],[[0.98338068,0.00318235,-0.181531,-0.02],[0.00501272,0.99898982,0.04466748,0.02],[0.18148962,-0.04483508,0.98237073,0.03]]]
[[[1143.6417236328125,0,984.280517578125],[0,1143.6417236328125,575.9307861328125],[0,0,1]],[[0.99432814,-0.00252113,-0.10633272,-0.02],[0.00761616,0.99884105,0.04753701,0.02],[0.1060895,-0.04807721,0.99319422,0.05]]]
[[[1143.6417236328125,0,984.280517578125],[0,1143.6417236328125,575.9307861328125],[0,0,1]],[[0.99957764,-0.0069925,-0.02823639,-0.02],[0.00842397,0.99866897,0.05089898,0.02],[0.02784279,-0.05111532,0.99830526,0.06]]]
[[[1143.6417236328125,0,984.280517578125],[0,1143.6417236328125,575.9307861328125],[0,0,1]],[[0.99957973,-0.01002546,0.02723608,-0.02],[0.00853881,0.99849647,0.05416276,0.03],[-0.02773819,-0.05390739,0.99816132,0.06]]]
[[[1143.6417236328125,0,984.280517578125],[0,1143.6417236328125,575.9307861328125],[0,0,1]],[[9.95446030e-01,-5.51304000e-03,9.51673300e-02,-0.00000000e+00],[8.93740449e-04,9.98822153e-01,4.85131964e-02,1.00000000e-02],[-9.53226900e-02,-4.82072200e-02,9.94278430e-01,2.00000000e-02]]]
[[[1143.6417236328125,0,984.280517578125],[0,1143.6417236328125,575.9307861328125],[0,0,1]],[[0.99032158,-0.00796569,0.13856326,0.],[0.00125088,0.99882329,0.04847993,0.01],[-0.13878639,-0.0478374,0.98916626,0.02]]]
[[[1143.6417236328125,0,984.280517578125],[0,1143.6417236328125,575.9307861328125],[0,0,1]],[[0.98457205,-0.01119901,0.17462169,0.01],[0.00240876,0.99872261,0.05046972,0.01],[-0.17496386,-0.04927046,0.9833414,0.02]]]
[[[1143.6417236328125,0,984.280517578125],[0,1143.6417236328125,575.9307861328125],[0,0,1]],[[0.97900188,-0.01119374,0.20354438,0.01],[0.00149952,0.99885952,0.04771906,0.01],[-0.20384644,-0.04641183,0.97790223,0.02]]]
[[[1143.6417236328125,0,984.280517578125],[0,1143.6417236328125,575.9307861328125],[0,0,1]],[[0.973158,-0.0125713,0.22979549,0.02],[0.00198846,0.99892896,0.046227,0.01],[-0.23013051,-0.04452924,0.97214073,0.02]]]
[[[1143.6417236328125,0,984.280517578125],[0,1143.6417236328125,575.9307861328125],[0,0,1]],[[0.97266328,-0.01338378,0.23183508,0.02],[0.00246663,0.99887687,0.04731619,0.01],[-0.23220801,-0.04545088,0.97160393,0.02]]]
[[[1143.6417236328125,0,984.280517578125],[0,1143.6417236328125,575.9307861328125],[0,0,1]],[[0.97088671,-0.01355626,0.23915617,0.02],[0.00227784,0.99887466,0.04737276,0.01],[-0.23952924,-0.04544884,0.96982503,0.02]]]
[[[1143.6417236328125,0,984.280517578125],[0,1143.6417236328125,575.9307861328125],[0,0,1]],[[0.96708465,-0.01310527,0.2541191,0.02],[0.00136937,0.99892664,0.04630468,0.01],[-0.25445309,-0.04443256,0.96606433,0.02]]]
[[[1143.6417236328125,0,984.280517578125],[0,1143.6417236328125,575.9307861328125],[0,0,1]],[[0.96381783,-0.01499341,0.26614118,0.02],[0.00247086,0.99887663,0.04732491,0.01],[-0.2665517,-0.044955,0.96277213,0.02]]]
[[[1143.6417236328125,0,984.280517578125],[0,1143.6417236328125,575.9307861328125],[0,0,1]],[[0.96674085,-0.0121918,0.25546908,0.06],[0.00244055,0.99925745,0.03845226,0.02],[-0.25574815,-0.03654989,0.96605283,-0.01]]]
[[[1143.6417236328125,0,984.280517578125],[0,1143.6417236328125,575.9307861328125],[0,0,1]],[[0.99992836,-0.00550204,0.010633,-0.01],[0.00504261,0.99907255,0.04276178,0.01],[-0.01085842,-0.0427051,0.99902874,-0.07]]]
[[[1143.6417236328125,0,984.280517578125],[0,1143.6417236328125,575.9307861328125],[0,0,1]],[[9.97104406e-01,7.64254248e-04,-7.60425255e-02,-5.00000000e-02],[2.35499000e-03,9.99159570e-01,4.09215700e-02,1.00000000e-02],[7.60098900e-02,-4.09821700e-02,9.96264640e-01,-9.00000000e-02]]]
[[[1143.6417236328125,0,984.280517578125],[0,1143.6417236328125,575.9307861328125],[0,0,1]],[[0.99177116,0.00315351,-0.12798633,-0.06],[0.00162683,0.99930555,0.03722867,0.01],[0.12801485,-0.03713052,0.99107707,-0.08]]]
[[[1143.6417236328125,0,984.280517578125],[0,1143.6417236328125,575.9307861328125],[0,0,1]],[[0.99086607,0.00209311,-0.13483539,-0.05],[0.0029341,0.99930817,0.0370746,0.01],[0.13481972,-0.03713157,0.99017429,-0.09]]]
[[[1143.6417236328125,0,984.280517578125],[0,1143.6417236328125,575.9307861328125],[0,0,1]],[[0.97663599,0.00730477,-0.21477786,-0.06],[0.00125407,0.99921149,0.03968645,0.],[0.21489832,-0.03902854,0.97585654,-0.09]]]
[[[1143.6417236328125,0,984.280517578125],[0,1143.6417236328125,575.9307861328125],[0,0,1]],[[0.97202724,0.0072661,-0.23475735,-0.06],[0.00169717,0.99927819,0.03795645,0.],[0.23486359,-0.03729311,0.97131306,-0.1]]]
[[[1143.6417236328125,0,984.280517578125],[0,1143.6417236328125,575.9307861328125],[0,0,1]],[[9.65626720e-01,1.00348500e-02,-2.59740800e-01,-6.00000000e-02],[-2.64067621e-05,9.99258578e-01,3.85072716e-02,0.00000000e+00],[2.59934480e-01,-3.71767700e-02,9.64910690e-01,-1.00000000e-01]]]
[[[1143.6417236328125,0,984.280517578125],[0,1143.6417236328125,575.9307861328125],[0,0,1]],[[9.59562420e-01,9.98797000e-03,-2.81320870e-01,-6.00000000e-02],[5.96307393e-04,9.99296308e-01,3.75128053e-02,0.00000000e+00],[2.81497420e-01,-3.61636100e-02,9.58880780e-01,-1.00000000e-01]]]
[[[1143.6417236328125,0,984.280517578125],[0,1143.6417236328125,575.9307861328125],[0,0,1]],[[9.58703880e-01,1.08154600e-02,-2.84203170e-01,-6.00000000e-02],[-7.30665561e-05,9.99286354e-01,3.77817638e-02,0.00000000e+00],[2.84408840e-01,-3.62007200e-02,9.58020030e-01,-1.00000000e-01]]]
[[[1143.6417236328125,0,984.280517578125],[0,1143.6417236328125,575.9307861328125],[0,0,1]],[[0.96668768,0.01407702,-0.25557476,-0.07],[-0.00379931,0.99916601,0.0406634,0.],[0.25593394,-0.03833776,0.9659344,-0.05]]]
[[[1143.6417236328125,0,984.280517578125],[0,1143.6417236328125,575.9307861328125],[0,0,1]],[[0.99747914,0.00600966,-0.07072052,-0.06],[-0.00319887,0.99920338,0.03979135,0.],[0.07090333,-0.03946477,0.99670291,-0.03]]]
[[[1143.6417236328125,0,984.280517578125],[0,1143.6417236328125,575.9307861328125],[0,0,1]],[[0.99704129,-0.00231131,0.07684838,-0.05],[-0.0010598,0.99904048,0.04379744,0.],[-0.07687571,-0.04374924,0.99608111,-0.02]]]
[[[1143.6417236328125,0,984.280517578125],[0,1143.6417236328125,575.9307861328125],[0,0,1]],[[0.97395319,-0.01122876,0.22647679,-0.03],[0.00199007,0.99915856,0.04098026,0.],[-0.22674608,-0.03946209,0.9731549,-0.01]]]
[[[1143.6417236328125,0,984.280517578125],[0,1143.6417236328125,575.9307861328125],[0,0,1]],[[9.53250590e-01,-1.40699200e-02,3.01857080e-01,-4.00000000e-02],[6.71225658e-04,9.99012172e-01,4.44454625e-02,1.00000000e-02],[-3.02183840e-01,-4.21650000e-02,9.52317300e-01,-1.00000000e-02]]]
[[[1143.6417236328125,0,984.280517578125],[0,1143.6417236328125,575.9307861328125],[0,0,1]],[[8.96910910e-01,-1.47813800e-02,4.41967220e-01,-1.00000000e-02],[4.83979820e-04,9.99473989e-01,3.24447639e-02,-0.00000000e+00],[-4.42213830e-01,-2.88861300e-02,8.96445210e-01,0.00000000e+00]]]
[[[1143.6417236328125,0,984.280517578125],[0,1143.6417236328125,575.9307861328125],[0,0,1]],[[0.882424,-0.01691699,0.47015378,0.02],[0.00170422,0.99946225,0.03276384,0.],[-0.47045457,-0.02811031,0.8819772,-0.]]]
[[[1143.6417236328125,0,984.280517578125],[0,1143.6417236328125,575.9307861328125],[0,0,1]],[[0.87686545,-0.018145,0.48039627,0.03],[0.00225805,0.99943244,0.03362786,0.],[-0.48073313,-0.02840232,0.87640768,-0.01]]]
[[[1143.6417236328125,0,984.280517578125],[0,1143.6417236328125,575.9307861328125],[0,0,1]],[[0.8791362,-0.01970404,0.47616616,0.06],[0.00256315,0.99932653,0.03662045,0.],[-0.47656634,-0.03097384,0.8785935,-0.04]]]
[[[1143.6417236328125,0,984.280517578125],[0,1143.6417236328125,575.9307861328125],[0,0,1]],[[0.94055974,-0.01852912,0.33912671,0.1],[0.00465325,0.99912059,0.04168401,0.01],[-0.33960032,-0.03762823,0.93981761,-0.07]]]
[[[1143.6417236328125,0,984.280517578125],[0,1143.6417236328125,575.9307861328125],[0,0,1]],[[0.99851531,-0.00584429,0.05418598,0.07],[0.00332232,0.99891257,0.04651654,0.01],[-0.05439878,-0.04626741,0.99744749,-0.1]]]
[[[1143.6417236328125,0,984.280517578125],[0,1143.6417236328125,575.9307861328125],[0,0,1]],[[9.97121750e-01,2.06121000e-03,-7.58111800e-02,6.00000000e-02],[8.00712558e-04,9.99289453e-01,3.77009250e-02,1.00000000e-02],[7.58349500e-02,-3.76530800e-02,9.96410070e-01,-1.20000000e-01]]]
[[[1143.6417236328125,0,984.280517578125],[0,1143.6417236328125,575.9307861328125],[0,0,1]],[[0.98939621,0.00684336,-0.14509352,0.05],[-0.00130278,0.99926817,0.03824699,0.01],[0.14524885,-0.03765236,0.98867941,-0.12]]]
[[[1143.6417236328125,0,984.280517578125],[0,1143.6417236328125,575.9307861328125],[0,0,1]],[[0.96833962,0.01206367,-0.24935304,0.04],[-0.00215871,0.99919975,0.03995804,0.01],[0.24963512,-0.03815462,0.96758908,-0.13]]]
[[[1143.6417236328125,0,984.280517578125],[0,1143.6417236328125,575.9307861328125],[0,0,1]],[[0.96010762,0.01423525,-0.27927583,0.04],[-0.00352452,0.99924099,0.03881654,0.],[0.27961588,-0.03628369,0.95942706,-0.13]]]
[[[1143.6417236328125,0,984.280517578125],[0,1143.6417236328125,575.9307861328125],[0,0,1]],[[0.95820618,0.01463723,-0.2857112,0.03],[-0.00357755,0.99922609,0.03919299,0.],[0.28606325,-0.03653277,0.95751506,-0.13]]]
[[[1143.6417236328125,0,984.280517578125],[0,1143.6417236328125,575.9307861328125],[0,0,1]],[[0.95699936,0.01457047,-0.28973156,0.03],[-0.00340056,0.99923354,0.03901877,0.],[0.29007736,-0.03635563,0.95631337,-0.12]]]
[[[1143.6417236328125,0,984.280517578125],[0,1143.6417236328125,575.9307861328125],[0,0,1]],[[0.96741128,0.01548345,-0.25274551,0.02],[-0.00562145,0.99919689,0.03969514,0.],[0.25315657,-0.03698067,0.96671921,-0.11]]]
[[[1143.6417236328125,0,984.280517578125],[0,1143.6417236328125,575.9307861328125],[0,0,1]],[[0.99883431,0.00734286,-0.04775308,0.03],[-0.00542559,0.99917942,0.04015588,-0.],[0.04800865,-0.03984993,0.99805254,-0.08]]]
[[[1143.6417236328125,0,984.280517578125],[0,1143.6417236328125,575.9307861328125],[0,0,1]],[[0.99029624,-0.00541814,0.13888259,0.04],[-0.0012819,0.99884206,0.04810773,0.],[-0.13898216,-0.04781886,0.98914051,-0.07]]]
[[[1143.6417236328125,0,984.280517578125],[0,1143.6417236328125,575.9307861328125],[0,0,1]],[[9.60770910e-01,-1.39175700e-02,2.77001740e-01,9.00000000e-02],[9.67546075e-04,9.98902977e-01,4.68325950e-02,0.00000000e+00],[-2.77349110e-01,-4.47273000e-02,9.59728360e-01,-7.00000000e-02]]]
[[[1143.6417236328125,0,984.280517578125],[0,1143.6417236328125,575.9307861328125],[0,0,1]],[[0.92527384,-0.01626306,0.37895682,0.12],[-0.00150273,0.99891621,0.04653794,0.],[-0.37930226,-0.04362973,0.9242447,-0.06]]]
[[[1143.6417236328125,0,984.280517578125],[0,1143.6417236328125,575.9307861328125],[0,0,1]],[[9.05155960e-01,-1.85717800e-02,4.24678950e-01,1.50000000e-01],[-8.11043545e-04,9.98968720e-01,4.54148799e-02,1.00000000e-02],[-4.25083670e-01,-4.14519100e-02,9.04205620e-01,-6.00000000e-02]]]
[[[1143.6417236328125,0,984.280517578125],[0,1143.6417236328125,575.9307861328125],[0,0,1]],[[0.91799247,-0.0222483,0.39597332,0.09],[0.0042613,0.99892098,0.04624668,0.],[-0.39657497,-0.04076674,0.91709673,0.07]]]
[[[1143.6417236328125,0,984.280517578125],[0,1143.6417236328125,575.9307861328125],[0,0,1]],[[0.91734952,-0.0215866,0.39749694,0.1],[0.00396655,0.99897474,0.0450966,0.],[-0.39806271,-0.03979265,0.91649461,0.07]]]
[[[1143.6417236328125,0,984.280517578125],[0,1143.6417236328125,575.9307861328125],[0,0,1]],[[0.92135012,-0.01880254,0.38827917,0.09],[0.00313086,0.99915606,0.0409552,0.],[-0.3887212,-0.03651841,0.92063123,0.03]]]
[[[1143.6417236328125,0,984.280517578125],[0,1143.6417236328125,575.9307861328125],[0,0,1]],[[0.99491918,-0.02607624,0.09724259,-0.1],[0.02002214,0.99783009,0.06272209,0.06],[-0.09866683,-0.06045639,0.99328214,-0.]]]
[[[1143.6417236328125,0,984.280517578125],[0,1143.6417236328125,575.9307861328125],[0,0,1]],[[0.99663317,-0.01498141,-0.08061229,-0.12],[0.0193024,0.99840313,0.05309266,0.06],[0.07968839,-0.05446988,0.99533039,-0.02]]]
[[[1143.6417236328125,0,984.280517578125],[0,1143.6417236328125,575.9307861328125],[0,0,1]],[[0.99147266,-0.01096593,-0.12985438,-0.15],[0.01742165,0.99866253,0.04868394,0.06],[0.12914705,-0.05053104,0.99033713,-0.02]]]
[[[1143.6417236328125,0,984.280517578125],[0,1143.6417236328125,575.9307861328125],[0,0,1]],[[0.98587543,-0.01101123,-0.16711861,-0.15],[0.01904598,0.99873441,0.04655182,0.05],[0.16639474,-0.04907721,0.98483711,-0.03]]]
[[[1143.6417236328125,0,984.280517578125],[0,1143.6417236328125,575.9307861328125],[0,0,1]],[[0.96112508,-0.0031036,-0.27609688,-0.2],[0.01762961,0.99858642,0.05014564,0.06],[0.27555114,-0.05306367,0.95982069,-0.03]]]
[[[1143.6417236328125,0,984.280517578125],[0,1143.6417236328125,575.9307861328125],[0,0,1]],[[0.95061672,-0.0012377,-0.31036642,-0.2],[0.01743711,0.99862581,0.04942549,0.06],[0.3098788,-0.05239654,0.94933134,-0.04]]]
[[[1143.6417236328125,0,984.280517578125],[0,1143.6417236328125,575.9307861328125],[0,0,1]],[[9.39524651e-01,-2.24423726e-04,-3.42482656e-01,-2.00000000e-01],[1.76463000e-02,9.98703480e-01,4.77542400e-02,6.00000000e-02],[3.42027900e-01,-5.09097800e-02,9.38309850e-01,-4.00000000e-02]]]
[[[1143.6417236328125,0,984.280517578125],[0,1143.6417236328125,575.9307861328125],[0,0,1]],[[9.38558161e-01,6.42444356e-04,-3.45122069e-01,-2.00000000e-01],[1.70116300e-02,9.98696920e-01,4.81221500e-02,5.00000000e-02],[3.44703170e-01,-5.10364800e-02,9.37323630e-01,-4.00000000e-02]]]
[[[1143.6417236328125,0,984.280517578125],[0,1143.6417236328125,575.9307861328125],[0,0,1]],[[0.98681438,0.01127974,-0.16146271,-0.03],[-0.00533821,0.9992941,0.0371848,0.01],[0.16176817,-0.03583257,0.9861781,-0.]]]
[[[1143.6417236328125,0,984.280517578125],[0,1143.6417236328125,575.9307861328125],[0,0,1]],[[0.99957293,0.00423282,-0.0289175,-0.01],[-0.00313007,0.99927002,0.03807382,0.01],[0.02905754,-0.03796706,0.99885648,0.02]]]
[[[1143.6417236328125,0,984.280517578125],[0,1143.6417236328125,575.9307861328125],[0,0,1]],[[9.98105884e-01,-6.50555361e-04,6.15178645e-02,-0.00000000e+00],[-1.98045000e-03,9.99086140e-01,4.26975800e-02,1.00000000e-02],[-6.14894300e-02,-4.27385400e-02,9.97192380e-01,2.00000000e-02]]]
[[[1143.6417236328125,0,984.280517578125],[0,1143.6417236328125,575.9307861328125],[0,0,1]],[[9.93164900e-01,-4.37318000e-03,1.16639170e-01,-1.00000000e-02],[-8.50294484e-04,9.99000371e-01,4.46958728e-02,1.00000000e-02],[-1.16718010e-01,-4.44895700e-02,9.92168250e-01,3.00000000e-02]]]
[[[1143.6417236328125,0,984.280517578125],[0,1143.6417236328125,575.9307861328125],[0,0,1]],[[0.97050053,-0.007284,0.24098985,0.01],[-0.00223396,0.99922925,0.03919851,0.01],[-0.24108954,-0.03858055,0.96973592,0.04]]]
[[[1143.6417236328125,0,984.280517578125],[0,1143.6417236328125,575.9307861328125],[0,0,1]],[[9.61952630e-01,-1.12238800e-02,2.72986590e-01,2.00000000e-02],[-2.36091437e-04,9.99121547e-01,4.19109389e-02,1.00000000e-02],[-2.73217170e-01,-4.03808000e-02,9.61104690e-01,4.00000000e-02]]]
[[[1143.6417236328125,0,984.280517578125],[0,1143.6417236328125,575.9307861328125],[0,0,1]],[[9.50728000e-01,-1.26432500e-02,3.09769450e-01,2.00000000e-02],[-3.58111400e-04,9.99123037e-01,4.18783650e-02,1.00000000e-02],[-3.10027150e-01,-3.99258700e-02,9.49889300e-01,4.00000000e-02]]]
[[[1143.6417236328125,0,984.280517578125],[0,1143.6417236328125,575.9307861328125],[0,0,1]],[[0.94325274,-0.01790903,0.33159244,0.06],[0.00415371,0.99910289,0.04214499,-0.01],[-0.33204973,-0.03837604,0.94248092,0.03]]]
[[[1143.6417236328125,0,984.280517578125],[0,1143.6417236328125,575.9307861328125],[0,0,1]],[[0.94923419,-0.01521511,0.31420216,0.06],[0.00324161,0.9992497,0.03859507,0.],[-0.31455365,-0.03561724,0.94857126,0.03]]]
[[[1143.6417236328125,0,984.280517578125],[0,1143.6417236328125,575.9307861328125],[0,0,1]],[[0.95595652,-0.0183466,0.29293478,0.06],[0.00580657,0.99903131,0.04362064,0.02],[-0.29345134,-0.03999848,0.9551369,0.01]]]
[[[1143.6417236328125,0,984.280517578125],[0,1143.6417236328125,575.9307861328125],[0,0,1]],[[0.99781066,-0.014407,0.06454702,0.],[0.01127219,0.99875122,0.04866993,0.02],[-0.06516765,-0.04783578,0.99672705,-0.03]]]
[[[1143.6417236328125,0,984.280517578125],[0,1143.6417236328125,575.9307861328125],[0,0,1]],[[0.99688953,-0.00447373,-0.07868426,-0.07],[0.00775307,0.99911159,0.04142122,0.02],[0.07842901,-0.04190242,0.99603868,-0.03]]]
[[[1143.6417236328125,0,984.280517578125],[0,1143.6417236328125,575.9307861328125],[0,0,1]],[[0.99507219,-0.00354789,-0.09909109,-0.07],[0.00735661,0.99924695,0.03809762,0.02],[0.09888125,-0.03863885,0.99434894,-0.03]]]
[[[1143.6417236328125,0,984.280517578125],[0,1143.6417236328125,575.9307861328125],[0,0,1]],[[0.99083376,-0.00366801,-0.13503695,-0.06],[0.00891478,0.99922764,0.03827013,0.02],[0.13479224,-0.03912315,0.99010122,-0.03]]]
[[[1143.6417236328125,0,984.280517578125],[0,1143.6417236328125,575.9307861328125],[0,0,1]],[[9.74495649e-01,2.93804449e-04,-2.24406272e-01,-7.00000000e-02],[8.47563000e-03,9.99237420e-01,3.81140900e-02,2.00000000e-02],[2.24246320e-01,-3.90439900e-02,9.73750050e-01,-4.00000000e-02]]]
[[[1143.6417236328125,0,984.280517578125],[0,1143.6417236328125,575.9307861328125],[0,0,1]],[[0.96336132,0.00377,-0.2681804,-0.07],[0.00706008,0.99919826,0.0394077,0.02],[0.26811394,-0.03985723,0.96256238,-0.05]]]
[[[1143.6417236328125,0,984.280517578125],[0,1143.6417236328125,575.9307861328125],[0,0,1]],[[0.96055317,0.00574115,-0.2780371,-0.05],[0.00555184,0.99919176,0.03981247,0.02],[0.27804095,-0.03978562,0.95974493,-0.05]]]
[[[1143.6417236328125,0,984.280517578125],[0,1143.6417236328125,575.9307861328125],[0,0,1]],[[0.96441013,0.00312735,-0.26439211,-0.02],[0.00593626,0.99942189,0.03347497,-0.],[0.26434404,-0.03385312,0.96383411,-0.05]]]
[[[1143.6417236328125,0,984.280517578125],[0,1143.6417236328125,575.9307861328125],[0,0,1]],[[0.98613638,-0.0045856,-0.16587351,0.02],[0.00951662,0.9995358,0.028945,-0.01],[0.16566387,-0.03012228,0.98572224,-0.03]]]
[[[1143.6417236328125,0,984.280517578125],[0,1143.6417236328125,575.9307861328125],[0,0,1]],[[0.99712855,-0.00792439,-0.07531362,0.09],[0.00965043,0.99969864,0.02258167,-0.04],[0.07511206,-0.02324365,0.99690443,-0.03]]]
[[[1143.6417236328125,0,984.280517578125],[0,1143.6417236328125,575.9307861328125],[0,0,1]],[[0.99328887,-0.01726348,0.11436418,0.12],[0.01340613,0.99931788,0.0344125,-0.04],[-0.11488018,-0.03264839,0.99284291,-0.02]]]
[[[1143.6417236328125,0,984.280517578125],[0,1143.6417236328125,575.9307861328125],[0,0,1]],[[0.97193575,-0.02432601,0.23398545,0.14],[0.01606377,0.99918061,0.03715244,-0.03],[-0.23469745,-0.03235112,0.97153026,-0.01]]]
[[[1143.6417236328125,0,984.280517578125],[0,1143.6417236328125,575.9307861328125],[0,0,1]],[[0.928011,-0.02724406,0.37155536,0.16],[0.01552308,0.99928421,0.03450084,-0.03],[-0.37222934,-0.02624949,0.9277699,-0.01]]]
[[[1143.6417236328125,0,984.280517578125],[0,1143.6417236328125,575.9307861328125],[0,0,1]],[[0.89736432,-0.01984573,0.44084406,0.1],[0.002767,0.99922162,0.03935014,-0.],[-0.44128186,-0.0340916,0.89672077,0.06]]]
[[[1143.6417236328125,0,984.280517578125],[0,1143.6417236328125,575.9307861328125],[0,0,1]],[[0.87937009,-0.0235437,0.47555649,0.13],[0.00500611,0.99917871,0.04021003,-0.],[-0.4761126,-0.03297881,0.8787657,0.04]]]
[[[1143.6417236328125,0,984.280517578125],[0,1143.6417236328125,575.9307861328125],[0,0,1]],[[0.88096118,-0.02326444,0.47261634,0.12],[0.00561824,0.99923462,0.03871465,0.],[-0.47315532,-0.03145083,0.88041759,0.04]]]
[[[1143.6417236328125,0,984.280517578125],[0,1143.6417236328125,575.9307861328125],[0,0,1]],[[0.8889882,-0.02378186,0.45731217,0.21],[0.0055293,0.99913543,0.04120998,0.01],[-0.45789686,-0.03410657,0.88835114,-0.02]]]
[[[1143.6417236328125,0,984.280517578125],[0,1143.6417236328125,575.9307861328125],[0,0,1]],[[0.96369451,-0.02425313,0.26590359,0.2],[0.01020924,0.99848509,0.05407146,0.02],[-0.26681221,-0.04939369,0.96248221,-0.07]]]
[[[1143.6417236328125,0,984.280517578125],[0,1143.6417236328125,575.9307861328125],[0,0,1]],[[9.99926031e-01,1.43074139e-05,1.21614924e-02,-0.00000000e+00],[-5.89931151e-04,9.98879135e-01,4.73294035e-02,1.00000000e-02],[-1.21471800e-02,-4.73330800e-02,9.98805280e-01,1.00000000e-02]]]
[[[1143.6417236328125,0,984.280517578125],[0,1143.6417236328125,575.9307861328125],[0,0,1]],[[0.99932915,0.00280785,-0.03651531,0.],[-0.00111956,0.9989329,0.04617372,0.01],[0.03660599,-0.04610186,0.9982658,0.01]]]
[[[1143.6417236328125,0,984.280517578125],[0,1143.6417236328125,575.9307861328125],[0,0,1]],[[0.98545253,0.0091888,-0.16970225,-0.02],[-0.00220773,0.99914539,0.04128014,0.01],[0.16993651,-0.04030496,0.98463058,0.]]]
[[[1143.6417236328125,0,984.280517578125],[0,1143.6417236328125,575.9307861328125],[0,0,1]],[[0.97102726,0.01292926,-0.23861927,-0.03],[-0.00341179,0.99918395,0.04025563,0.01],[0.23894493,-0.03827517,0.97027874,-0.01]]]
[[[1143.6417236328125,0,984.280517578125],[0,1143.6417236328125,575.9307861328125],[0,0,1]],[[0.9665823,0.01522819,-0.2559047,-0.04],[-0.00484137,0.99914092,0.04116973,0.01],[0.25631171,-0.03855498,0.96582532,-0.01]]]
[[[1143.6417236328125,0,984.280517578125],[0,1143.6417236328125,575.9307861328125],[0,0,1]],[[0.96751809,0.01431839,-0.25239754,-0.02],[-0.00513587,0.99930257,0.03700256,-0.],[0.25275117,-0.03450434,0.96691638,-0.02]]]
[[[1143.6417236328125,0,984.280517578125],[0,1143.6417236328125,575.9307861328125],[0,0,1]],[[0.97908282,0.01068646,-0.20318374,0.04],[-0.00415151,0.99946183,0.03256184,-0.02],[0.20342217,-0.03103718,0.97859955,0.]]]
[[[1143.6417236328125,0,984.280517578125],[0,1143.6417236328125,575.9307861328125],[0,0,1]],[[0.9974457,0.00703065,-0.07109066,0.04],[-0.00469623,0.99944663,0.03295128,-0.03],[0.07128292,-0.03253321,0.99692589,0.02]]]
[[[1143.6417236328125,0,984.280517578125],[0,1143.6417236328125,575.9307861328125],[0,0,1]],[[0.99175602,-0.0087399,0.12784582,0.03],[0.00384941,0.99925369,0.03845028,-0.03],[-0.12808642,-0.03764111,0.99104893,0.07]]]
[[[1143.6417236328125,0,984.280517578125],[0,1143.6417236328125,575.9307861328125],[0,0,1]],[[0.98365647,-0.01322454,0.17957254,0.03],[0.00532526,0.99900031,0.04440043,-0.02],[-0.17998011,-0.04271843,0.98274273,0.08]]]
[[[1143.6417236328125,0,984.280517578125],[0,1143.6417236328125,575.9307861328125],[0,0,1]],[[0.94889045,-0.01427828,0.31528252,0.1],[0.00103797,0.99911189,0.0421231,-0.01],[-0.31560397,-0.03964295,0.94806254,0.03]]]
[[[1143.6417236328125,0,984.280517578125],[0,1143.6417236328125,575.9307861328125],[0,0,1]],[[0.91892433,-0.01913849,0.39396915,0.11],[0.00373519,0.99919951,0.03982752,-0.01],[-0.39441603,-0.03512693,0.91826034,0.03]]]
[[[1143.6417236328125,0,984.280517578125],[0,1143.6417236328125,575.9307861328125],[0,0,1]],[[0.91527903,-0.01766796,0.40243274,0.12],[0.00384195,0.9993751,0.03513747,-0.02],[-0.40280205,-0.03061446,0.91477495,0.03]]]
[[[1143.6417236328125,0,984.280517578125],[0,1143.6417236328125,575.9307861328125],[0,0,1]],[[0.91423523,-0.01772344,0.40479603,0.13],[0.00325351,0.99933177,0.03640631,-0.02],[-0.40517077,-0.03196692,0.91368198,0.03]]]
[[[1143.6417236328125,0,984.280517578125],[0,1143.6417236328125,575.9307861328125],[0,0,1]],[[0.96096247,-0.00811511,0.2765598,0.09],[-0.00248373,0.9992764,0.03795205,-0.01],[-0.27666768,-0.03715738,0.96024698,0.04]]]
[[[1143.6417236328125,0,984.280517578125],[0,1143.6417236328125,575.9307861328125],[0,0,1]],[[9.79882121e-01,-6.64594409e-04,1.99575812e-01,9.00000000e-02],[-5.28617000e-03,9.99557200e-01,2.92827300e-02,-1.00000000e-02],[-1.99506910e-01,-2.97486200e-02,9.79444740e-01,2.00000000e-02]]]
[[[1143.6417236328125,0,984.280517578125],[0,1143.6417236328125,575.9307861328125],[0,0,1]],[[0.99995619,0.00293538,-0.00888181,0.08],[-0.00258889,0.99924457,0.03877515,-0.],[0.00898895,-0.03875045,0.99920857,0.03]]]
[[[1143.6417236328125,0,984.280517578125],[0,1143.6417236328125,575.9307861328125],[0,0,1]],[[0.98965782,0.01305149,-0.14285348,0.03],[-0.00842341,0.99942124,0.03295437,-0.02],[0.14320096,-0.03141024,0.98919505,0.02]]]
[[[1143.6417236328125,0,984.280517578125],[0,1143.6417236328125,575.9307861328125],[0,0,1]],[[0.98872542,0.01620589,-0.14886062,0.14],[-0.01242272,0.99957657,0.02630901,-0.04],[0.149224,-0.02416313,0.98850811,-0.02]]]
[[[1143.6417236328125,0,984.280517578125],[0,1143.6417236328125,575.9307861328125],[0,0,1]],[[0.98549211,0.01803096,-0.16876142,0.13],[-0.01375253,0.99955446,0.02648659,-0.04],[0.16916381,-0.02378143,0.98530096,-0.02]]]
[[[1143.6417236328125,0,984.280517578125],[0,1143.6417236328125,575.9307861328125],[0,0,1]],[[0.98530358,0.01876831,-0.16977952,0.13],[-0.01449825,0.99954742,0.02635556,-0.04],[0.17019735,-0.02350673,0.98512965,-0.02]]]
[[[1143.6417236328125,0,984.280517578125],[0,1143.6417236328125,575.9307861328125],[0,0,1]],[[0.98528826,0.01884778,-0.16986023,0.13],[-0.0146065,0.9995504,0.02618446,-0.04],[0.17027739,-0.02331818,0.98512048,-0.02]]]
[[[1143.6417236328125,0,984.280517578125],[0,1143.6417236328125,575.9307861328125],[0,0,1]],[[0.98533207,0.01871362,-0.16962105,0.13],[-0.01458283,0.99956685,0.0255663,-0.04],[0.17002599,-0.02271774,0.98517793,-0.02]]]
[[[1143.6417236328125,0,984.280517578125],[0,1143.6417236328125,575.9307861328125],[0,0,1]],[[0.99367076,0.02067351,-0.11041711,0.09],[-0.01752447,0.99941391,0.02941421,-0.04],[0.11096049,-0.02729304,0.99345034,-0.02]]]
[[[1143.6417236328125,0,984.280517578125],[0,1143.6417236328125,575.9307861328125],[0,0,1]],[[0.99987322,0.01369659,-0.00818396,0.11],[-0.01349062,0.99960387,0.02471315,-0.05],[0.00851926,-0.02459961,0.99966156,-0.03]]]
[[[1143.6417236328125,0,984.280517578125],[0,1143.6417236328125,575.9307861328125],[0,0,1]],[[0.99316728,0.00719014,0.11648297,0.12],[-0.01048985,0.99956059,0.02773974,-0.04],[-0.11623222,-0.02877209,0.99280578,-0.02]]]
[[[1143.6417236328125,0,984.280517578125],[0,1143.6417236328125,575.9307861328125],[0,0,1]],[[0.98542696,0.00269116,0.17008132,0.14],[-0.0077374,0.99954951,0.02901371,-0.04],[-0.16992646,-0.02990688,0.98500347,-0.02]]]
[[[1143.6417236328125,0,984.280517578125],[0,1143.6417236328125,575.9307861328125],[0,0,1]],[[9.76507664e-01,-6.03517925e-04,2.15484649e-01,1.40000000e-01],[-6.13289000e-03,9.99513570e-01,3.05917100e-02,-4.00000000e-02],[-2.15398130e-01,-3.11945800e-02,9.76028620e-01,-2.00000000e-02]]]
[[[1143.6417236328125,0,984.280517578125],[0,1143.6417236328125,575.9307861328125],[0,0,1]],[[9.71810400e-01,-8.90588155e-04,2.35765442e-01,1.40000000e-01],[-6.39812000e-03,9.99525490e-01,3.01483000e-02,-4.00000000e-02],[-2.35680280e-01,-3.08068800e-02,9.71342980e-01,-1.00000000e-02]]]
[[[1143.6417236328125,0,984.280517578125],[0,1143.6417236328125,575.9307861328125],[0,0,1]],[[0.95933616,-0.00233561,0.2822594,0.15],[-0.00550138,0.99962163,0.02696951,-0.04],[-0.28221548,-0.02742564,0.9589597,-0.01]]]
[[[1143.6417236328125,0,984.280517578125],[0,1143.6417236328125,575.9307861328125],[0,0,1]],[[0.95442498,-0.00484375,0.29841462,0.16],[-0.00362412,0.99960703,0.02781634,-0.05],[-0.2984319,-0.02763009,0.95403188,-0.01]]]
[[[1143.6417236328125,0,984.280517578125],[0,1143.6417236328125,575.9307861328125],[0,0,1]],[[0.95456171,-0.00471752,0.2979784,0.16],[-0.00371276,0.99960941,0.02771924,-0.04],[-0.29799262,-0.02756605,0.954171,-0.01]]]
[[[1143.6417236328125,0,984.280517578125],[0,1143.6417236328125,575.9307861328125],[0,0,1]],[[0.95418704,-0.00388857,0.29918799,0.16],[-0.00424149,0.99963987,0.02651962,-0.05],[-0.29918316,-0.02657367,0.95382661,-0.02]]]
[[[1143.6417236328125,0,984.280517578125],[0,1143.6417236328125,575.9307861328125],[0,0,1]],[[9.83404934e-01,7.29848980e-04,1.81426838e-01,1.30000000e-01],[-5.23343000e-03,9.99690350e-01,2.43457300e-02,-3.00000000e-02],[-1.81352750e-01,-2.48912000e-02,9.83103930e-01,-7.00000000e-02]]]
[[[1143.6417236328125,0,984.280517578125],[0,1143.6417236328125,575.9307861328125],[0,0,1]],[[0.99802291,0.00391123,0.06274135,0.1],[-0.0058477,0.9995116,0.03071056,-0.03],[-0.06259053,-0.03101674,0.99755818,-0.07]]]
[[[1143.6417236328125,0,984.280517578125],[0,1143.6417236328125,575.9307861328125],[0,0,1]],[[0.99971378,0.00873432,0.02229965,0.08],[-0.00928344,0.99965358,0.02464129,-0.03],[-0.02207665,-0.02484125,0.99944848,-0.07]]]
[[[1143.6417236328125,0,984.280517578125],[0,1143.6417236328125,575.9307861328125],[0,0,1]],[[0.99826282,0.009548,-0.05814953,0.12],[-0.00827591,0.99972224,0.02207763,-0.03],[0.05834424,-0.02155804,0.99806464,-0.08]]]
[[[1143.6417236328125,0,984.280517578125],[0,1143.6417236328125,575.9307861328125],[0,0,1]],[[0.98966718,0.01582316,-0.14251378,0.13],[-0.01245464,0.99962276,0.0244976,-0.03],[0.14284769,-0.02246951,0.98949075,-0.1]]]
[[[1143.6417236328125,0,984.280517578125],[0,1143.6417236328125,575.9307861328125],[0,0,1]],[[0.97694272,0.02028736,-0.21254036,0.13],[-0.01513389,0.99955189,0.02584602,-0.04],[0.21296947,-0.0220335,0.97681159,-0.11]]]
[[[1143.6417236328125,0,984.280517578125],[0,1143.6417236328125,575.9307861328125],[0,0,1]],[[0.97611415,0.01957368,-0.21638018,0.16],[-0.0152976,0.99965417,0.02141928,-0.06],[0.21672462,-0.01759756,0.97607559,-0.11]]]
[[[1143.6417236328125,0,984.280517578125],[0,1143.6417236328125,575.9307861328125],[0,0,1]],[[0.98069805,0.02053425,-0.19445343,0.15],[-0.01586134,0.99954802,0.02555765,-0.05],[0.19489041,-0.02198004,0.98058009,-0.1]]]
[[[1143.6417236328125,0,984.280517578125],[0,1143.6417236328125,575.9307861328125],[0,0,1]],[[0.99964988,0.01075423,-0.02422855,0.26],[-0.01039339,0.99983436,0.01496994,-0.06],[0.02438564,-0.01471288,0.9995957,-0.11]]]
[[[1143.6417236328125,0,984.280517578125],[0,1143.6417236328125,575.9307861328125],[0,0,1]],[[0.99553543,0.00310115,0.09435244,0.27],[-0.00566538,0.99962205,0.02692151,-0.06],[-0.09423313,-0.02733586,0.99517614,-0.1]]]
[[[1143.6417236328125,0,984.280517578125],[0,1143.6417236328125,575.9307861328125],[0,0,1]],[[9.68956830e-01,-6.46919000e-03,2.47151700e-01,2.70000000e-01],[3.02385888e-05,9.99661326e-01,2.60475501e-02,-6.00000000e-02],[-2.47236220e-01,-2.52314700e-02,9.68628110e-01,-9.00000000e-02]]]
[[[1143.6417236328125,0,984.280517578125],[0,1143.6417236328125,575.9307861328125],[0,0,1]],[[0.94686615,-0.01049859,0.3214612,0.28],[0.00324542,0.99972874,0.02309072,-0.06],[-0.32161614,-0.02082054,0.9466427,-0.09]]]
[[[1143.6417236328125,0,984.280517578125],[0,1143.6417236328125,575.9307861328125],[0,0,1]],[[0.92154771,-0.0147023,0.38799077,0.29],[0.00636651,0.99972117,0.02276126,-0.06],[-0.38821694,-0.01850543,0.92138374,-0.08]]]
[[[1143.6417236328125,0,984.280517578125],[0,1143.6417236328125,575.9307861328125],[0,0,1]],[[0.92008895,-0.01546245,0.39140826,0.29],[0.00708233,0.99971437,0.02284484,-0.06],[-0.39164951,-0.01824719,0.91993499,-0.08]]]
[[[1143.6417236328125,0,984.280517578125],[0,1143.6417236328125,575.9307861328125],[0,0,1]],[[0.95272338,-0.0163384,0.30339935,0.08],[0.00324759,0.9990437,0.04360169,-0.],[-0.30382159,-0.04055504,0.95186538,0.04]]]
[[[1143.6417236328125,0,984.280517578125],[0,1143.6417236328125,575.9307861328125],[0,0,1]],[[0.95411289,-0.01747593,0.29893625,0.08],[0.00394733,0.99894279,0.04579993,0.],[-0.29942068,-0.04251832,0.95317334,0.03]]]
[[[1143.6417236328125,0,984.280517578125],[0,1143.6417236328125,575.9307861328125],[0,0,1]],[[0.98531181,-0.00920909,0.17051516,0.16],[0.00303294,0.99933094,0.03644567,-0.],[-0.17073683,-0.0353932,0.98468077,-0.04]]]
[[[1143.6417236328125,0,984.280517578125],[0,1143.6417236328125,575.9307861328125],[0,0,1]],[[9.99654949e-01,-9.95157054e-04,-2.62426734e-02,1.20000000e-01],[2.05615000e-03,9.99179960e-01,4.04342300e-02,-1.00000000e-02],[2.61808500e-02,-4.04742500e-02,9.98837530e-01,-5.00000000e-02]]]
[[[1143.6417236328125,0,984.280517578125],[0,1143.6417236328125,575.9307861328125],[0,0,1]],[[9.94611500e-01,3.91927000e-03,-1.03597840e-01,8.00000000e-02],[-2.41000205e-04,9.99369860e-01,3.54939327e-02,-0.00000000e+00],[1.03671600e-01,-3.52777000e-02,9.93985770e-01,-5.00000000e-02]]]
[[[1143.6417236328125,0,984.280517578125],[0,1143.6417236328125,575.9307861328125],[0,0,1]],[[9.88930460e-01,4.55822000e-03,-1.48309750e-01,8.00000000e-02],[2.60676141e-04,9.99473214e-01,3.24564837e-02,-1.00000000e-02],[1.48379460e-01,-3.21358600e-02,9.88408150e-01,-6.00000000e-02]]]
[[[1143.6417236328125,0,984.280517578125],[0,1143.6417236328125,575.9307861328125],[0,0,1]],[[9.79820850e-01,5.93526000e-03,-1.99790390e-01,8.00000000e-02],[2.75922275e-07,9.99559224e-01,2.96957046e-02,-1.00000000e-02],[1.99878450e-01,-2.90965200e-02,9.79388590e-01,-6.00000000e-02]]]
[[[1143.6417236328125,0,984.280517578125],[0,1143.6417236328125,575.9307861328125],[0,0,1]],[[0.9741323,0.0091667,-0.22579421,0.08],[-0.00220488,0.99951518,0.03106548,-0.01],[0.22596933,-0.02976403,0.9736796,-0.07]]]
[[[1143.6417236328125,0,984.280517578125],[0,1143.6417236328125,575.9307861328125],[0,0,1]],[[0.97373825,0.00966123,-0.22746693,0.08],[-0.00259847,0.999506,0.03132863,-0.01],[0.22765703,-0.0299148,0.97328168,-0.07]]]
[[[1143.6417236328125,0,984.280517578125],[0,1143.6417236328125,575.9307861328125],[0,0,1]],[[0.97397918,0.01076722,-0.22638318,0.08],[-0.00322642,0.99942869,0.03365356,-0.01],[0.22661601,-0.03204743,0.9734568,-0.07]]]
[[[1143.6417236328125,0,984.280517578125],[0,1143.6417236328125,575.9307861328125],[0,0,1]],[[0.97421551,0.00969451,-0.22541264,0.08],[-0.00298052,0.99954271,0.0301066,-0.01],[0.22560121,-0.02865844,0.9737981,-0.07]]]
[[[1143.6417236328125,0,984.280517578125],[0,1143.6417236328125,575.9307861328125],[0,0,1]],[[0.99491286,0.00587479,-0.10057272,0.17],[-0.00350237,0.99971229,0.02374938,-0.04],[0.10068315,-0.02327629,0.99464625,-0.09]]]
[[[1143.6417236328125,0,984.280517578125],[0,1143.6417236328125,575.9307861328125],[0,0,1]],[[9.98155120e-01,-1.86801000e-03,6.06925900e-02,1.90000000e-01],[-5.14424864e-05,9.99500692e-01,3.16089876e-02,-4.00000000e-02],[-6.07213500e-02,-3.15537800e-02,9.97655870e-01,-8.00000000e-02]]]
[[[1143.6417236328125,0,984.280517578125],[0,1143.6417236328125,575.9307861328125],[0,0,1]],[[0.98045945,-0.01322511,0.19627929,0.23],[0.00572558,0.99923402,0.0387269,-0.04],[-0.19664097,-0.03684632,0.97978324,-0.08]]]
[[[1143.6417236328125,0,984.280517578125],[0,1143.6417236328125,575.9307861328125],[0,0,1]],[[0.97226995,-0.01409193,0.23343951,0.23],[0.00567238,0.99931097,0.0366996,-0.04],[-0.23379564,-0.03435773,0.97167903,-0.08]]]
[[[1143.6417236328125,0,984.280517578125],[0,1143.6417236328125,575.9307861328125],[0,0,1]],[[0.93453765,-0.02001632,0.35530365,0.25],[0.00644127,0.99920559,0.0393489,-0.04],[-0.35580868,-0.03448439,0.93392301,-0.08]]]
[[[1143.6417236328125,0,984.280517578125],[0,1143.6417236328125,575.9307861328125],[0,0,1]],[[0.91697007,-0.0220274,0.39835042,0.27],[0.0093561,0.99938828,0.03372574,-0.04],[-0.39884916,-0.02719845,0.91661388,-0.07]]]
[[[1143.6417236328125,0,984.280517578125],[0,1143.6417236328125,575.9307861328125],[0,0,1]],[[0.91307658,-0.02471168,0.40704167,0.27],[0.01060975,0.99926484,0.03686602,-0.03],[-0.407653,-0.02934285,0.91266614,-0.05]]]
[[[1143.6417236328125,0,984.280517578125],[0,1143.6417236328125,575.9307861328125],[0,0,1]],[[0.92548531,-0.02183954,0.37815639,0.25],[0.01147089,0.99949533,0.02965011,-0.02],[-0.37861279,-0.02310293,0.92526758,-0.06]]]
[[[1143.6417236328125,0,984.280517578125],[0,1143.6417236328125,575.9307861328125],[0,0,1]],[[0.97844493,-0.01617539,0.20587879,0.16],[0.01016902,0.999493,0.03019914,-0.03],[-0.2062629,-0.02745458,0.97811216,-0.08]]]
[[[1143.6417236328125,0,984.280517578125],[0,1143.6417236328125,575.9307861328125],[0,0,1]],[[0.98989707,-0.01142604,0.14133435,0.16],[0.0076934,0.99960846,0.02692824,-0.03],[-0.14158681,-0.02556883,0.98959643,-0.09]]]
[[[1143.6417236328125,0,984.280517578125],[0,1143.6417236328125,575.9307861328125],[0,0,1]],[[0.9999603,-0.00740862,-0.00516153,0.16],[0.00757088,0.99945486,0.03216203,-0.03],[0.00492022,-0.03219981,0.99947041,-0.08]]]
[[[1143.6417236328125,0,984.280517578125],[0,1143.6417236328125,575.9307861328125],[0,0,1]],[[0.99549729,-0.00184984,-0.09478359,0.13],[0.00441812,0.99962938,0.02689363,-0.02],[0.09469844,-0.02719128,0.99513566,-0.08]]]
[[[1143.6417236328125,0,984.280517578125],[0,1143.6417236328125,575.9307861328125],[0,0,1]],[[9.90173340e-01,-1.09130175e-04,-1.39853507e-01,1.20000000e-01],[3.78184000e-03,9.99655720e-01,2.59956400e-02,-2.00000000e-02],[1.39802200e-01,-2.62690700e-02,9.89832040e-01,-9.00000000e-02]]]
[[[1143.6417236328125,0,984.280517578125],[0,1143.6417236328125,575.9307861328125],[0,0,1]],[[0.98853934,-0.00225671,-0.15095469,0.13],[0.00563687,0.99974376,0.02196776,-0.02],[0.15086612,-0.0225669,0.98829782,-0.09]]]
[[[1143.6417236328125,0,984.280517578125],[0,1143.6417236328125,575.9307861328125],[0,0,1]],[[9.82046723e-01,-5.55699400e-04,-1.88644752e-01,1.20000000e-01],[4.25806000e-03,9.99807120e-01,1.92214200e-02,-2.00000000e-02],[1.88597320e-01,-1.96795800e-02,9.81858550e-01,-1.00000000e-01]]]
[[[1143.6417236328125,0,984.280517578125],[0,1143.6417236328125,575.9307861328125],[0,0,1]],[[9.81650174e-01,-7.94029969e-04,-1.90697327e-01,1.30000000e-01],[4.48714000e-03,9.99811710e-01,1.89353600e-02,-3.00000000e-02],[1.90646020e-01,-1.94435700e-02,9.81467720e-01,-1.00000000e-01]]]
[[[1143.6417236328125,0,984.280517578125],[0,1143.6417236328125,575.9307861328125],[0,0,1]],[[9.78870869e-01,5.66195638e-04,-2.04487383e-01,1.20000000e-01],[3.33675000e-03,9.99819990e-01,1.87411900e-02,-3.00000000e-02],[2.04460770e-01,-1.90275100e-02,9.78691340e-01,-1.00000000e-01]]]
[[[1143.6417236328125,0,984.280517578125],[0,1143.6417236328125,575.9307861328125],[0,0,1]],[[9.90136560e-01,3.17696000e-03,-1.40082400e-01,9.00000000e-02],[8.61321809e-04,9.99587238e-01,2.87578758e-02,-2.00000000e-02],[1.40115590e-01,-2.85948500e-02,9.89723620e-01,-8.00000000e-02]]]
[[[1143.6417236328125,0,984.280517578125],[0,1143.6417236328125,575.9307861328125],[0,0,1]],[[0.9969911,-0.00721542,0.07720313,0.11],[0.00419842,0.99922496,0.03916998,-0.01],[-0.07742595,-0.03872793,0.99624711,-0.07]]]
[[[1143.6417236328125,0,984.280517578125],[0,1143.6417236328125,575.9307861328125],[0,0,1]],[[0.97757822,-0.01732871,0.20986687,0.17],[0.00885912,0.99911159,0.04123011,-0.01],[-0.21039467,-0.03844637,0.97686172,-0.06]]]
