[[[1499.00146484375,0,999.3839111328125],[0,1499.00146484375,590.6411743164062],[0,0,1]],[[0.99982473,0.,0.00109864,0.],[0.01868949,0.99293807,-0.11715242,0.],[0.00109864,0.11715242,0.99311334,0.]]]
[[[1499.00146484375,0,999.3839111328125],[0,1499.00146484375,590.6411743164062],[0,0,1]],[[9.99827266e-01,-1.70564665e-05,7.46061496e-04,0.00000000e+00],[1.85304724e-02,9.92937684e-01,-1.17180956e-01,-0.00000000e+00],[1.43537517e-03,1.17174540e-01,9.93110299e-01,0.00000000e+00]]]
[[[1499.00146484375,0,999.3839111328125],[0,1499.00146484375,590.6411743164062],[0,0,1]],[[9.99824405e-01,-1.70271927e-05,7.54908196e-04,-0.00000000e+00],[1.86835216e-02,9.92936731e-01,-1.17164734e-01,0.00000000e+00],[1.44422170e-03,1.17158264e-01,9.93112207e-01,-5.00000000e-02]]]
[[[1499.00146484375,0,999.3839111328125],[0,1499.00146484375,590.6411743164062],[0,0,1]],[[0.99982494,0.,0.00109662,-0.],[0.01867845,0.99295545,-0.11700682,0.],[0.00109662,0.11700682,0.99313051,-0.05]]]
[[[1499.00146484375,0,999.3839111328125],[0,1499.00146484375,590.6411743164062],[0,0,1]],[[9.99826849e-01,-1.70172798e-05,7.45473386e-04,-0.00000000e+00],[1.85530153e-02,9.92961258e-01,-1.16977457e-01,0.00000000e+00],[1.43479113e-03,1.16971033e-01,9.93134290e-01,-5.00000000e-02]]]
[[[1499.00146484375,0,999.3839111328125],[0,1499.00146484375,590.6411743164062],[0,0,1]],[[9.99823689e-01,-1.69830519e-05,7.55101606e-04,-1.00000000e-02],[1.87217420e-02,9.92961526e-01,-1.16948294e-01,0.00000000e+00],[1.44441939e-03,1.16941812e-01,9.93137718e-01,-5.00000000e-02]]]
[[[1499.00146484375,0,999.3839111328125],[0,1499.00146484375,590.6411743164062],[0,0,1]],[[0.99982107,0.,0.00110798,-0.01],[0.01888403,0.9929603,-0.11693258,0.],[0.00110798,0.11693258,0.99313924,-0.05]]]
[[[1499.00146484375,0,999.3839111328125],[0,1499.00146484375,590.6411743164062],[0,0,1]],[[9.99827325e-01,-1.20294787e-05,8.44518650e-04,-1.00000000e-02],[1.85349801e-02,9.92967934e-01,-1.16923642e-01,0.00000000e+00],[1.33194075e-03,1.16919106e-01,9.93140549e-01,-5.00000000e-02]]]
[[[1499.00146484375,0,999.3839111328125],[0,1499.00146484375,590.6411743164062],[0,0,1]],[[0.99982998,0.,0.00108241,-0.01],[0.01840771,0.99293902,-0.11718895,0.],[0.00108241,0.11718895,0.99310905,-0.05]]]
[[[1499.00146484375,0,999.3839111328125],[0,1499.00146484375,590.6411743164062],[0,0,1]],[[9.99828875e-01,-2.09164040e-05,6.63757804e-04,-1.00000000e-02],[1.84376390e-02,9.92934942e-01,-1.17218829e-01,0.00000000e+00],[1.50799058e-03,1.17211008e-01,9.93105888e-01,-5.00000000e-02]]]
[[[1499.00146484375,0,999.3839111328125],[0,1499.00146484375,590.6411743164062],[0,0,1]],[[9.99840021e-01,-9.37702696e-05,-8.00500888e-04,-1.00000000e-02],[1.76481060e-02,9.92802173e-01,-1.18458389e-01,0.00000000e+00],[2.91143928e-03,1.18425311e-01,9.92958695e-01,-5.00000000e-02]]]
[[[1499.00146484375,0,999.3839111328125],[0,1499.00146484375,590.6411743164062],[0,0,1]],[[0.99930072,-0.00170529,-0.03190401,-0.01],[0.01550905,0.9925501,-0.12084601,0.],[0.03402269,0.1202667,0.99215844,-0.05]]]
[[[1499.00146484375,0,999.3839111328125],[0,1499.00146484375,590.6411743164062],[0,0,1]],[[0.99057016,-0.00679859,-0.13364777,-0.02],[0.01357656,0.99228555,-0.1232277,-0.],[0.1363321,0.12025121,0.98333779,-0.01]]]
[[[1499.00146484375,0,999.3839111328125],[0,1499.00146484375,590.6411743164062],[0,0,1]],[[0.97770441,-0.0101004,-0.20638168,-0.02],[0.01306903,0.99215615,-0.12431966,-0.],[0.20957884,0.11885067,0.97054172,-0.01]]]
[[[1499.00146484375,0,999.3839111328125],[0,1499.00146484375,590.6411743164062],[0,0,1]],[[0.92413477,-0.02012072,-0.37903808,-0.02],[-0.0014733,0.99161795,-0.12919627,-0.],[0.38206383,0.11995321,0.91631788,-0.01]]]
[[[1499.00146484375,0,999.3839111328125],[0,1499.00146484375,590.6411743164062],[0,0,1]],[[0.88406491,-0.02556633,-0.46454216,-0.02],[-0.01008294,0.99163783,-0.12865752,-0.],[0.46725535,0.11842555,0.87615514,-0.01]]]
[[[1499.00146484375,0,999.3839111328125],[0,1499.00146484375,590.6411743164062],[0,0,1]],[[0.883719,-0.02447421,-0.46502208,-0.02],[-0.00738874,0.99189907,-0.12681339,-0.],[0.46795956,0.11550333,0.87616941,-0.01]]]
[[[1499.00146484375,0,999.3839111328125],[0,1499.00146484375,590.6411743164062],[0,0,1]],[[0.9099994,-0.02092393,-0.4118635,-0.04],[-0.00374209,0.99239257,-0.12305683,-0.03],[0.41459267,0.11352287,0.90289837,-0.04]]]
[[[1499.00146484375,0,999.3839111328125],[0,1499.00146484375,590.6411743164062],[0,0,1]],[[0.95440704,-0.01439463,-0.29610837,-0.32],[0.00279395,0.99304733,-0.11768262,-0.8],[0.29849521,0.11148981,0.9478769,0.57]]]
[[[1499.00146484375,0,999.3839111328125],[0,1499.00146484375,590.6411743164062],[0,0,1]],[[0.99373221,-0.00541872,-0.10931556,-0.33],[0.01064912,0.99324104,-0.1155804,-0.8],[0.11127841,0.11369186,0.98726454,0.58]]]
[[[1499.00146484375,0,999.3839111328125],[0,1499.00146484375,590.6411743164062],[0,0,1]],[[9.99785125e-01,-7.06429755e-04,-1.31718014e-02,-3.30000000e-01],[1.43793865e-02,9.93203104e-01,-1.15502508e-01,-8.20000000e-01],[1.49310609e-02,1.15288287e-01,9.93219853e-01,6.20000000e-01]]]
[[[1499.00146484375,0,999.3839111328125],[0,1499.00146484375,590.6411743164062],[0,0,1]],[[0.99400598,0.00583658,0.10927285,-0.33],[0.01614175,0.99312547,-0.11593639,-0.82],[-0.10812751,0.11700532,0.98722753,0.62]]]
[[[1499.00146484375,0,999.3839111328125],[0,1499.00146484375,590.6411743164062],[0,0,1]],[[0.99377537,0.00600072,0.11132842,-0.33],[0.01725105,0.99289182,-0.11776348,-0.82],[-0.11005871,0.11895098,0.98678151,0.62]]]
[[[1499.00146484375,0,999.3839111328125],[0,1499.00146484375,590.6411743164062],[0,0,1]],[[0.99823803,0.0032007,0.05883192,-0.33],[0.01478182,0.99260211,-0.12050954,-0.82],[-0.05746598,0.12116685,0.99096733,0.62]]]
[[[1499.00146484375,0,999.3839111328125],[0,1499.00146484375,590.6411743164062],[0,0,1]],[[0.99730468,-0.00373245,-0.07015668,-0.33],[0.01278951,0.99244046,-0.12205882,-0.82],[0.07224823,0.12083257,0.99004024,0.62]]]
[[[1499.00146484375,0,999.3839111328125],[0,1499.00146484375,590.6411743164062],[0,0,1]],[[0.97564963,-0.01061401,-0.21610697,-0.34],[0.01091231,0.99235994,-0.12289295,-0.79],[0.21906329,0.11754223,0.96860471,-0.01]]]
[[[1499.00146484375,0,999.3839111328125],[0,1499.00146484375,590.6411743164062],[0,0,1]],[[0.95757091,-0.01360409,-0.28484676,-0.33],[0.00887332,0.99238682,-0.12284001,-0.83],[0.28806115,0.11510049,0.95066958,-0.03]]]
[[[1499.00146484375,0,999.3839111328125],[0,1499.00146484375,590.6411743164062],[0,0,1]],[[0.92261087,-0.01932073,-0.38229603,-0.27],[0.00202084,0.99172246,-0.12838407,-0.82],[0.3857267,0.11767598,0.91507774,0.05]]]
[[[1499.00146484375,0,999.3839111328125],[0,1499.00146484375,590.6411743164062],[0,0,1]],[[0.91631702,-0.0191521,-0.39687931,-0.27],[0.00325163,0.99203351,-0.12593228,-0.82],[0.40044044,0.11410339,0.90919077,0.05]]]
[[[1499.00146484375,0,999.3839111328125],[0,1499.00146484375,590.6411743164062],[0,0,1]],[[0.9220382,-0.01825935,-0.38366436,-0.27],[0.00381007,0.99228573,-0.12391334,-0.82],[0.38708014,0.11279104,0.91512138,0.03]]]
[[[1499.00146484375,0,999.3839111328125],[0,1499.00146484375,590.6411743164062],[0,0,1]],[[0.95487654,-0.01296574,-0.29358625,-0.27],[0.01058013,0.99301326,-0.11752753,-0.82],[0.2968145,0.1091181,0.94868034,0.03]]]
[[[1499.00146484375,0,999.3839111328125],[0,1499.00146484375,590.6411743164062],[0,0,1]],[[0.97664511,-0.00940542,-0.21132497,-0.27],[0.0142634,0.99309349,-0.11645546,-0.82],[0.21438489,0.11072144,0.97045344,0.03]]]
[[[1499.00146484375,0,999.3839111328125],[0,1499.00146484375,590.6411743164062],[0,0,1]],[[0.99951893,-0.00119942,-0.02374926,-0.28],[0.01708692,0.99321058,-0.11506856,-0.82],[0.02588328,0.1146074,0.99307361,0.03]]]
[[[1499.00146484375,0,999.3839111328125],[0,1499.00146484375,590.6411743164062],[0,0,1]],[[0.99736315,0.00367223,0.07194307,-0.28],[0.01785993,0.99309355,-0.11595785,-0.82],[-0.07034038,0.11693699,0.99064523,0.03]]]
[[[1499.00146484375,0,999.3839111328125],[0,1499.00146484375,590.6411743164062],[0,0,1]],[[0.99746186,0.00366072,0.0705526,-0.28],[0.01788536,0.99288252,-0.11774725,-0.82],[-0.06891996,0.11871025,0.99053416,0.03]]]
[[[1499.00146484375,0,999.3839111328125],[0,1499.00146484375,590.6411743164062],[0,0,1]],[[0.99947619,0.00154352,0.02970885,-0.28],[0.01634355,0.99250987,-0.12106627,-0.82],[-0.02793251,0.1214884,0.99219975,0.03]]]
[[[1499.00146484375,0,999.3839111328125],[0,1499.00146484375,590.6411743164062],[0,0,1]],[[0.99611771,-0.00442558,-0.08456771,-0.27],[0.01394356,0.99234995,-0.12266681,-0.82],[0.08691998,0.12101141,0.98883829,0.04]]]
[[[1499.00146484375,0,999.3839111328125],[0,1499.00146484375,590.6411743164062],[0,0,1]],[[0.98774657,-0.00778759,-0.15290164,-0.27],[0.01230107,0.99227267,-0.12346507,-0.82],[0.15558087,0.12007134,0.98049858,0.04]]]
[[[1499.00146484375,0,999.3839111328125],[0,1499.00146484375,590.6411743164062],[0,0,1]],[[0.94596753,-0.01615562,-0.32116577,-0.27],[0.00424019,0.99207383,-0.12558475,-0.82],[0.32423365,0.1174373,0.93865917,0.04]]]
[[[1499.00146484375,0,999.3839111328125],[0,1499.00146484375,590.6411743164062],[0,0,1]],[[0.92201069,-0.02033135,-0.38413722,-0.28],[-0.00172974,0.99165705,-0.12889262,-0.83],[0.38716056,0.11950483,0.91423482,0.04]]]
[[[1499.00146484375,0,999.3839111328125],[0,1499.00146484375,590.6411743164062],[0,0,1]],[[0.90086359,-0.02089113,-0.43024538,-0.28],[0.00225908,0.99172536,-0.12835777,-0.79],[0.43409641,0.11466088,0.8935397,0.04]]]
[[[1499.00146484375,0,999.3839111328125],[0,1499.00146484375,590.6411743164062],[0,0,1]],[[0.90991283,-0.01951797,-0.41133282,-0.28],[0.0023511,0.99229193,-0.12389997,-0.78],[0.41479286,0.11177109,0.90302498,0.02]]]
[[[1499.00146484375,0,999.3839111328125],[0,1499.00146484375,590.6411743164062],[0,0,1]],[[0.92289689,-0.01840728,-0.38187791,-0.27],[0.00218117,0.99242264,-0.12285172,-0.77],[0.38504099,0.11254653,0.9160113,-0.02]]]
[[[1499.00146484375,0,999.3839111328125],[0,1499.00146484375,590.6411743164062],[0,0,1]],[[0.96769083,-0.01090215,-0.24856956,-0.27],[0.01337625,0.99306059,-0.11684068,-0.77],[0.25178472,0.10974072,0.96154118,-0.06]]]
[[[1499.00146484375,0,999.3839111328125],[0,1499.00146484375,590.6411743164062],[0,0,1]],[[0.99887371,-0.00212936,-0.04277714,-0.31],[0.01547808,0.99321926,-0.11522125,-0.79],[0.04485242,0.11442937,0.99241835,0.12]]]
[[[1499.00146484375,0,999.3839111328125],[0,1499.00146484375,590.6411743164062],[0,0,1]],[[0.99902797,0.00214126,0.04261048,-0.32],[0.01614851,0.99318123,-0.1154568,-0.8],[-0.04101641,0.11603266,0.99239814,0.13]]]
[[[1499.00146484375,0,999.3839111328125],[0,1499.00146484375,590.6411743164062],[0,0,1]],[[0.99439418,0.00561965,0.10562542,-0.31],[0.01725196,0.99299824,-0.11686257,-0.8],[-0.1043196,0.11802971,0.98751527,0.13]]]
[[[1499.00146484375,0,999.3839111328125],[0,1499.00146484375,590.6411743164062],[0,0,1]],[[0.99526227,0.00537175,0.09712171,-0.31],[0.01626855,0.99257293,-0.12055831,-0.8],[-0.09585592,0.12156717,0.98794386,0.14]]]
[[[1499.00146484375,0,999.3839111328125],[0,1499.00146484375,590.6411743164062],[0,0,1]],[[0.99678516,0.00446913,0.07996273,-0.31],[0.01475729,0.99247789,-0.12153128,-0.8],[-0.07874997,0.12232061,0.98936147,0.14]]]
[[[1499.00146484375,0,999.3839111328125],[0,1499.00146484375,590.6411743164062],[0,0,1]],[[9.99880254e-01,4.32678243e-04,8.64939283e-03,-3.10000000e-01],[1.38021471e-02,9.92256164e-01,-1.23439078e-01,-8.00000000e-01],[-6.99841957e-03,1.23543677e-01,9.92314458e-01,1.30000000e-01]]]
[[[1499.00146484375,0,999.3839111328125],[0,1499.00146484375,590.6411743164062],[0,0,1]],[[0.99831527,-0.00300388,-0.0545394,-0.31],[0.01288076,0.99214539,-0.12442513,-0.8],[0.05657472,0.123513,0.99072894,0.13]]]
[[[1499.00146484375,0,999.3839111328125],[0,1499.00146484375,590.6411743164062],[0,0,1]],[[0.97823492,-0.01043483,-0.20435516,-0.45],[0.01028873,0.99204391,-0.12547118,-1.18],[0.20724523,0.12063774,0.97082231,0.11]]]
[[[1499.00146484375,0,999.3839111328125],[0,1499.00146484375,590.6411743164062],[0,0,1]],[[0.94003383,-0.01771262,-0.33799814,-0.45],[0.00194769,0.99166474,-0.12883035,-1.18],[0.34107568,0.12044657,0.93228752,0.11]]]
[[[1499.00146484375,0,999.3839111328125],[0,1499.00146484375,590.6411743164062],[0,0,1]],[[9.26186437e-01,-1.97282045e-02,-3.73874132e-01,-4.20000000e-01],[-6.94179139e-05,9.91513133e-01,-1.30006543e-01,-1.22000000e+00],[3.77065880e-01,1.20436250e-01,9.18322618e-01,5.00000000e-02]]]
[[[1499.00146484375,0,999.3839111328125],[0,1499.00146484375,590.6411743164062],[0,0,1]],[[0.91729781,-0.01964224,-0.39466291,-0.47],[0.00222679,0.99177951,-0.12793926,-1.3],[0.39819565,0.11647958,0.90987513,0.11]]]
[[[1499.00146484375,0,999.3839111328125],[0,1499.00146484375,590.6411743164062],[0,0,1]],[[0.93300278,-0.01763722,-0.35671407,-0.47],[0.00288924,0.99219045,-0.12469869,-1.3],[0.35985756,0.11531359,0.92585382,0.11]]]
[[[1499.00146484375,0,999.3839111328125],[0,1499.00146484375,590.6411743164062],[0,0,1]],[[0.95095203,-0.01434335,-0.30621483,-0.47],[0.00709753,0.99273461,-0.12011502,-1.31],[0.30925698,0.11205025,0.94435421,0.12]]]
[[[1499.00146484375,0,999.3839111328125],[0,1499.00146484375,590.6411743164062],[0,0,1]],[[0.9949227,-0.00469563,-0.09700371,-0.47],[0.01534186,0.99299526,-0.1171539,-1.31],[0.09946584,0.11507086,0.98836494,0.11]]]
[[[1499.00146484375,0,999.3839111328125],[0,1499.00146484375,590.6411743164062],[0,0,1]],[[9.99788582e-01,6.76713662e-04,1.42215911e-02,-3.00000000e-02],[1.64126139e-02,9.93008196e-01,-1.16898877e-01,-1.40000000e+00],[-1.23861511e-02,1.17107576e-01,9.93041992e-01,1.90000000e-01]]]
[[[1499.00146484375,0,999.3839111328125],[0,1499.00146484375,590.6411743164062],[0,0,1]],[[0.99368972,0.00605199,0.11207621,-0.02],[0.01778546,0.99280667,-0.11840011,-1.4],[-0.11074487,0.1196463,0.98662066,0.21]]]
[[[1499.00146484375,0,999.3839111328125],[0,1499.00146484375,590.6411743164062],[0,0,1]],[[0.99456578,0.0058214,0.10401327,-0.1],[0.0172615,0.99235058,-0.12223898,-1.5],[-0.10266908,0.12337014,0.98703539,0.3]]]
[[[1499.00146484375,0,999.3839111328125],[0,1499.00146484375,590.6411743164062],[0,0,1]],[[0.99576938,0.00521327,0.09178174,-0.1],[0.01576187,0.99224114,-0.12332508,-1.5],[-0.0905257,0.12424999,0.98811287,0.3]]]
[[[1499.00146484375,0,999.3839111328125],[0,1499.00146484375,590.6411743164062],[0,0,1]],[[0.99908453,0.00238508,0.04206674,-0.11],[0.01297918,0.99209237,-0.12483697,-1.5],[-0.0407632,0.12526867,0.99128509,0.3]]]
[[[1499.00146484375,0,999.3839111328125],[0,1499.00146484375,590.6411743164062],[0,0,1]],[[0.99754852,-0.00372205,-0.06663863,-0.08],[0.01275451,0.99182296,-0.12698246,-1.54],[0.06880605,0.12582122,0.98966396,0.35]]]
[[[1499.00146484375,0,999.3839111328125],[0,1499.00146484375,590.6411743164062],[0,0,1]],[[0.96631608,-0.0130164,-0.25409658,-0.13],[0.00838415,0.99179846,-0.12753635,-1.52],[0.2572216,0.12111004,0.95873323,0.19]]]
[[[1499.00146484375,0,999.3839111328125],[0,1499.00146484375,590.6411743164062],[0,0,1]],[[9.37286411e-01,-1.89248063e-02,-3.45630417e-01,1.00000000e-02],[-7.34870327e-04,9.91336852e-01,-1.31341940e-01,-1.25000000e+00],[3.48559386e-01,1.23359010e-01,9.29133419e-01,-6.70000000e-01]]]
[[[1499.00146484375,0,999.3839111328125],[0,1499.00146484375,590.6411743164062],[0,0,1]],[[9.09229750e-01,-2.13459754e-02,-4.12814727e-01,2.00000000e-02],[-5.66903589e-04,9.91479992e-01,-1.30257834e-01,-1.25000000e+00],[4.16294284e-01,1.18668324e-01,9.01452654e-01,-6.70000000e-01]]]
[[[1499.00146484375,0,999.3839111328125],[0,1499.00146484375,590.6411743164062],[0,0,1]],[[9.10335956e-01,-2.06717007e-02,-4.10343749e-01,3.00000000e-02],[7.31350723e-04,9.91687565e-01,-1.28667164e-01,-1.25000000e+00],[4.13869455e-01,1.16830242e-01,9.02808276e-01,-7.20000000e-01]]]
[[[1499.00146484375,0,999.3839111328125],[0,1499.00146484375,590.6411743164062],[0,0,1]],[[0.93228829,-0.01771973,-0.35843939,0.03],[0.00341179,0.99207807,-0.12557655,-1.25],[0.36170001,0.11585063,0.9250685,-0.76]]]
[[[1499.00146484375,0,999.3839111328125],[0,1499.00146484375,590.6411743164062],[0,0,1]],[[0.9814812,-0.00888778,-0.18808953,0.03],[0.01371369,0.99268281,-0.11996985,-1.25],[0.19106699,0.11516875,0.97479719,-0.76]]]
[[[1499.00146484375,0,999.3839111328125],[0,1499.00146484375,590.6411743164062],[0,0,1]],[[0.99843782,0.00291784,0.0550813,0.03],[0.01590444,0.99273631,-0.11925463,-1.26],[-0.05356272,0.11994437,0.99133465,-0.75]]]
[[[1499.00146484375,0,999.3839111328125],[0,1499.00146484375,590.6411743164062],[0,0,1]],[[0.98332596,0.01039947,0.18181389,0.03],[0.01843993,0.99260378,-0.11999045,-1.26],[-0.18091442,0.12134236,0.97598463,-0.74]]]
[[[1499.00146484375,0,999.3839111328125],[0,1499.00146484375,590.6411743164062],[0,0,1]],[[0.98072001,0.01159521,0.19531984,0.11],[0.01817596,0.99227112,-0.12275035,-1.22],[-0.19457104,0.12393385,0.9730275,-1.29]]]
[[[1499.00146484375,0,999.3839111328125],[0,1499.00146484375,590.6411743164062],[0,0,1]],[[0.98808545,0.00934898,0.15384135,0.12],[0.01504778,0.99198297,-0.12547254,-1.22],[-0.15316889,0.12629257,0.98009667,-1.3]]]
[[[1499.00146484375,0,999.3839111328125],[0,1499.00146484375,590.6411743164062],[0,0,1]],[[9.99878705e-01,5.99352956e-04,1.10218561e-02,1.20000000e-01],[1.23233421e-02,9.91723121e-01,-1.27802145e-01,-1.22000000e+00],[-9.52425498e-03,1.27922470e-01,9.91738439e-01,-1.35000000e+00]]]
[[[1499.00146484375,0,999.3839111328125],[0,1499.00146484375,590.6411743164062],[0,0,1]],[[0.97449151,-0.01171138,-0.22142985,0.12],[0.00806208,0.99171957,-0.12816899,-1.22],[0.22427954,0.12311441,0.96671689,-1.35]]]
[[[1499.00146484375,0,999.3839111328125],[0,1499.00146484375,590.6411743164062],[0,0,1]],[[9.02304027e-01,-2.21818193e-02,-4.27452817e-01,1.20000000e-01],[-8.86033529e-04,9.91296351e-01,-1.31646346e-01,-1.22000000e+00],[4.31099371e-01,1.19163766e-01,8.94401106e-01,-1.35000000e+00]]]
[[[1499.00146484375,0,999.3839111328125],[0,1499.00146484375,590.6411743164062],[0,0,1]],[[8.80232902e-01,-2.30138562e-02,-4.70482309e-01,1.20000000e-01],[2.22905068e-04,9.91499096e-01,-1.30113382e-01,-1.22000000e+00],[4.74541850e-01,1.14425206e-01,8.72763933e-01,-1.35000000e+00]]]
[[[1499.00146484375,0,999.3839111328125],[0,1499.00146484375,590.6411743164062],[0,0,1]],[[0.88260622,-0.02198304,-0.4660043,0.12],[0.00205656,0.99175993,-0.1280938,-1.21],[0.47010856,0.11209802,0.87546102,-1.35]]]
[[[1499.00146484375,0,999.3839111328125],[0,1499.00146484375,590.6411743164062],[0,0,1]],[[0.90381982,-0.02015966,-0.4241939,0.13],[0.00271802,0.99204352,-0.12586603,-1.15],[0.42790458,0.11260724,0.89678162,-1.43]]]
[[[1499.00146484375,0,999.3839111328125],[0,1499.00146484375,590.6411743164062],[0,0,1]],[[0.95609468,-0.01345626,-0.28985059,0.13],[0.00857986,0.99276152,-0.11979544,-1.15],[0.29293234,0.1120489,0.94954499,-1.45]]]
[[[1499.00146484375,0,999.3839111328125],[0,1499.00146484375,590.6411743164062],[0,0,1]],[[0.99604672,0.004769,0.08855026,-0.05],[0.01768585,0.99263501,-0.11984551,-1.28],[-0.08705251,0.12093781,0.98883563,-0.74]]]
[[[1499.00146484375,0,999.3839111328125],[0,1499.00146484375,590.6411743164062],[0,0,1]],[[0.97862312,0.01202834,0.20557657,-0.05],[0.01955429,0.99237797,-0.12167006,-1.29],[-0.20473011,0.12308903,0.97104824,-0.72]]]
[[[1499.00146484375,0,999.3839111328125],[0,1499.00146484375,590.6411743164062],[0,0,1]],[[0.97991961,0.01190449,0.19928189,-0.05],[0.01833197,0.99220303,-0.12327649,-1.29],[-0.19854847,0.12445428,0.97215721,-0.72]]]
[[[1499.00146484375,0,999.3839111328125],[0,1499.00146484375,590.6411743164062],[0,0,1]],[[0.99148613,0.00785533,0.13018496,-0.05],[0.01376822,0.99203643,-0.12519646,-1.29],[-0.12948237,0.12592297,0.98355362,-0.72]]]
[[[1499.00146484375,0,999.3839111328125],[0,1499.00146484375,590.6411743164062],[0,0,1]],[[0.99834114,-0.0031381,-0.05480759,-0.05],[0.01057205,0.99189377,-0.12662932,-1.29],[0.05659676,0.12583983,0.99043482,-0.72]]]
[[[1499.00146484375,0,999.3839111328125],[0,1499.00146484375,590.6411743164062],[0,0,1]],[[0.96693185,-0.01292667,-0.25181912,-0.05],[0.0082329,0.9918175,-0.12739803,-1.29],[0.25490196,0.12111201,0.95935232,-0.72]]]
[[[1499.00146484375,0,999.3839111328125],[0,1499.00146484375,590.6411743164062],[0,0,1]],[[9.10897254e-01,-2.07928794e-02,-4.09125598e-01,-5.00000000e-02],[4.19429578e-04,9.91619349e-01,-1.29193230e-01,-1.29000000e+00],[4.12633019e-01,1.17510158e-01,9.03285860e-01,-7.50000000e-01]]]
[[[1499.00146484375,0,999.3839111328125],[0,1499.00146484375,590.6411743164062],[0,0,1]],[[0.91032702,-0.01965184,-0.41030565,-0.05],[0.00269315,0.99209735,-0.12544162,-1.29],[0.41388097,0.11308788,0.9032794,-0.76]]]
[[[1499.00146484375,0,999.3839111328125],[0,1499.00146484375,590.6411743164062],[0,0,1]],[[0.94439852,-0.01530454,-0.32560959,-0.06],[0.00631853,0.99262798,-0.12103625,-1.3],[0.32874234,0.11224908,0.93772524,-0.85]]]
[[[1499.00146484375,0,999.3839111328125],[0,1499.00146484375,590.6411743164062],[0,0,1]],[[9.99757946e-01,8.70195454e-04,1.77044121e-02,-6.00000000e-02],[1.50399754e-02,9.93057579e-01,-1.16663804e-01,-1.30000000e+00],[-1.60576905e-02,1.16901839e-01,9.93013651e-01,-8.60000000e-01]]]
[[[1499.00146484375,0,999.3839111328125],[0,1499.00146484375,590.6411743164062],[0,0,1]],[[0.98424208,0.00998923,0.17677769,-0.05],[0.01697956,0.99289072,-0.11781223,-1.3],[-0.17600914,0.11895736,0.97717446,-0.86]]]
[[[1499.00146484375,0,999.3839111328125],[0,1499.00146484375,590.6411743164062],[0,0,1]],[[0.98311174,0.01071411,0.18291392,-0.04],[0.01661166,0.9925338,-0.12083336,-1.3],[-0.18225082,0.1218312,0.97567505,-0.86]]]
[[[1499.00146484375,0,999.3839111328125],[0,1499.00146484375,590.6411743164062],[0,0,1]],[[0.99701649,0.0046584,0.07717404,0.04],[0.01132447,0.9918552,-0.12686612,-1.25],[-0.07635363,0.12736156,0.98891312,-0.87]]]
[[[1499.00146484375,0,999.3839111328125],[0,1499.00146484375,590.6411743164062],[0,0,1]],[[0.99112758,-0.0072095,-0.13056813,0.04],[0.00824521,0.99195924,-0.12628885,-1.25],[0.13265797,0.1240918,0.98336315,-0.87]]]
[[[1499.00146484375,0,999.3839111328125],[0,1499.00146484375,590.6411743164062],[0,0,1]],[[0.94597215,-0.01650701,-0.321005,0.05],[0.00438505,0.99171296,-0.12839853,-1.25],[0.32421825,0.12005381,0.93833343,-0.87]]]
[[[1499.00146484375,0,999.3839111328125],[0,1499.00146484375,590.6411743164062],[0,0,1]],[[0.90314662,-0.02094888,-0.42559686,0.05],[0.00152406,0.99171531,-0.12844617,-1.26],[0.42932954,0.11535709,0.89575046,-0.87]]]
[[[1499.00146484375,0,999.3839111328125],[0,1499.00146484375,590.6411743164062],[0,0,1]],[[0.90232932,-0.01946181,-0.42710584,0.05],[0.00494692,0.99218798,-0.12465371,-1.25],[0.43101894,0.11036584,0.89556801,-0.87]]]
[[[1499.00146484375,0,999.3839111328125],[0,1499.00146484375,590.6411743164062],[0,0,1]],[[0.93618992,-0.01580542,-0.34789962,0.04],[0.00799479,0.99255401,-0.12154267,-1.26],[0.35140363,0.11100564,0.92961994,-0.89]]]
[[[1499.00146484375,0,999.3839111328125],[0,1499.00146484375,590.6411743164062],[0,0,1]],[[0.98318941,-0.00811422,-0.17880333,0.04],[0.01592913,0.99291,-0.11779643,-1.25],[0.18189243,0.11296802,0.97680774,-0.9]]]
[[[1499.00146484375,0,999.3839111328125],[0,1499.00146484375,590.6411743164062],[0,0,1]],[[0.99893934,0.00228485,0.04464028,-0.01],[0.01646971,0.99294344,-0.1174397,-1.3],[-0.04299945,0.11805035,0.99207619,-0.82]]]
[[[1499.00146484375,0,999.3839111328125],[0,1499.00146484375,590.6411743164062],[0,0,1]],[[0.98882306,0.00826613,0.14909345,-0.],[0.01824775,0.99274218,-0.1188696,-1.31],[-0.14797291,0.12026162,0.98165226,-0.81]]]
[[[1499.00146484375,0,999.3839111328125],[0,1499.00146484375,590.6411743164062],[0,0,1]],[[0.9895173,0.00829099,0.14441437,-0.],[0.0178687,0.99230748,-0.12250129,-1.31],[-0.14330464,0.12379764,0.98190525,-0.81]]]
[[[1499.00146484375,0,999.3839111328125],[0,1499.00146484375,590.6411743164062],[0,0,1]],[[0.99022219,0.0080853,0.13949672,-0.],[0.01643345,0.99232432,-0.12256582,-1.31],[-0.13852786,0.12365981,0.9826079,-0.81]]]
[[[1499.00146484375,0,999.3839111328125],[0,1499.00146484375,590.6411743164062],[0,0,1]],[[9.99919474e-01,-1.38290793e-05,5.55558272e-04,3.00000000e-02],[1.26474382e-02,9.91984517e-01,-1.25724935e-01,-1.31000000e+00],[1.04286006e-03,1.25721837e-01,9.92064983e-01,-8.40000000e-01]]]
[[[1499.00146484375,0,999.3839111328125],[0,1499.00146484375,590.6411743164062],[0,0,1]],[[0.98142204,-0.00976142,-0.18856575,0.04],[0.01137988,0.9918355,-0.12701508,-1.32],[0.19152359,0.12250954,0.97381216,-0.84]]]
[[[1499.00146484375,0,999.3839111328125],[0,1499.00146484375,590.6411743164062],[0,0,1]],[[0.93644762,-0.01748405,-0.34737063,0.04],[0.00436087,0.99175215,-0.12809629,-1.32],[0.35078032,0.11844062,0.92893755,-0.86]]]
[[[1499.00146484375,0,999.3839111328125],[0,1499.00146484375,590.6411743164062],[0,0,1]],[[0.91617789,-0.01949623,-0.397134,-0.03],[0.00299519,0.99181566,-0.12764299,-1.38],[0.40076067,0.1157542,0.90884095,-0.76]]]
[[[1499.00146484375,0,999.3839111328125],[0,1499.00146484375,590.6411743164062],[0,0,1]],[[0.90898129,-0.01924115,-0.41298912,-0.04],[0.00467521,0.99208877,-0.12545129,-1.38],[0.41681071,0.11210206,0.90205431,-0.75]]]
[[[1499.00146484375,0,999.3839111328125],[0,1499.00146484375,590.6411743164062],[0,0,1]],[[0.92806104,-0.01658795,-0.3687506,-0.04],[0.00751283,0.99254853,-0.12161818,-1.38],[0.37235233,0.11009874,0.92153785,-0.85]]]
[[[1499.00146484375,0,999.3839111328125],[0,1499.00146484375,590.6411743164062],[0,0,1]],[[0.97470471,-0.00946796,-0.21952931,-0.05],[0.01642937,0.99303192,-0.11669483,-1.38],[0.22289191,0.11013628,0.96860167,-0.85]]]
[[[1499.00146484375,0,999.3839111328125],[0,1499.00146484375,590.6411743164062],[0,0,1]],[[9.99704301e-01,8.62788951e-04,1.83417220e-02,-7.00000000e-02],[1.79865134e-02,9.93096084e-01,-1.15916582e-01,-1.24000000e+00],[-1.63644483e-02,1.16212210e-01,9.93089587e-01,-1.24000000e+00]]]
[[[1499.00146484375,0,999.3839111328125],[0,1499.00146484375,590.6411743164062],[0,0,1]],[[0.98534727,0.00937871,0.17055701,-0.06],[0.01929735,0.99288762,-0.11748104,-1.23],[-0.16946494,0.11905092,0.97831923,-1.24]]]
[[[1499.00146484375,0,999.3839111328125],[0,1499.00146484375,590.6411743164062],[0,0,1]],[[0.98574588,0.00964348,0.16822921,-0.06],[0.0187028,0.99242872,-0.12138963,-1.23],[-0.1671983,0.12280568,0.97824511,-1.24]]]
[[[1499.00146484375,0,999.3839111328125],[0,1499.00146484375,590.6411743164062],[0,0,1]],[[0.98586211,0.00951235,0.16755167,-0.06],[0.01896617,0.99251252,-0.1206614,-1.23],[-0.1664818,0.12213332,0.97845146,-1.24]]]
[[[1499.00146484375,0,999.3839111328125],[0,1499.00146484375,590.6411743164062],[0,0,1]],[[0.98916945,0.00834416,0.14677783,-0.06],[0.01771311,0.99247605,-0.12115091,-1.23],[-0.14570534,0.12243867,0.98172233,-1.24]]]
[[[1499.00146484375,0,999.3839111328125],[0,1499.00146484375,590.6411743164062],[0,0,1]],[[0.99918896,-0.00205868,-0.03664197,-0.06],[0.01203806,0.99222532,-0.1238709,-1.23],[0.03842536,0.12332934,0.99162158,-1.24]]]
[[[1499.00146484375,0,999.3839111328125],[0,1499.00146484375,590.6411743164062],[0,0,1]],[[0.98963994,-0.00730031,-0.14032693,-0.06],[0.01267435,0.99205306,-0.1251802,-1.23],[0.14301103,0.12210478,0.98216,-1.24]]]
[[[1499.00146484375,0,999.3839111328125],[0,1499.00146484375,590.6411743164062],[0,0,1]],[[0.94895509,-0.01621273,-0.31231225,-0.06],[0.00391525,0.99174577,-0.12816004,-1.23],[0.31538691,0.12039534,0.94129488,-1.25]]]
[[[1499.00146484375,0,999.3839111328125],[0,1499.00146484375,590.6411743164062],[0,0,1]],[[0.92044008,-0.01833501,-0.3870915,-0.06],[0.00548597,0.99199593,-0.12615062,-1.23],[0.3908452,0.11399051,0.91337079,-1.25]]]
[[[1499.00146484375,0,999.3839111328125],[0,1499.00146484375,590.6411743164062],[0,0,1]],[[0.92680526,-0.01651899,-0.37164353,0.06],[0.00873385,0.99244845,-0.12235112,-1.12],[0.37544072,0.11014978,0.92027784,-1.65]]]
[[[1499.00146484375,0,999.3839111328125],[0,1499.00146484375,590.6411743164062],[0,0,1]],[[0.95640511,-0.01244747,-0.28828874,0.07],[0.01291874,0.99293974,-0.11791428,-1.12],[0.2917574,0.10904949,0.95025566,-1.66]]]
[[[1499.00146484375,0,999.3839111328125],[0,1499.00146484375,590.6411743164062],[0,0,1]],[[0.99786091,-0.00292196,-0.06090753,0.07],[0.01664343,0.9932749,-0.11457738,-1.12],[0.0632187,0.11331858,0.99154541,-1.67]]]
[[[1499.00146484375,0,999.3839111328125],[0,1499.00146484375,590.6411743164062],[0,0,1]],[[0.99216732,0.00646731,0.12477707,0.07],[0.02047057,0.99304992,-0.11590001,-1.12],[-0.12322726,0.11754646,0.98539224,-1.66]]]
[[[1499.00146484375,0,999.3839111328125],[0,1499.00146484375,590.6411743164062],[0,0,1]],[[0.98999274,0.00749591,0.14106004,0.07],[0.02080682,0.9928571,-0.11748131,-1.12],[-0.139576,0.11924066,0.9830057,-1.66]]]
[[[1499.00146484375,0,999.3839111328125],[0,1499.00146484375,590.6411743164062],[0,0,1]],[[0.99074355,0.0074217,0.13572849,0.07],[0.01849157,0.99276742,-0.11862085,-1.12],[-0.13448154,0.12003267,0.98361927,-1.66]]]
[[[1499.00146484375,0,999.3839111328125],[0,1499.00146484375,590.6411743164062],[0,0,1]],[[0.99338084,0.00646902,0.11486305,0.06],[0.01483828,0.99268928,-0.11978236,-1.12],[-0.11390488,0.12069388,0.98613319,-1.65]]]
[[[1499.00146484375,0,999.3839111328125],[0,1499.00146484375,590.6411743164062],[0,0,1]],[[0.99832815,-0.00308601,-0.05563656,0.16],[0.00880277,0.9925456,-0.12155548,-1.12],[0.05712633,0.1208625,0.99102414,-1.82]]]
[[[1499.00146484375,0,999.3839111328125],[0,1499.00146484375,590.6411743164062],[0,0,1]],[[0.94950488,-0.01575642,-0.31081561,0.16],[0.00381395,0.9921425,-0.12505486,-1.12],[0.31372908,0.11755477,0.94220748,-1.83]]]
[[[1499.00146484375,0,999.3839111328125],[0,1499.00146484375,590.6411743164062],[0,0,1]],[[0.92957723,-0.01706391,-0.36519129,0.16],[0.00546111,0.99244583,-0.12256206,-1.12],[0.36858696,0.11193655,0.92282927,-1.84]]]
[[[1499.00146484375,0,999.3839111328125],[0,1499.00146484375,590.6411743164062],[0,0,1]],[[0.94484412,-0.0139488,-0.324113,0.15],[0.00967825,0.99318123,-0.11617822,-0.62],[0.32737733,0.10663347,0.93885749,-1.8]]]
[[[1499.00146484375,0,999.3839111328125],[0,1499.00146484375,590.6411743164062],[0,0,1]],[[0.97979662,-0.00816674,-0.19619855,0.14],[0.01687984,0.99354905,-0.11213991,-0.62],[0.19928288,0.10656251,0.97413078,-1.81]]]
[[[1499.00146484375,0,999.3839111328125],[0,1499.00146484375,590.6411743164062],[0,0,1]],[[0.99897426,0.00209391,0.04363502,0.37],[0.01691102,0.99360523,-0.11163633,-1.2],[-0.04200521,0.11225974,0.99279067,-0.88]]]
[[[1499.00146484375,0,999.3839111328125],[0,1499.00146484375,590.6411743164062],[0,0,1]],[[0.98426682,0.00950452,0.17667469,0.38],[0.01822578,0.99331769,-0.11396394,-1.21],[-0.17574599,0.11539096,0.97764936,-0.87]]]
[[[1499.00146484375,0,999.3839111328125],[0,1499.00146484375,590.6411743164062],[0,0,1]],[[0.98532611,0.00931863,0.17066515,0.4],[0.01751516,0.99318668,-0.11521039,-1.25],[-0.16978125,0.11650903,0.97857037,-0.84]]]
[[[1499.00146484375,0,999.3839111328125],[0,1499.00146484375,590.6411743164062],[0,0,1]],[[0.99113953,0.00733748,0.13282208,0.4],[0.01669668,0.99284613,-0.11822767,-1.25],[-0.13177121,0.11939781,0.98406327,-0.83]]]
[[[1499.00146484375,0,999.3839111328125],[0,1499.00146484375,590.6411743164062],[0,0,1]],[[0.99794537,-0.00323295,-0.06081451,0.4],[0.01267955,0.99256495,-0.12105394,-1.25],[0.06280343,0.12003412,0.99078128,-0.83]]]
[[[1499.00146484375,0,999.3839111328125],[0,1499.00146484375,590.6411743164062],[0,0,1]],[[0.95967602,-0.0129792,-0.27750818,0.4],[0.01091368,0.99239242,-0.12263023,-1.25],[0.28089645,0.11465666,0.95286464,-0.83]]]
[[[1499.00146484375,0,999.3839111328125],[0,1499.00146484375,590.6411743164062],[0,0,1]],[[0.95116511,-0.01338814,-0.30484123,0.4],[0.01219117,0.99269313,-0.12004887,-1.25],[0.30844173,0.11046993,0.94480691,-0.83]]]
[[[1499.00146484375,0,999.3839111328125],[0,1499.00146484375,590.6411743164062],[0,0,1]],[[0.9541713,-0.01207129,-0.29524129,0.4],[0.0149992,0.9931401,-0.11596449,-1.25],[0.29888485,0.1062216,0.94835901,-0.83]]]
[[[1499.00146484375,0,999.3839111328125],[0,1499.00146484375,590.6411743164062],[0,0,1]],[[0.99062818,-0.0052714,-0.13149317,0.39],[0.02242555,0.99364796,-0.11027612,-1.24],[0.1347327,0.10629382,0.98516431,-0.86]]]
[[[1499.00146484375,0,999.3839111328125],[0,1499.00146484375,590.6411743164062],[0,0,1]],[[0.99309772,0.0056349,0.11699412,0.39],[0.02132736,0.99366525,-0.1103382,-1.24],[-0.11533454,0.11207179,0.98698422,-0.85]]]
[[[1499.00146484375,0,999.3839111328125],[0,1499.00146484375,590.6411743164062],[0,0,1]],[[0.98056093,0.01025833,0.19621164,0.39],[0.02140408,0.99340424,-0.11264938,-1.24],[-0.19504392,0.11465931,0.97406936,-0.84]]]
[[[1499.00146484375,0,999.3839111328125],[0,1499.00146484375,590.6411743164062],[0,0,1]],[[0.98163947,0.01060215,0.19069405,0.39],[0.01807775,0.99306312,-0.11618446,-1.24],[-0.18988717,0.11749857,0.97474968,-0.83]]]
[[[1499.00146484375,0,999.3839111328125],[0,1499.00146484375,590.6411743164062],[0,0,1]],[[0.99952137,0.00150517,0.02877416,0.39],[0.01473783,0.99266291,-0.12001313,-1.25],[-0.02719959,0.12037976,0.99235523,-0.83]]]
[[[1499.00146484375,0,999.3839111328125],[0,1499.00146484375,590.6411743164062],[0,0,1]],[[0.98718849,-0.0075172,-0.15575816,0.39],[0.01559346,0.9924404,-0.12173286,-1.25],[0.15879462,0.11774447,0.98026553,-0.83]]]
[[[1499.00146484375,0,999.3839111328125],[0,1499.00146484375,590.6411743164062],[0,0,1]],[[0.97102529,-0.01070183,-0.2349344,0.38],[0.01525142,0.99243066,-0.12185558,-1.25],[0.23848959,0.11474177,0.9643428,-0.67]]]
[[[1499.00146484375,0,999.3839111328125],[0,1499.00146484375,590.6411743164062],[0,0,1]],[[0.94342804,-0.01498403,-0.32786152,0.39],[0.00948981,0.99241948,-0.12252965,-1.25],[0.3314415,0.11248656,0.93674612,-0.68]]]
[[[1499.00146484375,0,999.3839111328125],[0,1499.00146484375,590.6411743164062],[0,0,1]],[[0.93881306,-0.014916,-0.34060902,0.39],[0.01040174,0.99267346,-0.12037945,-1.25],[0.34427001,0.10947087,0.93246677,-0.68]]]
[[[1499.00146484375,0,999.3839111328125],[0,1499.00146484375,590.6411743164062],[0,0,1]],[[0.95300847,-0.01209515,-0.29881455,0.39],[0.01555476,0.99312052,-0.11605895,-1.24],[0.30254403,0.10595717,0.94722763,-0.69]]]
[[[1499.00146484375,0,999.3839111328125],[0,1499.00146484375,590.6411743164062],[0,0,1]],[[0.98618501,-0.00643838,-0.16096213,0.37],[0.02128223,0.99358335,-0.11108191,-1.25],[0.16427473,0.10612169,0.98068956,-0.68]]]
[[[1499.00146484375,0,999.3839111328125],[0,1499.00146484375,590.6411743164062],[0,0,1]],[[0.99836856,0.00249337,0.05489258,0.37],[0.02171542,0.99364415,-0.11045247,-1.26],[-0.05280773,0.11146428,0.99236438,-0.67]]]
[[[1499.00146484375,0,999.3839111328125],[0,1499.00146484375,590.6411743164062],[0,0,1]],[[0.98427904,0.0091058,0.17661726,0.38],[0.02125586,0.99342406,-0.11250257,-1.26],[-0.17533672,0.11448807,0.97782898,-0.67]]]
[[[1499.00146484375,0,999.3839111328125],[0,1499.00146484375,590.6411743164062],[0,0,1]],[[0.98448873,0.00925827,0.17544772,0.31],[0.0205684,0.99324477,-0.11420058,-1.17],[-0.17423803,0.11603787,0.97784269,-0.81]]]
[[[1499.00146484375,0,999.3839111328125],[0,1499.00146484375,590.6411743164062],[0,0,1]],[[0.98666227,0.00895768,0.16277908,0.31],[0.01864923,0.99289548,-0.11751921,-1.17],[-0.16170891,0.11898748,0.97963882,-0.77]]]
[[[1499.00146484375,0,999.3839111328125],[0,1499.00146484375,590.6411743164062],[0,0,1]],[[0.99702913,0.00427163,0.07688209,-0.06],[0.01395621,0.99263483,-0.12033833,-1.37],[-0.07575056,0.1210538,0.9897514,0.6]]]
[[[1499.00146484375,0,999.3839111328125],[0,1499.00146484375,590.6411743164062],[0,0,1]],[[0.994578,-0.00512831,-0.10044675,0.02],[0.01454735,0.99242386,-0.12199694,-1.3],[0.10297072,0.11987424,0.98743466,0.41]]]
[[[1499.00146484375,0,999.3839111328125],[0,1499.00146484375,590.6411743164062],[0,0,1]],[[0.94987049,-0.01484961,-0.30922429,0.02],[0.00778709,0.99224576,-0.12404719,-1.3],[0.31254665,0.11542081,0.94286406,0.39]]]
[[[1499.00146484375,0,999.3839111328125],[0,1499.00146484375,590.6411743164062],[0,0,1]],[[0.91283681,-0.01879739,-0.40470382,0.02],[0.00419321,0.99232605,-0.12357761,-1.3],[0.40830302,0.11110918,0.90605926,0.39]]]
[[[1499.00146484375,0,999.3839111328125],[0,1499.00146484375,590.6411743164062],[0,0,1]],[[0.91799477,-0.01749684,-0.3930882,0.02],[0.00558928,0.99278167,-0.11980533,-1.29],[0.39655309,0.10778359,0.9116624,0.37]]]
[[[1499.00146484375,0,999.3839111328125],[0,1499.00146484375,590.6411743164062],[0,0,1]],[[0.94982076,-0.01349778,-0.3093994,0.02],[0.01000891,0.9931047,-0.11680275,-1.29],[0.31263452,0.10784493,0.94373149,0.35]]]
[[[1499.00146484375,0,999.3839111328125],[0,1499.00146484375,590.6411743164062],[0,0,1]],[[0.98935175,-0.00598179,-0.14129994,0.02],[0.01904478,0.99352694,-0.11198895,-1.28],[0.1442928,0.10810543,0.98361212,0.33]]]
[[[1499.00146484375,0,999.3839111328125],[0,1499.00146484375,590.6411743164062],[0,0,1]],[[9.99435067e-01,-1.19073838e-03,-2.51030069e-02,2.00000000e-02],[1.94150859e-02,9.93573755e-01,-1.11508957e-01,-1.28000000e+00],[2.74335723e-02,1.10958585e-01,9.93446320e-01,3.50000000e-01]]]
[[[1499.00146484375,0,999.3839111328125],[0,1499.00146484375,590.6411743164062],[0,0,1]],[[0.9883174,0.00789907,0.15239804,0.02],[0.01930672,0.99341696,-0.11291583,-1.28],[-0.1511819,0.11453898,0.98184767,0.35]]]
[[[1499.00146484375,0,999.3839111328125],[0,1499.00146484375,590.6411743164062],[0,0,1]],[[0.98380628,0.00978542,0.17922115,0.02],[0.01884251,0.99309486,-0.115791,-1.28],[-0.17824185,0.11729289,0.97697094,0.36]]]
[[[1499.00146484375,0,999.3839111328125],[0,1499.00146484375,590.6411743164062],[0,0,1]],[[0.98843244,0.00852724,0.15165944,-0.01],[0.01746901,0.99268797,-0.11943796,-1.23],[-0.15065241,0.1207057,0.98119009,0.28]]]
[[[1499.00146484375,0,999.3839111328125],[0,1499.00146484375,590.6411743164062],[0,0,1]],[[9.99910653e-01,8.59937138e-05,2.38875720e-03,-1.00000000e-02],[1.33451973e-02,9.92473036e-01,-1.21734043e-01,-1.23000000e+00],[-7.69705545e-04,1.21755044e-01,9.92559880e-01,2.80000000e-01]]]
[[[1499.00146484375,0,999.3839111328125],[0,1499.00146484375,590.6411743164062],[0,0,1]],[[0.97622556,-0.01044539,-0.21339771,-0.02],[0.01169697,0.99230579,-0.12325749,-1.23],[0.21644132,0.11783101,0.96915892,0.29]]]
[[[1499.00146484375,0,999.3839111328125],[0,1499.00146484375,590.6411743164062],[0,0,1]],[[0.92560908,-0.01821334,-0.37521043,-0.02],[0.00289872,0.99225968,-0.12414638,-1.23],[0.37846985,0.11382339,0.91858849,0.28]]]
[[[1499.00146484375,0,999.3839111328125],[0,1499.00146484375,590.6411743164062],[0,0,1]],[[0.9189988,-0.01857346,-0.39086071,-0.02],[0.00324211,0.99233404,-0.12354208,-1.23],[0.39424698,0.11226781,0.91212129,0.27]]]
[[[1499.00146484375,0,999.3839111328125],[0,1499.00146484375,590.6411743164062],[0,0,1]],[[0.92118406,-0.01738474,-0.38566081,-0.02],[0.00546189,0.99271643,-0.12035054,-1.23],[0.3890888,0.10875856,0.91475761,0.27]]]
[[[1499.00146484375,0,999.3839111328125],[0,1499.00146484375,590.6411743164062],[0,0,1]],[[0.93391416,-0.015655,-0.35418777,-0.03],[0.00697495,0.99302742,-0.11767708,-1.22],[0.35742929,0.10742985,0.92774088,0.27]]]
[[[1499.00146484375,0,999.3839111328125],[0,1499.00146484375,590.6411743164062],[0,0,1]],[[0.97207487,-0.00934467,-0.23083118,-0.04],[0.01662434,0.99357259,-0.11196935,-1.22],[0.23408136,0.10500517,0.96652979,0.28]]]
[[[1499.00146484375,0,999.3839111328125],[0,1499.00146484375,590.6411743164062],[0,0,1]],[[9.99834716e-01,1.22388985e-04,3.63975086e-03,-5.00000000e-02],[1.81051814e-02,9.93756861e-01,-1.10088627e-01,-1.21000000e+00],[-1.65605180e-03,1.10136329e-01,9.93915111e-01,2.80000000e-01]]]
[[[1499.00146484375,0,999.3839111328125],[0,1499.00146484375,590.6411743164062],[0,0,1]],[[0.9902257,0.00710903,0.13942747,-0.03],[0.01944113,0.99347895,-0.11234594,-1.22],[-0.13811263,0.11395847,0.98383859,0.28]]]
[[[1499.00146484375,0,999.3839111328125],[0,1499.00146484375,590.6411743164062],[0,0,1]],[[0.99055979,0.00730344,0.1370687,-0.03],[0.0178277,0.99316877,-0.1153168,-1.22],[-0.13591719,0.11667181,0.98382631,0.29]]]
[[[1499.00146484375,0,999.3839111328125],[0,1499.00146484375,590.6411743164062],[0,0,1]],[[0.9906539,0.00737489,0.13639059,-0.03],[0.0176293,0.99301642,-0.11665159,-1.22],[-0.1352555,0.11796582,0.98376319,0.29]]]
[[[1499.00146484375,0,999.3839111328125],[0,1499.00146484375,590.6411743164062],[0,0,1]],[[0.99084383,0.0071822,0.13495431,-0.05],[0.01996359,0.99289593,-0.11729929,-1.23],[-0.13352885,0.11891945,0.98388424,0.22]]]
[[[1499.00146484375,0,999.3839111328125],[0,1499.00146484375,590.6411743164062],[0,0,1]],[[0.99078396,0.00704258,0.13531067,-0.36],[0.02218585,0.99287012,-0.11711836,-1.17],[-0.13362236,0.11904097,0.98385686,0.1]]]
[[[1499.00146484375,0,999.3839111328125],[0,1499.00146484375,590.6411743164062],[0,0,1]],[[0.99069592,0.00681931,0.13572657,-0.36],[0.02608195,0.99275702,-0.11727415,-1.17],[-0.13357141,0.11972304,0.98378101,0.1]]]
[[[1499.00146484375,0,999.3839111328125],[0,1499.00146484375,590.6411743164062],[0,0,1]],[[0.99062437,0.00667218,0.13603197,-0.31],[0.02875042,0.99266246,-0.11745066,-1.25],[-0.13355439,0.12026046,0.98371777,0.34]]]
[[[1499.00146484375,0,999.3839111328125],[0,1499.00146484375,590.6411743164062],[0,0,1]],[[0.99056664,0.00656759,0.1362426,-0.31],[0.03092276,0.99255151,-0.11783587,-1.25],[-0.13349724,0.12093728,0.98364255,0.34]]]
[[[1499.00146484375,0,999.3839111328125],[0,1499.00146484375,590.6411743164062],[0,0,1]],[[0.99055591,0.00654744,0.13630568,-0.31],[0.03103863,0.99257392,-0.11761642,-1.25],[-0.13354994,0.12073638,0.98366007,0.34]]]
[[[1499.00146484375,0,999.3839111328125],[0,1499.00146484375,590.6411743164062],[0,0,1]],[[0.99055693,0.00656621,0.13628597,-0.31],[0.03120769,0.99251768,-0.11804547,-1.25],[-0.13350302,0.12118393,0.98361141,0.34]]]
[[[1499.00146484375,0,999.3839111328125],[0,1499.00146484375,590.6411743164062],[0,0,1]],[[0.99057075,0.00658557,0.13621762,-0.31],[0.03090845,0.99252173,-0.11809013,-1.25],[-0.13347004,0.1211869,0.98361552,0.34]]]
[[[1499.00146484375,0,999.3839111328125],[0,1499.00146484375,590.6411743164062],[0,0,1]],[[0.99056005,0.00651996,0.13625308,-0.31],[0.03121345,0.99258983,-0.11743571,-1.25],[-0.13347846,0.12058006,0.98368895,0.34]]]
