[[[1146.290283203125,0,984.3402099609375],[0,1146.290283203125,575.939208984375],[0,0,1]],[[9.99999166e-01,1.28669641e-03,6.35768520e-05,0.00000000e+00],[-1.28808000e-03,9.99471250e-01,3.24901700e-02,0.00000000e+00],[-2.17382512e-05,-3.24902199e-02,9.99472082e-01,0.00000000e+00]]]
[[[1146.290283203125,0,984.3402099609375],[0,1146.290283203125,575.939208984375],[0,0,1]],[[9.99999166e-01,1.28669641e-03,6.35768520e-05,0.00000000e+00],[-1.28808000e-03,9.99471250e-01,3.24901700e-02,0.00000000e+00],[-2.17382512e-05,-3.24902199e-02,9.99472082e-01,0.00000000e+00]]]
[[[1146.290283203125,0,984.3402099609375],[0,1146.290283203125,575.939208984375],[0,0,1]],[[9.99999166e-01,1.28669641e-03,6.35768520e-05,0.00000000e+00],[-1.28808000e-03,9.99471250e-01,3.24901700e-02,0.00000000e+00],[-2.17382512e-05,-3.24902199e-02,9.99472082e-01,0.00000000e+00]]]
[[[1146.290283203125,0,984.3402099609375],[0,1146.290283203125,575.939208984375],[0,0,1]],[[9.99999166e-01,1.28669641e-03,6.35768520e-05,0.00000000e+00],[-1.28808000e-03,9.99471250e-01,3.24901700e-02,0.00000000e+00],[-2.17382512e-05,-3.24902199e-02,9.99472082e-01,0.00000000e+00]]]
[[[1146.290283203125,0,984.3402099609375],[0,1146.290283203125,575.939208984375],[0,0,1]],[[9.99999166e-01,1.28669641e-03,6.35768520e-05,0.00000000e+00],[-1.28808000e-03,9.99471250e-01,3.24901700e-02,0.00000000e+00],[-2.17382512e-05,-3.24902199e-02,9.99472082e-01,0.00000000e+00]]]
[[[1146.290283203125,0,984.3402099609375],[0,1146.290283203125,575.939208984375],[0,0,1]],[[9.99999166e-01,1.28669641e-03,6.35768520e-05,0.00000000e+00],[-1.28808000e-03,9.99471250e-01,3.24901700e-02,0.00000000e+00],[-2.17382512e-05,-3.24902199e-02,9.99472082e-01,0.00000000e+00]]]
[[[1146.290283203125,0,984.3402099609375],[0,1146.290283203125,575.939208984375],[0,0,1]],[[9.99999166e-01,1.28669641e-03,6.35768520e-05,0.00000000e+00],[-1.28808000e-03,9.99471250e-01,3.24901700e-02,0.00000000e+00],[-2.17382512e-05,-3.24902199e-02,9.99472082e-01,0.00000000e+00]]]
[[[1146.290283203125,0,984.3402099609375],[0,1146.290283203125,575.939208984375],[0,0,1]],[[9.99999166e-01,1.28669641e-03,6.35768520e-05,0.00000000e+00],[-1.28808000e-03,9.99471250e-01,3.24901700e-02,0.00000000e+00],[-2.17382512e-05,-3.24902199e-02,9.99472082e-01,0.00000000e+00]]]
[[[1146.290283203125,0,984.3402099609375],[0,1146.290283203125,575.939208984375],[0,0,1]],[[9.99999166e-01,1.28669641e-03,6.35768520e-05,0.00000000e+00],[-1.28808000e-03,9.99471250e-01,3.24901700e-02,0.00000000e+00],[-2.17382512e-05,-3.24902199e-02,9.99472082e-01,0.00000000e+00]]]
[[[1146.290283203125,0,984.3402099609375],[0,1146.290283203125,575.939208984375],[0,0,1]],[[9.99999166e-01,1.28669641e-03,6.35768520e-05,0.00000000e+00],[-1.28808000e-03,9.99471250e-01,3.24901700e-02,0.00000000e+00],[-2.17382512e-05,-3.24902199e-02,9.99472082e-01,0.00000000e+00]]]
[[[1146.290283203125,0,984.3402099609375],[0,1146.290283203125,575.939208984375],[0,0,1]],[[9.99999166e-01,1.28669641e-03,6.35768520e-05,0.00000000e+00],[-1.28808000e-03,9.99471250e-01,3.24901700e-02,0.00000000e+00],[-2.17382512e-05,-3.24902199e-02,9.99472082e-01,0.00000000e+00]]]
[[[1146.290283203125,0,984.3402099609375],[0,1146.290283203125,575.939208984375],[0,0,1]],[[9.99999166e-01,1.28669641e-03,6.35768520e-05,0.00000000e+00],[-1.28808000e-03,9.99471250e-01,3.24901700e-02,0.00000000e+00],[-2.17382512e-05,-3.24902199e-02,9.99472082e-01,0.00000000e+00]]]
[[[1146.290283203125,0,984.3402099609375],[0,1146.290283203125,575.939208984375],[0,0,1]],[[9.99999166e-01,1.28669641e-03,6.35768520e-05,0.00000000e+00],[-1.28808000e-03,9.99471250e-01,3.24901700e-02,0.00000000e+00],[-2.17382512e-05,-3.24902199e-02,9.99472082e-01,0.00000000e+00]]]
[[[1146.290283203125,0,984.3402099609375],[0,1146.290283203125,575.939208984375],[0,0,1]],[[9.99999166e-01,1.28669641e-03,6.35768520e-05,0.00000000e+00],[-1.28808000e-03,9.99471250e-01,3.24901700e-02,0.00000000e+00],[-2.17382512e-05,-3.24902199e-02,9.99472082e-01,0.00000000e+00]]]
[[[1146.290283203125,0,984.3402099609375],[0,1146.290283203125,575.939208984375],[0,0,1]],[[9.99999166e-01,1.28669641e-03,6.35768520e-05,0.00000000e+00],[-1.28808000e-03,9.99471250e-01,3.24901700e-02,0.00000000e+00],[-2.17382512e-05,-3.24902199e-02,9.99472082e-01,0.00000000e+00]]]
[[[1146.290283203125,0,984.3402099609375],[0,1146.290283203125,575.939208984375],[0,0,1]],[[9.99999166e-01,1.28669641e-03,6.35768520e-05,0.00000000e+00],[-1.28808000e-03,9.99471250e-01,3.24901700e-02,0.00000000e+00],[-2.17382512e-05,-3.24902199e-02,9.99472082e-01,0.00000000e+00]]]
[[[1146.290283203125,0,984.3402099609375],[0,1146.290283203125,575.939208984375],[0,0,1]],[[9.99999166e-01,1.28669641e-03,6.35768520e-05,0.00000000e+00],[-1.28808000e-03,9.99471250e-01,3.24901700e-02,0.00000000e+00],[-2.17382512e-05,-3.24902199e-02,9.99472082e-01,0.00000000e+00]]]
[[[1146.290283203125,0,984.3402099609375],[0,1146.290283203125,575.939208984375],[0,0,1]],[[9.99999166e-01,1.28669641e-03,6.35768520e-05,0.00000000e+00],[-1.28808000e-03,9.99471250e-01,3.24901700e-02,0.00000000e+00],[-2.17382512e-05,-3.24902199e-02,9.99472082e-01,0.00000000e+00]]]
[[[1146.290283203125,0,984.3402099609375],[0,1146.290283203125,575.939208984375],[0,0,1]],[[9.99999166e-01,1.28669641e-03,6.35768520e-05,0.00000000e+00],[-1.28808000e-03,9.99471250e-01,3.24901700e-02,0.00000000e+00],[-2.17382512e-05,-3.24902199e-02,9.99472082e-01,0.00000000e+00]]]
[[[1146.290283203125,0,984.3402099609375],[0,1146.290283203125,575.939208984375],[0,0,1]],[[9.99999166e-01,1.28669641e-03,6.35768520e-05,0.00000000e+00],[-1.28808000e-03,9.99471250e-01,3.24901700e-02,0.00000000e+00],[-2.17382512e-05,-3.24902199e-02,9.99472082e-01,0.00000000e+00]]]
[[[1146.290283203125,0,984.3402099609375],[0,1146.290283203125,575.939208984375],[0,0,1]],[[9.99999166e-01,1.28669641e-03,6.35768520e-05,0.00000000e+00],[-1.28808000e-03,9.99471250e-01,3.24901700e-02,0.00000000e+00],[-2.17382512e-05,-3.24902199e-02,9.99472082e-01,0.00000000e+00]]]
[[[1146.290283203125,0,984.3402099609375],[0,1146.290283203125,575.939208984375],[0,0,1]],[[9.99999166e-01,1.28669641e-03,6.35768520e-05,0.00000000e+00],[-1.28808000e-03,9.99471250e-01,3.24901700e-02,0.00000000e+00],[-2.17382512e-05,-3.24902199e-02,9.99472082e-01,0.00000000e+00]]]
[[[1146.290283203125,0,984.3402099609375],[0,1146.290283203125,575.939208984375],[0,0,1]],[[9.99999166e-01,1.28669641e-03,6.35768520e-05,0.00000000e+00],[-1.28808000e-03,9.99471250e-01,3.24901700e-02,0.00000000e+00],[-2.17382512e-05,-3.24902199e-02,9.99472082e-01,0.00000000e+00]]]
[[[1146.290283203125,0,984.3402099609375],[0,1146.290283203125,575.939208984375],[0,0,1]],[[9.99999166e-01,1.28669641e-03,6.35768520e-05,0.00000000e+00],[-1.28808000e-03,9.99471250e-01,3.24901700e-02,0.00000000e+00],[-2.17382512e-05,-3.24902199e-02,9.99472082e-01,0.00000000e+00]]]
[[[1146.290283203125,0,984.3402099609375],[0,1146.290283203125,575.939208984375],[0,0,1]],[[9.99999166e-01,1.28669641e-03,6.35768520e-05,0.00000000e+00],[-1.28808000e-03,9.99471250e-01,3.24901700e-02,0.00000000e+00],[-2.17382512e-05,-3.24902199e-02,9.99472082e-01,0.00000000e+00]]]
[[[1146.290283203125,0,984.3402099609375],[0,1146.290283203125,575.939208984375],[0,0,1]],[[9.99999166e-01,1.28669641e-03,6.35768520e-05,0.00000000e+00],[-1.28808000e-03,9.99471250e-01,3.24901700e-02,0.00000000e+00],[-2.17382512e-05,-3.24902199e-02,9.99472082e-01,0.00000000e+00]]]
[[[1146.290283203125,0,984.3402099609375],[0,1146.290283203125,575.939208984375],[0,0,1]],[[9.99999166e-01,1.28669641e-03,6.35768520e-05,0.00000000e+00],[-1.28808000e-03,9.99471250e-01,3.24901700e-02,0.00000000e+00],[-2.17382512e-05,-3.24902199e-02,9.99472082e-01,0.00000000e+00]]]
[[[1146.290283203125,0,984.3402099609375],[0,1146.290283203125,575.939208984375],[0,0,1]],[[9.99999166e-01,1.28669641e-03,6.35768520e-05,0.00000000e+00],[-1.28808000e-03,9.99471250e-01,3.24901700e-02,0.00000000e+00],[-2.17382512e-05,-3.24902199e-02,9.99472082e-01,0.00000000e+00]]]
[[[1146.290283203125,0,984.3402099609375],[0,1146.290283203125,575.939208984375],[0,0,1]],[[9.99999166e-01,1.28669641e-03,6.35768520e-05,0.00000000e+00],[-1.28808000e-03,9.99471250e-01,3.24901700e-02,0.00000000e+00],[-2.17382512e-05,-3.24902199e-02,9.99472082e-01,0.00000000e+00]]]
[[[1146.290283203125,0,984.3402099609375],[0,1146.290283203125,575.939208984375],[0,0,1]],[[9.99999166e-01,1.28669641e-03,6.35768520e-05,0.00000000e+00],[-1.28808000e-03,9.99471250e-01,3.24901700e-02,0.00000000e+00],[-2.17382512e-05,-3.24902199e-02,9.99472082e-01,0.00000000e+00]]]
[[[1146.290283203125,0,984.3402099609375],[0,1146.290283203125,575.939208984375],[0,0,1]],[[9.99999166e-01,1.28669641e-03,6.35768520e-05,0.00000000e+00],[-1.28808000e-03,9.99471250e-01,3.24901700e-02,0.00000000e+00],[-2.17382512e-05,-3.24902199e-02,9.99472082e-01,0.00000000e+00]]]
[[[1146.290283203125,0,984.3402099609375],[0,1146.290283203125,575.939208984375],[0,0,1]],[[9.99999166e-01,1.28669641e-03,6.35768520e-05,0.00000000e+00],[-1.28808000e-03,9.99471250e-01,3.24901700e-02,0.00000000e+00],[-2.17382512e-05,-3.24902199e-02,9.99472082e-01,0.00000000e+00]]]
[[[1146.290283203125,0,984.3402099609375],[0,1146.290283203125,575.939208984375],[0,0,1]],[[9.99999166e-01,1.28669641e-03,6.35768520e-05,0.00000000e+00],[-1.28808000e-03,9.99471250e-01,3.24901700e-02,0.00000000e+00],[-2.17382512e-05,-3.24902199e-02,9.99472082e-01,0.00000000e+00]]]
[[[1146.290283203125,0,984.3402099609375],[0,1146.290283203125,575.939208984375],[0,0,1]],[[9.99999166e-01,1.28669641e-03,6.35768520e-05,0.00000000e+00],[-1.28808000e-03,9.99471250e-01,3.24901700e-02,0.00000000e+00],[-2.17382512e-05,-3.24902199e-02,9.99472082e-01,0.00000000e+00]]]
[[[1146.290283203125,0,984.3402099609375],[0,1146.290283203125,575.939208984375],[0,0,1]],[[9.99999583e-01,7.87308498e-04,-4.86167643e-04,1.00000000e-02],[-7.71366933e-04,9.99488771e-01,3.19630280e-02,-0.00000000e+00],[5.11083868e-04,-3.19626406e-02,9.99488950e-01,0.00000000e+00]]]
[[[1146.290283203125,0,984.3402099609375],[0,1146.290283203125,575.939208984375],[0,0,1]],[[0.99933314,0.00289854,-0.03639914,0.01],[-0.00179995,0.99954289,0.03017837,-0.],[0.03646997,-0.03009273,0.99888158,-0.]]]
[[[1146.290283203125,0,984.3402099609375],[0,1146.290283203125,575.939208984375],[0,0,1]],[[0.9979142,0.00447666,-0.06439932,0.],[-0.00253671,0.99954146,0.03017407,-0.],[0.06450486,-0.02994777,0.99746794,-0.]]]
[[[1146.290283203125,0,984.3402099609375],[0,1146.290283203125,575.939208984375],[0,0,1]],[[0.98967212,0.006601,-0.14319743,0.03],[-0.00265202,0.99961138,0.0277505,-0.01],[0.14332496,-0.02708413,0.98930502,-0.02]]]
[[[1146.290283203125,0,984.3402099609375],[0,1146.290283203125,575.939208984375],[0,0,1]],[[0.96587074,0.0177477,-0.25841624,0.02],[-0.0065251,0.99900055,0.0442215,-0.01],[0.25894278,-0.04102606,0.96502113,-0.03]]]
[[[1146.290283203125,0,984.3402099609375],[0,1146.290283203125,575.939208984375],[0,0,1]],[[0.96100754,0.02031271,-0.27577588,0.],[-0.00749931,0.99884635,0.04743846,-0.],[0.27642128,-0.04352057,0.96005088,-0.02]]]
[[[1146.290283203125,0,984.3402099609375],[0,1146.290283203125,575.939208984375],[0,0,1]],[[0.97028226,0.0209652,-0.24106707,-0.03],[-0.01043128,0.99893779,0.04489059,0.01],[0.2417521,-0.0410419,0.96947008,-0.]]]
[[[1146.290283203125,0,984.3402099609375],[0,1146.290283203125,575.939208984375],[0,0,1]],[[0.99611568,0.01424988,-0.08689609,-0.05],[-0.01099433,0.99922425,0.03782903,0.02],[0.08736775,-0.03672672,0.99549937,0.03]]]
[[[1146.290283203125,0,984.3402099609375],[0,1146.290283203125,575.939208984375],[0,0,1]],[[0.99751645,0.00592266,0.07018913,-0.02],[-0.00857635,0.9992578,0.03756695,0.02],[-0.06991448,-0.03807561,0.99682653,0.03]]]
[[[1146.290283203125,0,984.3402099609375],[0,1146.290283203125,575.939208984375],[0,0,1]],[[0.99224877,0.00331714,0.12422791,-0.01],[-0.00773609,0.99935424,0.03510588,0.02],[-0.12403116,-0.03579479,0.99163324,0.03]]]
[[[1146.290283203125,0,984.3402099609375],[0,1146.290283203125,575.939208984375],[0,0,1]],[[0.96953964,0.00635185,0.24485523,-0.02],[-0.01251429,0.99964339,0.02362012,-0.],[-0.24461769,-0.0259648,0.96927267,-0.01]]]
[[[1146.290283203125,0,984.3402099609375],[0,1146.290283203125,575.939208984375],[0,0,1]],[[0.92831665,-0.00524675,0.37175551,0.04],[-0.0034954,0.99973369,0.02283813,-0.01],[-0.3717761,-0.02250044,0.92805058,0.01]]]
[[[1146.290283203125,0,984.3402099609375],[0,1146.290283203125,575.939208984375],[0,0,1]],[[0.92704087,-0.0079293,0.37487802,0.04],[-0.00251366,0.99962306,0.02735975,-0.01],[-0.37495348,-0.02630591,0.92667121,0.01]]]
[[[1146.290283203125,0,984.3402099609375],[0,1146.290283203125,575.939208984375],[0,0,1]],[[0.9176082,-0.01299593,0.39727458,0.04],[-0.00196944,0.99930483,0.03723893,-0.01],[-0.39748222,-0.03495316,0.91694468,0.01]]]
[[[1146.290283203125,0,984.3402099609375],[0,1146.290283203125,575.939208984375],[0,0,1]],[[0.91697389,-0.01311283,0.39873224,0.05],[-0.00195377,0.99930036,0.03735644,-0.],[-0.39894304,-0.03503393,0.91630697,0.01]]]
[[[1146.290283203125,0,984.3402099609375],[0,1146.290283203125,575.939208984375],[0,0,1]],[[0.93850851,-0.00899236,0.34514004,0.07],[-0.00294848,0.99941593,0.03405658,-0.],[-0.3452445,-0.03298004,0.93793392,-0.01]]]
[[[1146.290283203125,0,984.3402099609375],[0,1146.290283203125,575.939208984375],[0,0,1]],[[0.98164761,-0.00252491,0.19068997,0.16],[-0.00272562,0.99962497,0.02726716,-0.01],[-0.190687,-0.02728649,0.98127228,-0.09]]]
[[[1146.290283203125,0,984.3402099609375],[0,1146.290283203125,575.939208984375],[0,0,1]],[[0.961137,0.04113587,-0.2729919,0.16],[-0.01437708,0.99495339,0.09930668,-0.02],[0.2756995,-0.09152247,0.95687759,-0.14]]]
[[[1146.290283203125,0,984.3402099609375],[0,1146.290283203125,575.939208984375],[0,0,1]],[[0.86351973,0.06601468,-0.49997672,0.17],[-0.0186796,0.99490231,0.09910052,-0.02],[0.50397027,-0.07623588,0.86035079,-0.16]]]
[[[1146.290283203125,0,984.3402099609375],[0,1146.290283203125,575.939208984375],[0,0,1]],[[0.8763777,0.0491425,-0.47911182,0.13],[-0.02649567,0.99819392,0.05391961,0.],[0.48089638,-0.03455956,0.87609679,-0.12]]]
[[[1146.290283203125,0,984.3402099609375],[0,1146.290283203125,575.939208984375],[0,0,1]],[[0.89289939,0.05585561,-0.44677937,0.11],[-0.03534618,0.99790907,0.05411668,0.01],[0.44886807,-0.03252881,0.89300644,-0.12]]]
[[[1146.290283203125,0,984.3402099609375],[0,1146.290283203125,575.939208984375],[0,0,1]],[[0.9626767,0.04615409,-0.26669142,0.15],[-0.03646066,0.99848622,0.0411876,0.01],[0.26818886,-0.0299266,0.96290207,-0.06]]]
[[[1146.290283203125,0,984.3402099609375],[0,1146.290283203125,575.939208984375],[0,0,1]],[[0.99903858,0.03794641,-0.02197561,0.15],[-0.03734572,0.99893439,0.02712771,0.01],[0.02298186,-0.02628093,0.99939096,-0.04]]]
[[[1146.290283203125,0,984.3402099609375],[0,1146.290283203125,575.939208984375],[0,0,1]],[[0.96450269,0.02441121,0.26294413,0.17],[-0.02932079,0.99946123,0.01476331,0.01],[-0.26244178,-0.02194899,0.96469879,-0.02]]]
[[[1146.290283203125,0,984.3402099609375],[0,1146.290283203125,575.939208984375],[0,0,1]],[[0.91164047,0.00834166,0.41090542,0.17],[-0.01600321,0.99975675,0.01520923,0.01],[-0.4106783,-0.02044116,0.91155213,-0.02]]]
[[[1146.290283203125,0,984.3402099609375],[0,1146.290283203125,575.939208984375],[0,0,1]],[[0.84726644,0.0076965,0.53111339,0.14],[-0.01753302,0.99975586,0.0134821,-0.01],[-0.53087974,-0.02073497,0.84719461,0.05]]]
[[[1146.290283203125,0,984.3402099609375],[0,1146.290283203125,575.939208984375],[0,0,1]],[[0.83317846,-0.00573791,0.55297554,0.21],[-0.0092081,0.99966407,0.02424697,-0.],[-0.55292863,-0.02529391,0.83284575,-0.05]]]
[[[1146.290283203125,0,984.3402099609375],[0,1146.290283203125,575.939208984375],[0,0,1]],[[0.98369861,0.00153819,0.17982109,0.2],[-0.01369106,0.99770218,0.06636166,0.01],[-0.17930546,-0.06774183,0.98145938,0.04]]]
[[[1146.290283203125,0,984.3402099609375],[0,1146.290283203125,575.939208984375],[0,0,1]],[[0.98013037,0.04785703,-0.19249704,0.13],[-0.02380048,0.99182194,0.12539451,0.03],[0.19692412,-0.11832145,0.97325379,0.01]]]
[[[1146.290283203125,0,984.3402099609375],[0,1146.290283203125,575.939208984375],[0,0,1]],[[0.93521512,0.07774219,-0.34544185,0.13],[-0.02280698,0.98679972,0.16033533,0.03],[0.35334685,-0.14206952,0.92464274,-0.01]]]
[[[1146.290283203125,0,984.3402099609375],[0,1146.290283203125,575.939208984375],[0,0,1]],[[0.94092762,0.04834498,-0.33514127,0.12],[-0.03237417,0.99806613,0.05308131,0.05],[0.33705935,-0.03909573,0.9406724,-0.]]]
[[[1146.290283203125,0,984.3402099609375],[0,1146.290283203125,575.939208984375],[0,0,1]],[[0.97034734,0.04225963,-0.23799598,0.13],[-0.03131273,0.99827957,0.04959207,0.05],[0.23968221,-0.0406692,0.97000021,-0.]]]
[[[1146.290283203125,0,984.3402099609375],[0,1146.290283203125,575.939208984375],[0,0,1]],[[0.97090977,0.0414015,-0.23584343,0.13],[-0.03034311,0.99827278,0.05032819,0.05],[0.23751962,-0.04170788,0.97048795,-0.]]]
[[[1146.290283203125,0,984.3402099609375],[0,1146.290283203125,575.939208984375],[0,0,1]],[[0.97253984,0.00911066,0.23256218,0.35],[-0.012696,0.99982351,0.01392445,-0.04],[-0.23239394,-0.0164947,0.97248298,0.02]]]
[[[1146.290283203125,0,984.3402099609375],[0,1146.290283203125,575.939208984375],[0,0,1]],[[0.8217389,-0.01373587,0.56970048,0.36],[0.00361852,0.9998163,0.01888687,-0.02],[-0.56985456,-0.01345861,0.82163686,0.02]]]
[[[1146.290283203125,0,984.3402099609375],[0,1146.290283203125,575.939208984375],[0,0,1]],[[0.82986516,-0.01574476,0.55774349,0.32],[0.00811505,0.99983782,0.01615043,-0.01],[-0.55790663,-0.00887658,0.82985771,0.03]]]
[[[1146.290283203125,0,984.3402099609375],[0,1146.290283203125,575.939208984375],[0,0,1]],[[0.94328392,-0.00998263,0.33183986,0.32],[0.00225441,0.99971855,0.02366579,-0.02],[-0.33198217,-0.02157546,0.94304031,0.01]]]
[[[1146.290283203125,0,984.3402099609375],[0,1146.290283203125,575.939208984375],[0,0,1]],[[0.99893641,0.0121938,-0.04449146,0.25],[-0.01141542,0.99977922,0.01770791,-0.03],[0.04469778,-0.01718119,0.99885422,-0.01]]]
[[[1146.290283203125,0,984.3402099609375],[0,1146.290283203125,575.939208984375],[0,0,1]],[[0.98618424,0.01859382,-0.1646121,0.28],[-0.01318348,0.99933952,0.03389921,-0.03],[0.16513379,-0.0312607,0.98577708,-0.04]]]
[[[1146.290283203125,0,984.3402099609375],[0,1146.290283203125,575.939208984375],[0,0,1]],[[0.97985488,0.02096013,-0.19861339,0.29],[-0.01758,0.99967039,0.01876706,-0.04],[0.19894142,-0.01489738,0.97989953,-0.06]]]
[[[1146.290283203125,0,984.3402099609375],[0,1146.290283203125,575.939208984375],[0,0,1]],[[9.99723790e-01,1.07256600e-02,-2.09743000e-02,4.00000000e-01],[-1.07351271e-02,9.99943495e-01,-3.37844918e-04,-9.00000000e-02],[2.09697988e-02,5.62899571e-04,9.99781489e-01,-5.00000000e-02]]]
[[[1146.290283203125,0,984.3402099609375],[0,1146.290283203125,575.939208984375],[0,0,1]],[[9.77610707e-01,1.93800675e-04,2.10426837e-01,4.10000000e-01],[3.91603389e-04,9.99997258e-01,-2.74041947e-03,-9.00000000e-02],[-2.10426350e-01,2.76145000e-03,9.77607370e-01,-4.00000000e-02]]]
[[[1146.290283203125,0,984.3402099609375],[0,1146.290283203125,575.939208984375],[0,0,1]],[[9.38850880e-01,-6.91013000e-03,3.44257920e-01,4.20000000e-01],[7.09941564e-03,9.99975622e-01,7.10653083e-04,-9.00000000e-02],[-3.44253870e-01,1.77681000e-03,9.38876570e-01,-3.00000000e-02]]]
[[[1146.290283203125,0,984.3402099609375],[0,1146.290283203125,575.939208984375],[0,0,1]],[[8.46095860e-01,-1.72704300e-02,5.32753470e-01,4.30000000e-01],[1.49277000e-02,9.99851880e-01,8.70495000e-03,-9.00000000e-02],[-5.32824099e-01,5.87532937e-04,8.46227825e-01,-2.00000000e-02]]]
[[[1146.290283203125,0,984.3402099609375],[0,1146.290283203125,575.939208984375],[0,0,1]],[[0.81533831,-0.0317658,0.57811534,0.46],[0.02128121,0.99946451,0.024904,-0.07],[-0.578596,-0.00800221,0.81557709,0.02]]]
[[[1146.290283203125,0,984.3402099609375],[0,1146.290283203125,575.939208984375],[0,0,1]],[[0.92107826,-0.05496192,0.38548189,0.45],[0.04014094,0.99811739,0.04639771,0.04],[-0.38730571,-0.02726233,0.92154974,0.1]]]
[[[1146.290283203125,0,984.3402099609375],[0,1146.290283203125,575.939208984375],[0,0,1]],[[0.99929732,-0.0359535,0.01069539,0.43],[0.03569322,0.99908519,0.02360374,0.04],[-0.01153403,-0.02320543,0.99966562,0.08]]]
[[[1146.290283203125,0,984.3402099609375],[0,1146.290283203125,575.939208984375],[0,0,1]],[[0.99590594,-0.02942481,-0.08548548,0.38],[0.03158303,0.99921399,0.02400488,0.03],[0.08471209,-0.02660652,0.99605161,0.08]]]
[[[1146.290283203125,0,984.3402099609375],[0,1146.290283203125,575.939208984375],[0,0,1]],[[0.98347932,-0.02526767,-0.17925568,0.36],[0.02956021,0.9993369,0.02131571,0.03],[0.17859825,-0.02626242,0.98357308,0.07]]]
[[[1146.290283203125,0,984.3402099609375],[0,1146.290283203125,575.939208984375],[0,0,1]],[[0.9982304,-0.03749638,0.04618223,0.57],[0.03711328,0.9992705,0.00912491,-0.02],[-0.04649046,-0.00739483,0.9988929,0.06]]]
[[[1146.290283203125,0,984.3402099609375],[0,1146.290283203125,575.939208984375],[0,0,1]],[[0.87037861,-0.08631357,0.48476201,0.63],[0.06566307,0.99607009,0.05945723,0.],[-0.4879882,-0.01991938,0.87262493,0.16]]]
[[[1146.290283203125,0,984.3402099609375],[0,1146.290283203125,575.939208984375],[0,0,1]],[[0.751351,-0.07808685,0.65526891,0.66],[0.06001239,0.9969461,0.04999166,-0.03],[-0.65717065,0.0017629,0.75374192,0.15]]]
[[[1146.290283203125,0,984.3402099609375],[0,1146.290283203125,575.939208984375],[0,0,1]],[[0.69296902,-0.09015648,0.71531045,0.72],[0.0603506,0.9959231,0.06705872,-0.02],[-0.71843922,-0.00330027,0.69558436,0.13]]]
[[[1146.290283203125,0,984.3402099609375],[0,1146.290283203125,575.939208984375],[0,0,1]],[[0.79462188,-0.1116368,0.59675503,0.8],[0.07935579,0.99361503,0.08021065,0.06],[-0.60189849,-0.01638123,0.79840672,0.18]]]
[[[1146.290283203125,0,984.3402099609375],[0,1146.290283203125,575.939208984375],[0,0,1]],[[0.96743912,-0.09159001,0.23595804,0.78],[0.08564813,0.99569976,0.03533148,0.06],[-0.23817894,-0.01397175,0.9711225,0.16]]]
[[[1146.290283203125,0,984.3402099609375],[0,1146.290283203125,575.939208984375],[0,0,1]],[[0.99677348,-0.08015728,0.00456062,0.7],[0.08005816,0.99661326,0.01883748,0.05],[-0.00605492,-0.01841162,0.99981385,0.16]]]
[[[1146.290283203125,0,984.3402099609375],[0,1146.290283203125,575.939208984375],[0,0,1]],[[0.99421114,-0.07655516,-0.07541311,0.7],[0.07778908,0.99687868,0.01355975,0.05],[0.07413978,-0.0193476,0.99706185,0.15]]]
[[[1146.290283203125,0,984.3402099609375],[0,1146.290283203125,575.939208984375],[0,0,1]],[[0.99316144,-0.07460351,-0.08982354,0.69],[0.07582205,0.99707013,0.01022716,0.04],[0.0887975,-0.01696786,0.99590695,0.14]]]
[[[1146.290283203125,0,984.3402099609375],[0,1146.290283203125,575.939208984375],[0,0,1]],[[0.94571781,-0.09333904,0.31130275,0.84],[0.0876129,0.99563015,0.03236087,0.01],[-0.31296226,-0.00333018,0.94976187,0.13]]]
[[[1146.290283203125,0,984.3402099609375],[0,1146.290283203125,575.939208984375],[0,0,1]],[[0.85720855,-0.11061398,0.50295305,0.89],[0.09067194,0.99382126,0.06403321,0.02],[-0.50692761,-0.00928616,0.86194092,0.13]]]
[[[1146.290283203125,0,984.3402099609375],[0,1146.290283203125,575.939208984375],[0,0,1]],[[0.78958493,-0.1151609,0.60274178,0.89],[0.08670161,0.99331677,0.0762066,0.03],[-0.60748857,-0.00791295,0.79429173,0.15]]]
[[[1146.290283203125,0,984.3402099609375],[0,1146.290283203125,575.939208984375],[0,0,1]],[[0.7157135,-0.11905891,0.68817383,0.91],[0.08380985,0.99288458,0.08461214,0.03],[-0.69334984,-0.00288234,0.7205984,0.15]]]
[[[1146.290283203125,0,984.3402099609375],[0,1146.290283203125,575.939208984375],[0,0,1]],[[6.6747040e-01,-1.2183309e-01,7.3460478e-01,9.2000000e-01],[8.1214020e-02,9.9255198e-01,9.0821160e-02,3.0000000e-02],[-7.4019700e-01,-9.6026000e-04,6.7239261e-01,1.4000000e-01]]]
[[[1146.290283203125,0,984.3402099609375],[0,1146.290283203125,575.939208984375],[0,0,1]],[[0.66232979,-0.1263165,0.73849028,0.97],[0.0816588,0.9919855,0.09643872,0.05],[-0.74475187,-0.00357005,0.66733515,0.11]]]
[[[1146.290283203125,0,984.3402099609375],[0,1146.290283203125,575.939208984375],[0,0,1]],[[0.89966905,-0.12602265,0.41799334,0.97],[0.1069506,0.9918794,0.06885067,0.09],[-0.42327476,-0.01723819,0.90583974,0.07]]]
[[[1146.290283203125,0,984.3402099609375],[0,1146.290283203125,575.939208984375],[0,0,1]],[[0.96713865,-0.11176418,0.22837767,0.91],[0.10577975,0.99365306,0.03831864,0.09],[-0.23121016,-0.01290172,0.97282064,0.07]]]
[[[1146.290283203125,0,984.3402099609375],[0,1146.290283203125,575.939208984375],[0,0,1]],[[0.98134065,-0.1083271,0.15887178,0.89],[0.10472894,0.99402338,0.03087331,0.08],[-0.16126622,-0.01365878,0.98681867,0.07]]]
[[[1146.290283203125,0,984.3402099609375],[0,1146.290283203125,575.939208984375],[0,0,1]],[[0.97736657,-0.10630139,0.18291773,0.95],[0.10313582,0.99430931,0.02676041,0.07],[-0.18472095,-0.00728939,0.98276615,0.07]]]
[[[1146.290283203125,0,984.3402099609375],[0,1146.290283203125,575.939208984375],[0,0,1]],[[0.92010158,-0.11404034,0.37471604,0.96],[0.10236916,0.9934414,0.05097833,0.06],[-0.37807113,-0.00854592,0.92573941,0.09]]]
[[[1146.290283203125,0,984.3402099609375],[0,1146.290283203125,575.939208984375],[0,0,1]],[[0.72959012,-0.13297465,0.67083549,0.94],[0.09128778,0.99107456,0.09717011,0.07],[-0.67776763,-0.00965528,0.73521572,0.12]]]
[[[1146.290283203125,0,984.3402099609375],[0,1146.290283203125,575.939208984375],[0,0,1]],[[0.61547244,-0.13730705,0.77610874,0.99],[0.08273577,0.99052548,0.10962968,0.07],[-0.78380656,-0.00326214,0.62100017,0.07]]]
[[[1146.290283203125,0,984.3402099609375],[0,1146.290283203125,575.939208984375],[0,0,1]],[[0.58348995,-0.1410601,0.7997787,1.01],[0.08034696,0.98999757,0.11599147,0.07],[-0.80813891,-0.00342013,0.58898628,0.05]]]
[[[1146.290283203125,0,984.3402099609375],[0,1146.290283203125,575.939208984375],[0,0,1]],[[0.76249665,-0.15099201,0.62913001,1.],[0.10861479,0.98846239,0.10559259,0.12],[-0.63781363,-0.01218118,0.77009785,-0.03]]]
[[[1146.290283203125,0,984.3402099609375],[0,1146.290283203125,575.939208984375],[0,0,1]],[[0.90494972,-0.13290654,0.40423501,0.95],[0.11666435,0.99106592,0.06467462,0.12],[-0.40921828,-0.01136749,0.91236854,-0.04]]]
[[[1146.290283203125,0,984.3402099609375],[0,1146.290283203125,575.939208984375],[0,0,1]],[[0.9431026,-0.12812804,0.30683094,0.96],[0.11927543,0.99172628,0.04751462,0.12],[-0.31037956,-0.00821379,0.95058024,-0.03]]]
[[[1146.290283203125,0,984.3402099609375],[0,1146.290283203125,575.939208984375],[0,0,1]],[[0.98355705,-0.118719,0.13610938,0.92],[0.11580036,0.99284607,0.02919289,0.12],[-0.13860106,-0.01295137,0.9902665,-0.03]]]
[[[1146.290283203125,0,984.3402099609375],[0,1146.290283203125,575.939208984375],[0,0,1]],[[0.98368376,-0.11833278,0.13552883,0.91],[0.11542589,0.99289131,0.02913761,0.12],[-0.13801299,-0.01301868,0.99034786,-0.03]]]
[[[1146.290283203125,0,984.3402099609375],[0,1146.290283203125,575.939208984375],[0,0,1]],[[0.96828377,-0.11794538,0.22027266,0.9],[0.11099395,0.99286175,0.0437175,0.13],[-0.22385611,-0.017882,0.9744612,0.04]]]
[[[1146.290283203125,0,984.3402099609375],[0,1146.290283203125,575.939208984375],[0,0,1]],[[0.88108534,-0.12703368,0.45558295,0.93],[0.10530312,0.991768,0.07288873,0.13],[-0.46109101,-0.01624688,0.88720763,0.06]]]
[[[1146.290283203125,0,984.3402099609375],[0,1146.290283203125,575.939208984375],[0,0,1]],[[0.8206526,-0.13489483,0.55528146,0.92],[0.10126343,0.99069065,0.09101135,0.13],[-0.562388,-0.018459,0.82667112,0.07]]]
[[[1146.290283203125,0,984.3402099609375],[0,1146.290283203125,575.939208984375],[0,0,1]],[[0.69760674,-0.14567865,0.70151788,0.92],[0.08986116,0.98917234,0.11605332,0.13],[-0.71082711,-0.01792038,0.70314294,0.09]]]
[[[1146.290283203125,0,984.3402099609375],[0,1146.290283203125,575.939208984375],[0,0,1]],[[0.6279552,-0.14955388,0.76374781,0.97],[0.08390959,0.98865473,0.12460352,0.14],[-0.77371615,-0.01415973,0.63337898,0.06]]]
[[[1146.290283203125,0,984.3402099609375],[0,1146.290283203125,575.939208984375],[0,0,1]],[[0.62899584,-0.15188082,0.76243132,0.97],[0.08539109,0.98829627,0.12642789,0.14],[-0.77270824,-0.01441786,0.63460249,0.04]]]
[[[1146.290283203125,0,984.3402099609375],[0,1146.290283203125,575.939208984375],[0,0,1]],[[0.76044351,-0.15005262,0.63183469,1.03],[0.10133217,0.98844159,0.11278394,0.16],[-0.64145368,-0.02174069,0.76685768,-0.07]]]
[[[1146.290283203125,0,984.3402099609375],[0,1146.290283203125,575.939208984375],[0,0,1]],[[0.94245696,-0.12405847,0.31046653,1.],[0.11270841,0.9921456,0.05430913,0.15],[-0.31476453,-0.01619189,0.94903493,-0.1]]]
[[[1146.290283203125,0,984.3402099609375],[0,1146.290283203125,575.939208984375],[0,0,1]],[[0.97574586,-0.11668295,0.18522982,0.93],[0.11059406,0.99294174,0.04290665,0.15],[-0.18892819,-0.02138074,0.98176128,-0.08]]]
[[[1146.290283203125,0,984.3402099609375],[0,1146.290283203125,575.939208984375],[0,0,1]],[[0.9767558,-0.11711486,0.17954707,0.92],[0.11117644,0.99288028,0.04282287,0.15],[-0.18328328,-0.02186615,0.98282003,-0.08]]]
[[[1146.290283203125,0,984.3402099609375],[0,1146.290283203125,575.939208984375],[0,0,1]],[[0.97677416,-0.1159404,0.18020888,0.92],[0.11005676,0.9930256,0.04234583,0.15],[-0.18386099,-0.02152918,0.9827196,-0.08]]]
[[[1146.290283203125,0,984.3402099609375],[0,1146.290283203125,575.939208984375],[0,0,1]],[[0.95221066,-0.11933699,0.28117445,0.85],[0.1078361,0.99258822,0.05608511,0.15],[-0.28578255,-0.02308415,0.95801967,-0.04]]]
[[[1146.290283203125,0,984.3402099609375],[0,1146.290283203125,575.939208984375],[0,0,1]],[[0.80361313,-0.13860917,0.57879156,0.84],[0.09492511,0.98990619,0.10526577,0.15],[-0.58753842,-0.02965112,0.80865687,0.]]]
[[[1146.290283203125,0,984.3402099609375],[0,1146.290283203125,575.939208984375],[0,0,1]],[[0.64981139,-0.15268841,0.74460614,0.92],[0.08013304,0.98792124,0.13265096,0.17],[-0.75586414,-0.02653058,0.65419608,0.]]]
[[[1146.290283203125,0,984.3402099609375],[0,1146.290283203125,575.939208984375],[0,0,1]],[[0.59980071,-0.15452443,0.78509116,0.93],[0.07486537,0.98771185,0.13720863,0.18],[-0.79664361,-0.02352171,0.60399723,0.]]]
[[[1146.290283203125,0,984.3402099609375],[0,1146.290283203125,575.939208984375],[0,0,1]],[[0.60528612,-0.15864125,0.78004366,0.99],[0.0791015,0.98707914,0.13936704,0.2],[-0.79207194,-0.02265436,0.61001271,-0.1]]]
[[[1146.290283203125,0,984.3402099609375],[0,1146.290283203125,575.939208984375],[0,0,1]],[[0.92255187,-0.131346,0.36284024,0.99],[0.11267804,0.99100441,0.07224414,0.19],[-0.36906409,-0.02576486,0.92905033,-0.16]]]
[[[1146.290283203125,0,984.3402099609375],[0,1146.290283203125,575.939208984375],[0,0,1]],[[0.97267604,-0.12316573,0.1968199,0.93],[0.11439377,0.99189365,0.05537631,0.19],[-0.20204411,-0.03134825,0.97887802,-0.14]]]
[[[1146.290283203125,0,984.3402099609375],[0,1146.290283203125,575.939208984375],[0,0,1]],[[0.98035157,-0.12097338,0.15582971,0.92],[0.11433639,0.99214,0.05090556,0.19],[-0.16076247,-0.03208834,0.98647487,-0.14]]]
[[[1146.290283203125,0,984.3402099609375],[0,1146.290283203125,575.939208984375],[0,0,1]],[[0.9630084,-0.11891167,0.24182953,0.87],[0.10861684,0.99253541,0.05551444,0.17],[-0.24662481,-0.02719413,0.96873295,-0.16]]]
[[[1146.290283203125,0,984.3402099609375],[0,1146.290283203125,575.939208984375],[0,0,1]],[[0.90138954,-0.12639663,0.41415867,0.91],[0.10511059,0.99171442,0.07389364,0.17],[-0.42006567,-0.02307453,0.90720415,-0.15]]]
[[[1146.290283203125,0,984.3402099609375],[0,1146.290283203125,575.939208984375],[0,0,1]],[[0.82564998,-0.13685194,0.5473392,0.89],[0.09673248,0.99011022,0.10163946,0.18],[-0.55583405,-0.03097315,0.83072025,-0.13]]]
[[[1146.290283203125,0,984.3402099609375],[0,1146.290283203125,575.939208984375],[0,0,1]],[[0.65577859,-0.15055658,0.73979294,0.87],[0.07804413,0.98818535,0.13192615,0.18],[-0.75091285,-0.0287779,0.65977937,-0.08]]]
[[[1146.290283203125,0,984.3402099609375],[0,1146.290283203125,575.939208984375],[0,0,1]],[[0.54764718,-0.15657213,0.82193339,0.95],[0.06466651,0.98732036,0.14499031,0.18],[-0.83421075,-0.02625201,0.55082691,-0.15]]]
[[[1146.290283203125,0,984.3402099609375],[0,1146.290283203125,575.939208984375],[0,0,1]],[[0.58718109,-0.15469512,0.79454041,0.98],[0.07371102,0.98771185,0.13783115,0.2],[-0.80609661,-0.02236548,0.59136713,-0.21]]]
[[[1146.290283203125,0,984.3402099609375],[0,1146.290283203125,575.939208984375],[0,0,1]],[[0.851538,-0.14065185,0.505081,0.99],[0.10451881,0.98955077,0.09935105,0.2],[-0.51377565,-0.03181073,0.85733867,-0.28]]]
[[[1146.290283203125,0,984.3402099609375],[0,1146.290283203125,575.939208984375],[0,0,1]],[[0.94424903,-0.12329208,0.30528584,0.93],[0.10940939,0.9920491,0.06224326,0.19],[-0.31053162,-0.02537201,0.95022815,-0.29]]]
[[[1146.290283203125,0,984.3402099609375],[0,1146.290283203125,575.939208984375],[0,0,1]],[[0.98035359,-0.11702383,0.15880486,0.91],[0.11070248,0.99269116,0.04811481,0.18],[-0.16327412,-0.02958944,0.98614043,-0.29]]]
[[[1146.290283203125,0,984.3402099609375],[0,1146.290283203125,575.939208984375],[0,0,1]],[[0.98314327,-0.11368826,0.14321826,0.88],[0.10791854,0.99302965,0.04745457,0.19],[-0.14761432,-0.03119872,0.98855627,-0.27]]]
[[[1146.290283203125,0,984.3402099609375],[0,1146.290283203125,575.939208984375],[0,0,1]],[[0.95305985,-0.11003414,0.28209358,0.75],[0.09557852,0.99333024,0.06454632,0.19],[-0.28731322,-0.03455438,0.95721692,-0.24]]]
[[[1146.290283203125,0,984.3402099609375],[0,1146.290283203125,575.939208984375],[0,0,1]],[[0.74633777,-0.14371631,0.64987171,0.75],[0.08105423,0.98877066,0.12557645,0.22],[-0.66061902,-0.04104755,0.74960309,-0.14]]]
[[[1146.290283203125,0,984.3402099609375],[0,1146.290283203125,575.939208984375],[0,0,1]],[[0.66623116,-0.14563794,0.73139149,0.73],[0.07079691,0.98867095,0.13237895,0.21],[-0.74238235,-0.03641469,0.66899186,-0.11]]]
[[[1146.290283203125,0,984.3402099609375],[0,1146.290283203125,575.939208984375],[0,0,1]],[[0.51542681,-0.14094105,0.84526837,0.77],[0.05534383,0.98980087,0.131293,0.22],[-0.85514903,-0.02089159,0.5179686,-0.15]]]
[[[1146.290283203125,0,984.3402099609375],[0,1146.290283203125,575.939208984375],[0,0,1]],[[0.58326507,-0.14429438,0.79936761,0.86],[0.06514189,0.98923826,0.13103667,0.22],[-0.80967027,-0.02435684,0.58638608,-0.27]]]
[[[1146.290283203125,0,984.3402099609375],[0,1146.290283203125,575.939208984375],[0,0,1]],[[0.86102855,-0.15173161,0.48540175,0.82],[0.10752515,0.98719549,0.11785385,0.26],[-0.49706686,-0.04928259,0.86631602,-0.31]]]
[[[1146.290283203125,0,984.3402099609375],[0,1146.290283203125,575.939208984375],[0,0,1]],[[0.97457063,-0.13046828,0.18220218,0.73],[0.11916284,0.99028373,0.07172231,0.24],[-0.18978855,-0.04818667,0.98064572,-0.29]]]
[[[1146.290283203125,0,984.3402099609375],[0,1146.290283203125,575.939208984375],[0,0,1]],[[0.9830575,-0.12619205,0.13297161,0.7],[0.11843977,0.99085355,0.06471083,0.24],[-0.1399207,-0.04786527,0.98900908,-0.28]]]
[[[1146.290283203125,0,984.3402099609375],[0,1146.290283203125,575.939208984375],[0,0,1]],[[0.85021085,-0.13691442,0.5083347,0.87],[0.09850866,0.98991239,0.10186224,0.24],[-0.51715112,-0.03652899,0.85511857,-0.38]]]
[[[1146.290283203125,0,984.3402099609375],[0,1146.290283203125,575.939208984375],[0,0,1]],[[0.66122115,-0.15349819,0.73432493,0.92],[0.07927256,0.98766273,0.1350733,0.24],[-0.745996,-0.03110154,0.6652295,-0.4]]]
[[[1146.290283203125,0,984.3402099609375],[0,1146.290283203125,575.939208984375],[0,0,1]],[[0.55128521,-0.15787637,0.81924826,0.92],[0.06385408,0.98704046,0.1472429,0.25],[-0.83187419,-0.02886054,0.55422014,-0.37]]]
[[[1146.290283203125,0,984.3402099609375],[0,1146.290283203125,575.939208984375],[0,0,1]],[[0.42086729,-0.15614013,0.89358741,0.96],[0.05054692,0.98758423,0.14875759,0.25],[-0.90571666,-0.01743918,0.42353314,-0.43]]]
[[[1146.290283203125,0,984.3402099609375],[0,1146.290283203125,575.939208984375],[0,0,1]],[[0.55960739,-0.16342321,0.81249022,1.01],[0.07549866,0.98634475,0.14639187,0.26],[-0.82531595,-0.02058009,0.56430215,-0.52]]]
[[[1146.290283203125,0,984.3402099609375],[0,1146.290283203125,575.939208984375],[0,0,1]],[[0.82203174,-0.14715338,0.550107,0.95],[0.10571911,0.98868048,0.10649405,0.26],[-0.5595485,-0.0293847,0.82828069,-0.53]]]
[[[1146.290283203125,0,984.3402099609375],[0,1146.290283203125,575.939208984375],[0,0,1]],[[0.90375906,-0.14041288,0.40436578,0.93],[0.11603588,0.98966342,0.08431215,0.25],[-0.41202259,-0.02927694,0.91070694,-0.54]]]
[[[1146.290283203125,0,984.3402099609375],[0,1146.290283203125,575.939208984375],[0,0,1]],[[0.96923369,-0.13306986,0.20708968,0.9],[0.12278812,0.99051046,0.06179274,0.25],[-0.21334612,-0.03446344,0.97637218,-0.55]]]
[[[1146.290283203125,0,984.3402099609375],[0,1146.290283203125,575.939208984375],[0,0,1]],[[0.97299749,-0.13111807,0.18997793,0.88],[0.12132755,0.99065673,0.06233099,0.25],[-0.19637457,-0.03759831,0.97981137,-0.53]]]
[[[1146.290283203125,0,984.3402099609375],[0,1146.290283203125,575.939208984375],[0,0,1]],[[0.96241117,-0.13032858,0.2383,0.86],[0.11707955,0.99072623,0.06899371,0.25],[-0.24508066,-0.03850024,0.96874154,-0.51]]]
[[[1146.290283203125,0,984.3402099609375],[0,1146.290283203125,575.939208984375],[0,0,1]],[[0.86802852,-0.13553922,0.47766486,0.8],[0.10012794,0.99004304,0.09897251,0.25],[-0.48632136,-0.03808334,0.87295395,-0.46]]]
[[[1146.290283203125,0,984.3402099609375],[0,1146.290283203125,575.939208984375],[0,0,1]],[[0.67435914,-0.15483086,0.72199398,0.81],[0.07934492,0.98730564,0.13761659,0.26],[-0.73413342,-0.03551643,0.67808145,-0.46]]]
[[[1146.290283203125,0,984.3402099609375],[0,1146.290283203125,575.939208984375],[0,0,1]],[[0.49642497,-0.16909169,0.85145658,0.83],[0.05876232,0.98514462,0.16138062,0.29],[-0.8660928,-0.03007981,0.49898496,-0.48]]]
[[[1146.290283203125,0,984.3402099609375],[0,1146.290283203125,575.939208984375],[0,0,1]],[[0.43101323,-0.1616049,0.88776112,0.87],[0.05708152,0.9867478,0.15191063,0.29],[-0.90054256,-0.01480082,0.43452463,-0.54]]]
[[[1146.290283203125,0,984.3402099609375],[0,1146.290283203125,575.939208984375],[0,0,1]],[[0.68007362,-0.18272045,0.71001518,0.94],[0.1005835,0.98254412,0.15651315,0.34],[-0.72621655,-0.03502464,0.68657851,-0.58]]]
[[[1146.290283203125,0,984.3402099609375],[0,1146.290283203125,575.939208984375],[0,0,1]],[[0.8923707,-0.16509563,0.42003155,0.86],[0.13248537,0.98551536,0.1058927,0.33],[-0.43142825,-0.03884749,0.90131456,-0.58]]]
[[[1146.290283203125,0,984.3402099609375],[0,1146.290283203125,575.939208984375],[0,0,1]],[[0.94234163,-0.15869819,0.29464543,0.82],[0.13858855,0.98643029,0.08806172,0.32],[-0.30462116,-0.04214969,0.95154452,-0.58]]]
[[[1146.290283203125,0,984.3402099609375],[0,1146.290283203125,575.939208984375],[0,0,1]],[[0.95681405,-0.1563748,0.24507686,0.81],[0.14091323,0.98682678,0.07951423,0.32],[-0.25428137,-0.04154568,0.96624148,-0.58]]]
[[[1146.290283203125,0,984.3402099609375],[0,1146.290283203125,575.939208984375],[0,0,1]],[[0.96185678,-0.15478477,0.22557053,0.8],[0.14080648,0.9870497,0.07689202,0.32],[-0.23455004,-0.04219724,0.97119164,-0.58]]]
[[[1146.290283203125,0,984.3402099609375],[0,1146.290283203125,575.939208984375],[0,0,1]],[[0.94673109,-0.15183063,0.28400135,0.67],[0.13014075,0.98704618,0.09385703,0.33],[-0.29457155,-0.0518971,0.95422322,-0.54]]]
[[[1146.290283203125,0,984.3402099609375],[0,1146.290283203125,575.939208984375],[0,0,1]],[[0.73259169,-0.17299904,0.658324,0.7],[0.09691428,0.98382258,0.15068835,0.32],[-0.67374003,-0.04659193,0.73750335,-0.53]]]
[[[1146.290283203125,0,984.3402099609375],[0,1146.290283203125,575.939208984375],[0,0,1]],[[0.58208287,-0.1805854,0.7928291,0.74],[0.07316344,0.9827069,0.17011905,0.33],[-0.80983627,-0.04101716,0.58522666,-0.58]]]
[[[1146.290283203125,0,984.3402099609375],[0,1146.290283203125,575.939208984375],[0,0,1]],[[0.48896122,-0.17557748,0.85445839,0.75],[0.05979296,0.98397928,0.16797559,0.33],[-0.87025857,-0.03104285,0.49162394,-0.58]]]
[[[1146.290283203125,0,984.3402099609375],[0,1146.290283203125,575.939208984375],[0,0,1]],[[0.4026747,-0.17120092,0.89919591,0.76],[0.04855068,0.98496842,0.16578968,0.33],[-0.91405904,-0.02310269,0.40493199,-0.59]]]
[[[1146.290283203125,0,984.3402099609375],[0,1146.290283203125,575.939208984375],[0,0,1]],[[0.39796492,-0.16665162,0.90214217,0.79],[0.05461139,0.98592472,0.1580378,0.33],[-0.91577792,-0.01362625,0.40146282,-0.74]]]
[[[1146.290283203125,0,984.3402099609375],[0,1146.290283203125,575.939208984375],[0,0,1]],[[0.7294153,-0.17830411,0.66043204,0.8],[0.10936419,0.98341388,0.14471561,0.35],[-0.67527884,-0.03333006,0.7368142,-0.79]]]
[[[1146.290283203125,0,984.3402099609375],[0,1146.290283203125,575.939208984375],[0,0,1]],[[0.91250378,-0.16078147,0.3761594,0.71],[0.13469666,0.986341,0.09483785,0.32],[-0.38626811,-0.03587235,0.92169273,-0.78]]]
[[[1146.290283203125,0,984.3402099609375],[0,1146.290283203125,575.939208984375],[0,0,1]],[[0.9261812,-0.15933047,0.34177727,0.71],[0.13687855,0.98658448,0.08900134,0.32],[-0.35137153,-0.03564927,0.93556112,-0.78]]]
[[[1146.290283203125,0,984.3402099609375],[0,1146.290283203125,575.939208984375],[0,0,1]],[[0.94246614,-0.15747656,0.29490384,0.69],[0.13862538,0.98678666,0.08391237,0.32],[-0.30422029,-0.03820328,0.95183939,-0.78]]]
[[[1146.290283203125,0,984.3402099609375],[0,1146.290283203125,575.939208984375],[0,0,1]],[[0.94474912,-0.15766963,0.28739998,0.69],[0.1396745,0.9867816,0.0822136,0.32],[-0.29656252,-0.03752864,0.95427978,-0.77]]]
[[[1146.290283203125,0,984.3402099609375],[0,1146.290283203125,575.939208984375],[0,0,1]],[[0.94715905,-0.15706328,0.27969658,0.69],[0.13966584,0.98686564,0.08121173,0.32],[-0.28877735,-0.03785625,0.95665157,-0.78]]]
[[[1146.290283203125,0,984.3402099609375],[0,1146.290283203125,575.939208984375],[0,0,1]],[[0.86330366,-0.16197334,0.4779968,0.63],[0.12233914,0.98601854,0.11316591,0.33],[-0.48964164,-0.03921868,0.87104571,-0.7]]]
[[[1146.290283203125,0,984.3402099609375],[0,1146.290283203125,575.939208984375],[0,0,1]],[[0.70679003,-0.17632355,0.68510401,0.63],[0.09628065,0.98340774,0.15376912,0.34],[-0.70084703,-0.04272009,0.71203661,-0.68]]]
[[[1146.290283203125,0,984.3402099609375],[0,1146.290283203125,575.939208984375],[0,0,1]],[[0.51260817,-0.19266883,0.83673245,0.66],[0.06816435,0.98055768,0.184027,0.35],[-0.85591745,-0.03729832,0.51577312,-0.67]]]
[[[1146.290283203125,0,984.3402099609375],[0,1146.290283203125,575.939208984375],[0,0,1]],[[0.39708531,-0.20221525,0.8952328,0.69],[0.0484541,0.97868699,0.19957387,0.36],[-0.91650611,-0.03587006,0.39841893,-0.69]]]
[[[1146.290283203125,0,984.3402099609375],[0,1146.290283203125,575.939208984375],[0,0,1]],[[0.37964812,-0.19801785,0.90369558,0.71],[0.04964413,0.97978038,0.19383381,0.39],[-0.92380244,-0.0287254,0.3818008,-0.76]]]
[[[1146.290283203125,0,984.3402099609375],[0,1146.290283203125,575.939208984375],[0,0,1]],[[0.57147002,-0.19748284,0.79651278,0.79],[0.08588931,0.97967815,0.18127333,0.39],[-0.81612128,-0.03518024,0.57681608,-0.82]]]
[[[1146.290283203125,0,984.3402099609375],[0,1146.290283203125,575.939208984375],[0,0,1]],[[0.86591792,-0.17473401,0.46868354,0.77],[0.13456129,0.98383558,0.11818323,0.39],[-0.48175618,-0.03927022,0.87542987,-0.85]]]
[[[1146.290283203125,0,984.3402099609375],[0,1146.290283203125,575.939208984375],[0,0,1]],[[0.94942975,-0.16312069,0.26830038,0.69],[0.14298819,0.98534161,0.09307621,0.38],[-0.27954888,-0.05000537,0.95883286,-0.81]]]
[[[1146.290283203125,0,984.3402099609375],[0,1146.290283203125,575.939208984375],[0,0,1]],[[0.966084,-0.16304204,0.20027299,0.68],[0.14840469,0.9851709,0.08614694,0.38],[-0.21134761,-0.05350356,0.97594982,-0.81]]]
[[[1146.290283203125,0,984.3402099609375],[0,1146.290283203125,575.939208984375],[0,0,1]],[[0.96866262,-0.15930226,0.19059458,0.67],[0.14608087,0.98590463,0.08160658,0.38],[-0.20090713,-0.05120684,0.97827536,-0.81]]]
[[[1146.290283203125,0,984.3402099609375],[0,1146.290283203125,575.939208984375],[0,0,1]],[[0.93717903,-0.1588048,0.3106243,0.61],[0.13390443,0.9859342,0.10005236,0.38],[-0.32214233,-0.0521728,0.94525719,-0.76]]]
[[[1146.290283203125,0,984.3402099609375],[0,1146.290283203125,575.939208984375],[0,0,1]],[[0.69966263,-0.18353721,0.69050515,0.62],[0.09335029,0.98164445,0.16633423,0.38],[-0.70835567,-0.05191881,0.70394999,-0.72]]]
[[[1146.290283203125,0,984.3402099609375],[0,1146.290283203125,575.939208984375],[0,0,1]],[[0.50330317,-0.19706526,0.84134549,0.67],[0.05939279,0.97923863,0.19383399,0.39],[-0.86207181,-0.04758725,0.50455606,-0.76]]]
[[[1146.290283203125,0,984.3402099609375],[0,1146.290283203125,575.939208984375],[0,0,1]],[[0.3885017,-0.19766413,0.90000337,0.69],[0.04143172,0.97948408,0.19723538,0.4],[-0.9205209,-0.03933749,0.38871929,-0.78]]]
[[[1146.290283203125,0,984.3402099609375],[0,1146.290283203125,575.939208984375],[0,0,1]],[[0.38545445,-0.18105693,0.90479499,0.74],[0.04639397,0.98312658,0.1769672,0.4],[-0.9215647,-0.0262357,0.38734898,-0.87]]]
[[[1146.290283203125,0,984.3402099609375],[0,1146.290283203125,575.939208984375],[0,0,1]],[[0.71942884,-0.17714116,0.67160523,0.75],[0.09690559,0.98307699,0.15548815,0.4],[-0.68777966,-0.04678019,0.72441685,-0.93]]]
[[[1146.290283203125,0,984.3402099609375],[0,1146.290283203125,575.939208984375],[0,0,1]],[[0.87962019,-0.1629183,0.44691908,0.73],[0.12352442,0.98552567,0.11614073,0.39],[-0.45936924,-0.04695414,0.88700867,-0.94]]]
[[[1146.290283203125,0,984.3402099609375],[0,1146.290283203125,575.939208984375],[0,0,1]],[[0.95876694,-0.15858589,0.23585457,0.7],[0.13768598,0.98514193,0.10269365,0.38],[-0.24863461,-0.06598513,0.96635216,-0.95]]]
[[[1146.290283203125,0,984.3402099609375],[0,1146.290283203125,575.939208984375],[0,0,1]],[[0.96724349,-0.15563099,0.20057432,0.71],[0.13640884,0.98492485,0.1064152,0.38],[-0.21411088,-0.07556896,0.97388697,-0.96]]]
[[[1146.290283203125,0,984.3402099609375],[0,1146.290283203125,575.939208984375],[0,0,1]],[[0.96287823,-0.15237327,0.2228435,0.69],[0.13304314,0.98611641,0.09941208,0.38],[-0.23489603,-0.06607361,0.96977746,-0.99]]]
[[[1146.290283203125,0,984.3402099609375],[0,1146.290283203125,575.939208984375],[0,0,1]],[[0.93238157,-0.15062197,0.3286171,0.69],[0.12488015,0.98730367,0.09821015,0.37],[-0.33923563,-0.05053133,0.9393487,-0.96]]]
[[[1146.290283203125,0,984.3402099609375],[0,1146.290283203125,575.939208984375],[0,0,1]],[[0.81860662,-0.1574818,0.5523535,0.66],[0.10256954,0.9863047,0.12919411,0.37],[-0.56513166,-0.04910427,0.82354432,-0.91]]]
[[[1146.290283203125,0,984.3402099609375],[0,1146.290283203125,575.939208984375],[0,0,1]],[[0.62522811,-0.17489609,0.76060015,0.67],[0.07403316,0.9834674,0.16528639,0.38],[-0.77692938,-0.04703182,0.62783653,-0.9]]]
[[[1146.290283203125,0,984.3402099609375],[0,1146.290283203125,575.939208984375],[0,0,1]],[[0.44730219,-0.18459107,0.8751331,0.69],[0.0480102,0.98201913,0.18259704,0.39],[-0.89309895,-0.03966055,0.44811949,-0.92]]]
[[[1146.290283203125,0,984.3402099609375],[0,1146.290283203125,575.939208984375],[0,0,1]],[[0.33682096,-0.19171607,0.92185032,0.71],[0.03089543,0.98077893,0.19268274,0.39],[-0.9410671,-0.03641845,0.33626845,-0.94]]]
[[[1146.290283203125,0,984.3402099609375],[0,1146.290283203125,575.939208984375],[0,0,1]],[[0.32658359,-0.1881125,0.92626584,0.73],[0.0335379,0.98168808,0.18754299,0.4],[-0.94457853,-0.03018333,0.32691059,-0.99]]]
[[[1146.290283203125,0,984.3402099609375],[0,1146.290283203125,575.939208984375],[0,0,1]],[[0.43014944,-0.18648589,0.88329291,0.75],[0.053509,0.98198241,0.18126349,0.4],[-0.90117639,-0.03070613,0.43237567,-1.04]]]
[[[1146.290283203125,0,984.3402099609375],[0,1146.290283203125,575.939208984375],[0,0,1]],[[0.6326198,-0.18361123,0.75238997,0.75],[0.08626518,0.9821552,0.16714917,0.4],[-0.7696501,-0.04083664,0.63716692,-1.06]]]
[[[1146.290283203125,0,984.3402099609375],[0,1146.290283203125,575.939208984375],[0,0,1]],[[0.78496069,-0.17326559,0.59483415,0.73],[0.11096426,0.98389608,0.14016084,0.4],[-0.60953647,-0.04401522,0.79154181,-1.08]]]
[[[1146.290283203125,0,984.3402099609375],[0,1146.290283203125,575.939208984375],[0,0,1]],[[0.88178855,-0.16177024,0.44304782,0.7],[0.12412792,0.98582667,0.11290552,0.39],[-0.45503047,-0.04456395,0.88936597,-1.08]]]
[[[1146.290283203125,0,984.3402099609375],[0,1146.290283203125,575.939208984375],[0,0,1]],[[0.91634125,-0.15792911,0.36795259,0.69],[0.12882912,0.98635799,0.10252114,0.39],[-0.37912181,-0.04654108,0.92418128,-1.08]]]
[[[1146.290283203125,0,984.3402099609375],[0,1146.290283203125,575.939208984375],[0,0,1]],[[0.92561948,-0.15617557,0.34474599,0.67],[0.12954742,0.98661125,0.09912416,0.38],[-0.35560888,-0.04709004,0.93345344,-1.08]]]
[[[1146.290283203125,0,984.3402099609375],[0,1146.290283203125,575.939208984375],[0,0,1]],[[0.89957744,-0.15889981,0.40684575,0.62],[0.12349489,0.98600537,0.11203891,0.39],[-0.41895252,-0.05054401,0.90660608,-1.04]]]
[[[1146.290283203125,0,984.3402099609375],[0,1146.290283203125,575.939208984375],[0,0,1]],[[0.73119491,-0.17549931,0.65921628,0.6],[0.09359733,0.98301685,0.15788536,0.39],[-0.67572534,-0.0537438,0.73519886,-1.]]]
[[[1146.290283203125,0,984.3402099609375],[0,1146.290283203125,575.939208984375],[0,0,1]],[[0.51976383,-0.18668301,0.83367091,0.63],[0.05993855,0.98140198,0.18239444,0.39],[-0.85221106,-0.04483278,0.52128381,-1.03]]]
[[[1146.290283203125,0,984.3402099609375],[0,1146.290283203125,575.939208984375],[0,0,1]],[[0.40390679,-0.19278853,0.8942616,0.65],[0.04193515,0.98042089,0.19242218,0.39],[-0.91384417,-0.04021944,0.40408111,-1.04]]]
[[[1146.290283203125,0,984.3402099609375],[0,1146.290283203125,575.939208984375],[0,0,1]],[[0.35165697,-0.19167206,0.91630316,0.67],[0.03636787,0.980878,0.19122231,0.4],[-0.93542802,-0.03392049,0.35190132,-1.1]]]
[[[1146.290283203125,0,984.3402099609375],[0,1146.290283203125,575.939208984375],[0,0,1]],[[0.47223538,-0.19312505,0.86006325,0.71],[0.05785478,0.98039609,0.18837886,0.41],[-0.87957805,-0.03920019,0.47414824,-1.16]]]
[[[1146.290283203125,0,984.3402099609375],[0,1146.290283203125,575.939208984375],[0,0,1]],[[0.68515998,-0.18018056,0.70576423,0.7],[0.09358006,0.9826721,0.16002633,0.41],[-0.72236419,-0.04359796,0.69014508,-1.19]]]
[[[1146.290283203125,0,984.3402099609375],[0,1146.290283203125,575.939208984375],[0,0,1]],[[0.81618708,-0.16785295,0.55288023,0.67],[0.11352301,0.98481357,0.13139841,0.4],[-0.56653595,-0.04448083,0.82284242,-1.19]]]
[[[1146.290283203125,0,984.3402099609375],[0,1146.290283203125,575.939208984375],[0,0,1]],[[0.89160573,-0.16105545,0.42321754,0.65],[0.12467534,0.98580581,0.1124903,0.4],[-0.43532455,-0.04753194,0.89902407,-1.19]]]
[[[1146.290283203125,0,984.3402099609375],[0,1146.290283203125,575.939208984375],[0,0,1]],[[0.9030866,-0.15921426,0.39887133,0.63],[0.12511271,0.98599744,0.11030357,0.4],[-0.41084522,-0.04970951,0.91035497,-1.18]]]
[[[1146.290283203125,0,984.3402099609375],[0,1146.290283203125,575.939208984375],[0,0,1]],[[0.87984139,-0.16145183,0.4470183,0.6],[0.12019709,0.98555195,0.11937872,0.4],[-0.45983049,-0.05130374,0.88652968,-1.15]]]
[[[1146.290283203125,0,984.3402099609375],[0,1146.290283203125,575.939208984375],[0,0,1]],[[0.77518022,-0.16527513,0.6097483,0.58],[0.0982376,0.98497272,0.14209026,0.4],[-0.62406498,-0.05024502,0.77976239,-1.12]]]
[[[1146.290283203125,0,984.3402099609375],[0,1146.290283203125,575.939208984375],[0,0,1]],[[0.55051774,-0.18823534,0.81333309,0.6],[0.06393551,0.98089933,0.18374011,0.41],[-0.83237851,-0.049151,0.55203384,-1.1]]]
[[[1146.290283203125,0,984.3402099609375],[0,1146.290283203125,575.939208984375],[0,0,1]],[[0.41852811,-0.19446041,0.8871485,0.62],[0.04237715,0.97993183,0.19480568,0.41],[-0.90722078,-0.04393659,0.41836724,-1.12]]]
[[[1146.290283203125,0,984.3402099609375],[0,1146.290283203125,575.939208984375],[0,0,1]],[[0.29495105,-0.1998755,0.93438035,0.64],[0.0215254,0.97902453,0.20263031,0.41],[-0.95527554,-0.03965286,0.29306507,-1.13]]]
[[[1146.290283203125,0,984.3402099609375],[0,1146.290283203125,575.939208984375],[0,0,1]],[[0.2388574,-0.19613932,0.95104671,0.67],[0.01617443,0.98006225,0.19806081,0.43],[-0.97092563,-0.03192545,0.23726627,-1.16]]]
[[[1146.290283203125,0,984.3402099609375],[0,1146.290283203125,575.939208984375],[0,0,1]],[[0.5145368,-0.02371936,0.85714036,0.72],[-0.01176351,0.99932808,0.03471564,0.45],[-0.85738766,-0.02794545,0.5139119,-1.33]]]
[[[1146.290283203125,0,984.3402099609375],[0,1146.290283203125,575.939208984375],[0,0,1]],[[0.79464823,-0.00816497,0.60701531,0.64],[-0.01406842,0.99939328,0.03185994,0.44],[-0.60690707,-0.03385721,0.79405123,-1.31]]]
[[[1146.290283203125,0,984.3402099609375],[0,1146.290283203125,575.939208984375],[0,0,1]],[[8.96848619e-01,-2.05643126e-04,4.42337543e-01,6.40000000e-01],[-1.59354300e-02,9.99335710e-01,3.27740600e-02,4.30000000e-01],[-4.42050430e-01,-3.64422400e-02,8.96249590e-01,-1.34000000e+00]]]
[[[1146.290283203125,0,984.3402099609375],[0,1146.290283203125,575.939208984375],[0,0,1]],[[0.95646799,-0.00369133,0.29181412,0.64],[-0.00876378,0.99910575,0.04136296,0.44],[-0.29170585,-0.04211973,0.95558029,-1.27]]]
[[[1146.290283203125,0,984.3402099609375],[0,1146.290283203125,575.939208984375],[0,0,1]],[[0.85323972,-0.01451177,0.52131724,0.65],[-0.0079999,0.99913096,0.040906,0.45],[-0.52145773,-0.03907311,0.852382,-1.23]]]
[[[1146.290283203125,0,984.3402099609375],[0,1146.290283203125,575.939208984375],[0,0,1]],[[0.64591902,-0.02316803,0.76305413,0.68],[-0.00734141,0.99930453,0.03655557,0.45],[-0.76337045,-0.02921383,0.64529979,-1.23]]]
[[[1146.290283203125,0,984.3402099609375],[0,1146.290283203125,575.939208984375],[0,0,1]],[[0.45073345,-0.0318212,0.89209121,0.71],[-0.00511616,0.99925601,0.03822882,0.45],[-0.89264405,-0.0217951,0.45023519,-1.23]]]
[[[1146.290283203125,0,984.3402099609375],[0,1146.290283203125,575.939208984375],[0,0,1]],[[2.3897262e-01,-3.8626510e-02,9.7025776e-01,7.6000000e-01],[-1.1309100e-03,9.9919689e-01,4.0057230e-02,4.4000000e-01],[-9.7102565e-01,-1.0669860e-02,2.3873690e-01,-1.2900000e+00]]]
[[[1146.290283203125,0,984.3402099609375],[0,1146.290283203125,575.939208984375],[0,0,1]],[[0.26659507,-0.03464867,0.96318567,0.79],[0.00474466,0.99938875,0.03463785,0.46],[-0.96379691,-0.0046643,0.26659638,-1.41]]]
[[[1146.290283203125,0,984.3402099609375],[0,1146.290283203125,575.939208984375],[0,0,1]],[[0.60417873,-0.03113073,0.79624039,0.76],[0.00247118,0.99930513,0.03719502,0.46],[-0.79684484,-0.02050481,0.60383564,-1.44]]]
[[[1146.290283203125,0,984.3402099609375],[0,1146.290283203125,575.939208984375],[0,0,1]],[[0.83251148,-0.01413772,0.5538274,0.72],[-0.00208843,0.99958718,0.02865624,0.45],[-0.55400383,-0.02501331,0.83213806,-1.46]]]
[[[1146.290283203125,0,984.3402099609375],[0,1146.290283203125,575.939208984375],[0,0,1]],[[0.90605795,-0.00746594,0.42308769,0.67],[-0.00597355,0.99951905,0.03043064,0.45],[-0.42311144,-0.03009927,0.90557748,-1.44]]]
[[[1146.290283203125,0,984.3402099609375],[0,1146.290283203125,575.939208984375],[0,0,1]],[[0.92080593,-0.00581175,0.38997766,0.66],[-0.00707985,0.99947518,0.03161203,0.45],[-0.38995677,-0.03186954,0.92028141,-1.43]]]
[[[1146.290283203125,0,984.3402099609375],[0,1146.290283203125,575.939208984375],[0,0,1]],[[0.92696506,-0.0051906,0.37511182,0.66],[-0.00696496,0.99949396,0.03104234,0.45],[-0.37508312,-0.0313878,0.92645961,-1.43]]]
[[[1146.290283203125,0,984.3402099609375],[0,1146.290283203125,575.939208984375],[0,0,1]],[[0.91062266,-0.00488484,0.41320997,0.65],[-0.01088589,0.99929982,0.03580377,0.46],[-0.41309553,-0.03710186,0.9099316,-1.39]]]
[[[1146.290283203125,0,984.3402099609375],[0,1146.290283203125,575.939208984375],[0,0,1]],[[0.68703711,-0.01791202,0.72640157,0.77],[-0.01152804,0.99930167,0.03554465,0.43],[-0.72653085,-0.03279449,0.68635076,-1.48]]]
[[[1146.290283203125,0,984.3402099609375],[0,1146.290283203125,575.939208984375],[0,0,1]],[[0.40511301,-0.03896955,0.91343558,0.79],[-0.00950415,0.99885768,0.04682902,0.44],[-0.91421723,-0.02765248,0.40427989,-1.51]]]
[[[1146.290283203125,0,984.3402099609375],[0,1146.290283203125,575.939208984375],[0,0,1]],[[0.25535423,-0.03892013,0.96606386,0.82],[-0.01021529,0.99902511,0.04294817,0.43],[-0.96679366,-0.02083557,0.25470755,-1.52]]]
[[[1146.290283203125,0,984.3402099609375],[0,1146.290283203125,575.939208984375],[0,0,1]],[[0.12595104,-0.03152882,0.99153543,0.85],[-0.00390706,0.99947137,0.03227748,0.45],[-0.99202877,-0.00793934,0.12576114,-1.58]]]
[[[1146.290283203125,0,984.3402099609375],[0,1146.290283203125,575.939208984375],[0,0,1]],[[3.51138000e-01,-2.08766700e-02,9.36091070e-01,8.80000000e-01],[6.93742186e-04,9.99756932e-01,2.20363289e-02,4.20000000e-01],[-9.36323400e-01,-7.08836000e-03,3.51066950e-01,-1.73000000e+00]]]
[[[1146.290283203125,0,984.3402099609375],[0,1146.290283203125,575.939208984375],[0,0,1]],[[0.64342344,-0.01710159,0.76531947,0.82],[-0.00406361,0.99966019,0.02575453,0.42],[-0.76549953,-0.01968097,0.64313483,-1.76]]]
[[[1146.290283203125,0,984.3402099609375],[0,1146.290283203125,575.939208984375],[0,0,1]],[[0.89244932,-0.00353978,0.45113373,0.71],[-0.0123544,0.99940258,0.03228176,0.42],[-0.45097855,-0.03438328,0.89187199,-1.74]]]
[[[1146.290283203125,0,984.3402099609375],[0,1146.290283203125,575.939208984375],[0,0,1]],[[9.05286014e-01,3.52270115e-04,4.24802214e-01,7.00000000e-01],[-1.54341100e-02,9.99366820e-01,3.20626500e-02,4.30000000e-01],[-4.24522070e-01,-3.55822800e-02,9.04717800e-01,-1.71000000e+00]]]
[[[1146.290283203125,0,984.3402099609375],[0,1146.290283203125,575.939208984375],[0,0,1]],[[0.86809194,-0.00947134,0.49631315,0.67],[-0.01102635,0.99920338,0.03835421,0.43],[-0.49628103,-0.03876751,0.86729604,-1.63]]]
[[[1146.290283203125,0,984.3402099609375],[0,1146.290283203125,575.939208984375],[0,0,1]],[[0.66072702,-0.02017558,0.75035495,0.67],[-0.01160028,0.99924487,0.03708239,0.43],[-0.75053656,-0.03320565,0.65999413,-1.6]]]
[[[1146.290283203125,0,984.3402099609375],[0,1146.290283203125,575.939208984375],[0,0,1]],[[0.43851662,-0.03602759,0.89800054,0.68],[-0.0070159,0.9990285,0.04350682,0.44],[-0.89869553,-0.02537872,0.43783793,-1.58]]]
[[[1146.290283203125,0,984.3402099609375],[0,1146.290283203125,575.939208984375],[0,0,1]],[[0.2557703,-0.04374873,0.96574712,0.71],[-0.00609278,0.99888265,0.04686338,0.43],[-0.96671838,-0.01787032,0.25521809,-1.6]]]
[[[1146.290283203125,0,984.3402099609375],[0,1146.290283203125,575.939208984375],[0,0,1]],[[0.15590547,-0.0503224,0.98648942,0.72],[-0.00650032,0.99862742,0.05196886,0.44],[-0.98775065,-0.01451473,0.15536439,-1.62]]]
[[[1146.290283203125,0,984.3402099609375],[0,1146.290283203125,575.939208984375],[0,0,1]],[[1.1927442e-01,-5.5600910e-02,9.9130338e-01,7.4000000e-01],[-1.4077100e-03,9.9842000e-01,5.6169420e-02,4.9000000e-01],[-9.9286032e-01,-8.0950300e-03,1.1900777e-01,-1.6800000e+00]]]
[[[1146.290283203125,0,984.3402099609375],[0,1146.290283203125,575.939208984375],[0,0,1]],[[3.92067250e-01,-4.41469300e-02,9.18876770e-01,7.50000000e-01],[9.45555046e-04,9.98866498e-01,4.75865714e-02,4.50000000e-01],[-9.19936180e-01,-1.77882800e-02,3.91664710e-01,-1.78000000e+00]]]
[[[1146.290283203125,0,984.3402099609375],[0,1146.290283203125,575.939208984375],[0,0,1]],[[6.36915330e-01,-3.01654500e-02,7.70343540e-01,7.40000000e-01],[8.88093375e-04,9.99262094e-01,3.83952893e-02,4.50000000e-01],[-7.70933270e-01,-2.37703800e-02,6.36472280e-01,-1.80000000e+00]]]
[[[1146.290283203125,0,984.3402099609375],[0,1146.290283203125,575.939208984375],[0,0,1]],[[8.63438900e-01,-1.98417300e-02,5.04063190e-01,6.60000000e-01],[1.96537003e-04,9.99239266e-01,3.89969647e-02,4.40000000e-01],[-5.04453480e-01,-3.35723700e-02,8.62785940e-01,-1.78000000e+00]]]
[[[1146.290283203125,0,984.3402099609375],[0,1146.290283203125,575.939208984375],[0,0,1]],[[0.89946133,-0.0161496,0.43670213,0.64],[-0.00358682,0.99901044,0.04433187,0.45],[-0.43698591,-0.04144112,0.89851314,-1.75]]]
[[[1146.290283203125,0,984.3402099609375],[0,1146.290283203125,575.939208984375],[0,0,1]],[[0.89790714,-0.01425991,0.43995419,0.64],[-0.00662181,0.99892449,0.04589191,0.45],[-0.44013548,-0.0441199,0.89684677,-1.73]]]
[[[1146.290283203125,0,984.3402099609375],[0,1146.290283203125,575.939208984375],[0,0,1]],[[0.70627254,-0.01451104,0.70779133,0.71],[-0.01285914,0.99936205,0.03332034,0.43],[-0.70782334,-0.03263483,0.70563531,-1.86]]]
[[[1146.290283203125,0,984.3402099609375],[0,1146.290283203125,575.939208984375],[0,0,1]],[[0.5041467,-0.03056408,0.86307722,0.73],[-0.01112196,0.99906105,0.04187632,0.43],[-0.86354649,-0.03071089,0.50333333,-1.85]]]
[[[1146.290283203125,0,984.3402099609375],[0,1146.290283203125,575.939208984375],[0,0,1]],[[0.29937989,-0.03766178,0.9533906,0.76],[-0.00792646,0.99908817,0.04195602,0.43],[-0.95410109,-0.02011778,0.29880828,-1.88]]]
[[[1146.290283203125,0,984.3402099609375],[0,1146.290283203125,575.939208984375],[0,0,1]],[[0.08661367,-0.05094132,0.99493885,0.78],[-0.0086353,0.99861586,0.0518813,0.45],[-0.9962045,-0.01308521,0.08605391,-1.9]]]
[[[1146.290283203125,0,984.3402099609375],[0,1146.290283203125,575.939208984375],[0,0,1]],[[0.0519902,-0.04628022,0.99757481,0.81],[-0.00546017,0.99889755,0.04662611,0.45],[-0.99863285,-0.00787104,0.05168011,-1.96]]]
[[[1146.290283203125,0,984.3402099609375],[0,1146.290283203125,575.939208984375],[0,0,1]],[[1.17650240e-01,-3.01395600e-02,9.92597760e-01,8.30000000e-01],[6.34302385e-04,9.99541581e-01,3.02751921e-02,4.50000000e-01],[-9.93054930e-01,-2.93228000e-03,1.17615400e-01,-2.08000000e+00]]]
[[[1146.290283203125,0,984.3402099609375],[0,1146.290283203125,575.939208984375],[0,0,1]],[[0.51794344,-0.03016313,0.8548829,0.78],[-0.00379256,0.99928749,0.03755594,0.45],[-0.85540628,-0.022694,0.51745981,-2.13]]]
[[[1146.290283203125,0,984.3402099609375],[0,1146.290283203125,575.939208984375],[0,0,1]],[[0.75962836,-0.01776416,0.65011477,0.73],[-0.00649982,0.99936986,0.03490214,0.44],[-0.65032494,-0.03073829,0.75903392,-2.11]]]
[[[1146.290283203125,0,984.3402099609375],[0,1146.290283203125,575.939208984375],[0,0,1]],[[0.81781292,-0.01449731,0.57530147,0.71],[-0.00789716,0.9993059,0.03640808,0.44],[-0.5754298,-0.03431825,0.81713063,-2.11]]]
[[[1146.290283203125,0,984.3402099609375],[0,1146.290283203125,575.939208984375],[0,0,1]],[[0.86667573,-0.01330695,0.49869442,0.69],[-0.01023059,0.99896026,0.04443542,0.44],[-0.49876693,-0.04361302,0.86563802,-2.1]]]
[[[1146.290283203125,0,984.3402099609375],[0,1146.290283203125,575.939208984375],[0,0,1]],[[0.84812254,-0.01099411,0.52968633,0.66],[-0.01616948,0.99878222,0.04662073,0.47],[-0.52955359,-0.04810482,0.84691137,-2.02]]]
[[[1146.290283203125,0,984.3402099609375],[0,1146.290283203125,575.939208984375],[0,0,1]],[[0.66583991,-0.01567166,0.74593037,0.66],[-0.02215994,0.99892336,0.04076755,0.48],[-0.74576575,-0.04367438,0.66477501,-1.97]]]
[[[1146.290283203125,0,984.3402099609375],[0,1146.290283203125,575.939208984375],[0,0,1]],[[0.4420234,-0.0294583,0.89652008,0.69],[-0.01951374,0.9989087,0.04244377,0.48],[-0.89679146,-0.03625553,0.44096568,-1.98]]]
[[[1146.290283203125,0,984.3402099609375],[0,1146.290283203125,575.939208984375],[0,0,1]],[[0.24952024,-0.03683426,0.96766919,0.7],[-0.0178817,0.99893111,0.0426352,0.49],[-0.96820444,-0.02794181,0.24859448,-1.96]]]
[[[1146.290283203125,0,984.3402099609375],[0,1146.290283203125,575.939208984375],[0,0,1]],[[0.11325485,-0.04319574,0.99262685,0.72],[-0.01820365,0.99879706,0.04554123,0.49],[-0.99339908,-0.0232271,0.11233197,-2.]]]
[[[1146.290283203125,0,984.3402099609375],[0,1146.290283203125,575.939208984375],[0,0,1]],[[0.08633523,-0.04693182,0.99516058,0.73],[-0.01745873,0.99866581,0.04861178,0.49],[-0.99611324,-0.02157105,0.0854004,-2.02]]]
[[[1146.290283203125,0,984.3402099609375],[0,1146.290283203125,575.939208984375],[0,0,1]],[[0.08736952,-0.04671342,0.99508077,0.73],[-0.01767247,0.99867082,0.04843366,0.49],[-0.9960196,-0.02181707,0.08642758,-2.03]]]
[[[1146.290283203125,0,984.3402099609375],[0,1146.290283203125,575.939208984375],[0,0,1]],[[0.36696598,-0.0238259,0.9299292,0.62],[-0.0115511,0.99947822,0.03016606,0.5],[-0.93016267,-0.02181162,0.36649925,-2.02]]]
[[[1146.290283203125,0,984.3402099609375],[0,1146.290283203125,575.939208984375],[0,0,1]],[[0.63221258,-0.01288622,0.77468795,0.59],[-0.01407769,0.99950546,0.02811444,0.49],[-0.77466726,-0.02868011,0.63171858,-2.02]]]
[[[1146.290283203125,0,984.3402099609375],[0,1146.290283203125,575.939208984375],[0,0,1]],[[0.77742457,-0.00340821,0.62896729,0.57],[-0.01902854,0.9994002,0.0289354,0.49],[-0.62868869,-0.03446339,0.77689332,-2.03]]]
[[[1146.290283203125,0,984.3402099609375],[0,1146.290283203125,575.939208984375],[0,0,1]],[[8.48109126e-01,-8.27583135e-04,5.29821277e-01,5.30000000e-01],[-2.16489100e-02,9.99109570e-01,3.62149700e-02,4.90000000e-01],[-5.29379610e-01,-4.21842700e-02,8.47335880e-01,-2.00000000e+00]]]
[[[1146.290283203125,0,984.3402099609375],[0,1146.290283203125,575.939208984375],[0,0,1]],[[8.48396659e-01,-6.27572823e-04,5.29361308e-01,5.30000000e-01],[-2.19255800e-02,9.99099670e-01,3.63240300e-02,4.90000000e-01],[-5.28907300e-01,-4.24237300e-02,8.47618820e-01,-2.00000000e+00]]]
[[[1146.290283203125,0,984.3402099609375],[0,1146.290283203125,575.939208984375],[0,0,1]],[[0.80866915,-0.00321234,0.58825552,0.49],[-0.02499879,0.99889427,0.03982018,0.52],[-0.58773279,-0.04690701,0.80769455,-1.91]]]
[[[1146.290283203125,0,984.3402099609375],[0,1146.290283203125,575.939208984375],[0,0,1]],[[0.52488828,-0.02313678,0.85085708,0.48],[-0.02379347,0.99884129,0.04183876,0.52],[-0.8508389,-0.04220548,0.52372962,-1.86]]]
[[[1146.290283203125,0,984.3402099609375],[0,1146.290283203125,575.939208984375],[0,0,1]],[[0.22514617,-0.04725952,0.97317868,0.57],[-0.01712503,0.99847698,0.05244981,0.54],[-0.97417516,-0.02847461,0.22399409,-1.91]]]
[[[1146.290283203125,0,984.3402099609375],[0,1146.290283203125,575.939208984375],[0,0,1]],[[0.17612293,-0.04944693,0.98312575,0.58],[-0.01696895,0.99843681,0.05325683,0.55],[-0.98422223,-0.02606235,0.17500871,-1.92]]]
[[[1146.290283203125,0,984.3402099609375],[0,1146.290283203125,575.939208984375],[0,0,1]],[[0.06610083,-0.04800778,0.99665797,0.61],[-0.01602014,0.99866241,0.04916671,0.55],[-0.9976849,-0.01921655,0.06524348,-1.93]]]
[[[1146.290283203125,0,984.3402099609375],[0,1146.290283203125,575.939208984375],[0,0,1]],[[0.06743381,-0.04445944,0.99673343,0.61],[-0.01399628,0.9988665,0.04550137,0.56],[-0.99762625,-0.01701891,0.06673523,-1.95]]]
[[[1146.290283203125,0,984.3402099609375],[0,1146.290283203125,575.939208984375],[0,0,1]],[[0.40683678,-0.0695733,0.91084844,0.64],[0.01089548,0.99739456,0.07131729,0.63],[-0.91343659,-0.01909038,0.40653476,-2.07]]]
[[[1146.290283203125,0,984.3402099609375],[0,1146.290283203125,575.939208984375],[0,0,1]],[[0.69997311,-0.05118237,0.7123338,0.58],[0.01631711,0.99831486,0.05569643,0.63],[-0.71398365,-0.02736278,0.69962835,-2.04]]]
[[[1146.290283203125,0,984.3402099609375],[0,1146.290283203125,575.939208984375],[0,0,1]],[[0.76550579,-0.047793,0.64165294,0.56],[0.01660444,0.99837333,0.0545534,0.62],[-0.64321589,-0.03110665,0.76505363,-2.03]]]
[[[1146.290283203125,0,984.3402099609375],[0,1146.290283203125,575.939208984375],[0,0,1]],[[0.81657809,-0.04506972,0.57547444,0.56],[0.0181609,0.99846011,0.052427,0.62],[-0.57695055,-0.0323596,0.81613863,-2.04]]]
[[[1146.290283203125,0,984.3402099609375],[0,1146.290283203125,575.939208984375],[0,0,1]],[[0.82926089,-0.04380965,0.55714399,0.54],[0.01662658,0.99841624,0.05376041,0.62],[-0.55861616,-0.03531799,0.82867503,-2.02]]]
[[[1146.290283203125,0,984.3402099609375],[0,1146.290283203125,575.939208984375],[0,0,1]],[[0.65782392,-0.01641446,0.75299293,0.43],[-0.00961324,0.99949813,0.03018626,0.61],[-0.75311053,-0.02709596,0.65733582,-1.9]]]
[[[1146.290283203125,0,984.3402099609375],[0,1146.290283203125,575.939208984375],[0,0,1]],[[0.31825581,-0.04148766,0.94709665,0.47],[-0.00701475,0.99891162,0.04611471,0.62],[-0.94797897,-0.02131993,0.31761837,-1.95]]]
[[[1146.290283203125,0,984.3402099609375],[0,1146.290283203125,575.939208984375],[0,0,1]],[[0.19067748,-0.04426637,0.98065436,0.49],[-0.00754667,0.9988873,0.04655681,0.62],[-0.98162383,-0.01627802,0.19013119,-1.99]]]
[[[1146.290283203125,0,984.3402099609375],[0,1146.290283203125,575.939208984375],[0,0,1]],[[0.09007169,-0.04772815,0.99479103,0.5],[-0.00598356,0.99880731,0.04846266,0.62],[-0.99591744,-0.01031749,0.0896786,-2.02]]]
[[[1146.290283203125,0,984.3402099609375],[0,1146.290283203125,575.939208984375],[0,0,1]],[[0.1068584,-0.05082652,0.99297464,0.5],[-0.00310517,0.998671,0.05145226,0.63],[-0.99426979,-0.00858149,0.10655849,-2.04]]]
[[[1146.290283203125,0,984.3402099609375],[0,1146.290283203125,575.939208984375],[0,0,1]],[[3.48760550e-01,-4.32576600e-02,9.36213550e-01,4.60000000e-01],[7.21680000e-04,9.98946846e-01,4.58874069e-02,6.40000000e-01],[-9.37212110e-01,-1.53280700e-02,3.48424230e-01,-2.11000000e+00]]]
[[[1146.290283203125,0,984.3402099609375],[0,1146.290283203125,575.939208984375],[0,0,1]],[[0.67574328,-0.01700702,0.73694128,0.43],[-0.0040567,0.99963331,0.02678925,0.63],[-0.73712635,-0.02109217,0.67542619,-2.12]]]
[[[1146.290283203125,0,984.3402099609375],[0,1146.290283203125,575.939208984375],[0,0,1]],[[0.80341011,-0.01333535,0.59527743,0.38],[-0.00748589,0.99944437,0.03249279,0.62],[-0.59537965,-0.03056121,0.8028636,-2.1]]]
[[[1146.290283203125,0,984.3402099609375],[0,1146.290283203125,575.939208984375],[0,0,1]],[[0.85330063,-0.00787419,0.52136034,0.36],[-0.01019286,0.99944323,0.03177734,0.63],[-0.52132004,-0.03242983,0.85274523,-2.09]]]
[[[1146.290283203125,0,984.3402099609375],[0,1146.290283203125,575.939208984375],[0,0,1]],[[0.85536283,-0.00912285,0.51794988,0.36],[-0.01224995,0.99920952,0.03782965,0.63],[-0.51788533,-0.03870295,0.85457462,-2.05]]]
[[[1146.290283203125,0,984.3402099609375],[0,1146.290283203125,575.939208984375],[0,0,1]],[[0.7933473,-0.01118385,0.60866737,0.32],[-0.01582385,0.99911505,0.03898318,0.65],[-0.60856444,-0.04055867,0.79246783,-2.]]]
[[[1146.290283203125,0,984.3402099609375],[0,1146.290283203125,575.939208984375],[0,0,1]],[[0.48368907,-0.03290534,0.87462181,0.33],[-0.01303387,0.99891192,0.04478951,0.66],[-0.87514347,-0.03306393,0.48273355,-1.98]]]
[[[1146.290283203125,0,984.3402099609375],[0,1146.290283203125,575.939208984375],[0,0,1]],[[0.29410794,-0.04233412,0.95483464,0.36],[-0.01225428,0.99876988,0.04805666,0.65],[-0.95569402,-0.02583464,0.29322723,-2.]]]
[[[1146.290283203125,0,984.3402099609375],[0,1146.290283203125,575.939208984375],[0,0,1]],[[0.10771426,-0.04869344,0.99298924,0.38],[-0.01322264,0.99864179,0.05040498,0.66],[-0.99409425,-0.0185593,0.10692406,-1.99]]]
[[[1146.290283203125,0,984.3402099609375],[0,1146.290283203125,575.939208984375],[0,0,1]],[[-0.00485436,-0.04357954,0.99903864,0.4],[-0.01132928,0.99898869,0.04352236,0.66],[-0.9999243,-0.01110715,-0.00534321,-2.06]]]
[[[1146.290283203125,0,984.3402099609375],[0,1146.290283203125,575.939208984375],[0,0,1]],[[0.12407856,-0.03805294,0.99154299,0.43],[-0.00497893,0.99922854,0.03897097,0.68],[-0.99226034,-0.00977232,0.12379324,-2.16]]]
[[[1146.290283203125,0,984.3402099609375],[0,1146.290283203125,575.939208984375],[0,0,1]],[[0.31773216,-0.04845838,0.94694185,0.43],[-0.00260883,0.99864537,0.05197962,0.69],[-0.94817716,-0.01898603,0.31717503,-2.18]]]
[[[1146.290283203125,0,984.3402099609375],[0,1146.290283203125,575.939208984375],[0,0,1]],[[0.67763364,-0.02647115,0.7349236,0.38],[-0.00301603,0.99924421,0.03877268,0.68],[-0.73539382,-0.02849026,0.67704105,-2.2]]]
[[[1146.290283203125,0,984.3402099609375],[0,1146.290283203125,575.939208984375],[0,0,1]],[[0.81977701,-0.02290459,0.57222551,0.33],[-0.00474313,0.99889475,0.04677805,0.68],[-0.57266402,-0.04106171,0.81876147,-2.17]]]
[[[1146.290283203125,0,984.3402099609375],[0,1146.290283203125,575.939208984375],[0,0,1]],[[0.82791829,-0.02045728,0.56047618,0.32],[-0.00616823,0.99894255,0.04557273,0.69],[-0.56081539,-0.04118763,0.82691586,-2.16]]]
[[[1146.290283203125,0,984.3402099609375],[0,1146.290283203125,575.939208984375],[0,0,1]],[[0.82289612,-0.02029575,0.56783015,0.32],[-0.00850243,0.99881083,0.04802181,0.7],[-0.568129,-0.04434488,0.82174402,-2.1]]]
[[[1146.290283203125,0,984.3402099609375],[0,1146.290283203125,575.939208984375],[0,0,1]],[[0.63303441,-0.02435255,0.77374136,0.27],[-0.01450402,0.9989574,0.04330743,0.7],[-0.77398831,-0.03863745,0.63202029,-2.05]]]
[[[1146.290283203125,0,984.3402099609375],[0,1146.290283203125,575.939208984375],[0,0,1]],[[0.42502758,-0.03539339,0.90448898,0.3],[-0.01358758,0.99887413,0.04547174,0.7],[-0.90507889,-0.03161658,0.4240675,-2.06]]]
[[[1146.290283203125,0,984.3402099609375],[0,1146.290283203125,575.939208984375],[0,0,1]],[[0.18877885,-0.03516533,0.98139066,0.33],[-0.01598689,0.99911708,0.03887577,0.69],[-0.98188984,-0.02302828,0.18804963,-2.03]]]
[[[1146.290283203125,0,984.3402099609375],[0,1146.290283203125,575.939208984375],[0,0,1]],[[0.01187215,-0.04191215,0.99905163,0.38],[-0.01137538,0.99905199,0.04204745,0.71],[-0.99986529,-0.01186378,0.01138402,-2.13]]]
[[[1146.290283203125,0,984.3402099609375],[0,1146.290283203125,575.939208984375],[0,0,1]],[[0.00847415,-0.04451608,0.99897367,0.39],[-0.00950462,0.99896097,0.04459627,0.72],[-0.99991953,-0.00987277,0.00804212,-2.18]]]
[[[1146.290283203125,0,984.3402099609375],[0,1146.290283203125,575.939208984375],[0,0,1]],[[0.32646289,-0.05023573,0.94387543,0.4],[-0.00565617,0.99846619,0.05509766,0.72],[-0.94519413,-0.02332605,0.32567737,-2.27]]]
[[[1146.290283203125,0,984.3402099609375],[0,1146.290283203125,575.939208984375],[0,0,1]],[[0.57616353,-0.03487219,0.81659162,0.37],[-0.00369919,0.9989692,0.04527077,0.71],[-0.81732738,-0.02910407,0.57543963,-2.26]]]
[[[1146.290283203125,0,984.3402099609375],[0,1146.290283203125,575.939208984375],[0,0,1]],[[0.73447448,-0.02776342,0.67806995,0.32],[-0.00413015,0.99896276,0.04537625,0.71],[-0.6786254,-0.03612819,0.73359686,-2.25]]]
[[[1146.290283203125,0,984.3402099609375],[0,1146.290283203125,575.939208984375],[0,0,1]],[[0.79508883,-0.02478919,0.60598826,0.3],[-0.00462209,0.99888903,0.04692621,0.71],[-0.60647732,-0.04011137,0.79408979,-2.23]]]
[[[1146.290283203125,0,984.3402099609375],[0,1146.290283203125,575.939208984375],[0,0,1]],[[0.79755157,-0.02343096,0.60279763,0.28],[-0.00643167,0.99885952,0.04733583,0.71],[-0.60321832,-0.04162971,0.79649019,-2.21]]]
[[[1146.290283203125,0,984.3402099609375],[0,1146.290283203125,575.939208984375],[0,0,1]],[[0.65330881,-0.02461588,0.75669312,0.22],[-0.01392056,0.99891323,0.04451433,0.72],[-0.75696516,-0.03961512,0.65225506,-2.15]]]
[[[1146.290283203125,0,984.3402099609375],[0,1146.290283203125,575.939208984375],[0,0,1]],[[0.36846644,-0.04089169,0.92874289,0.25],[-0.01247471,0.99872613,0.04892228,0.72],[-0.92955869,-0.02961197,0.3674863,-2.15]]]
[[[1146.290283203125,0,984.3402099609375],[0,1146.290283203125,575.939208984375],[0,0,1]],[[0.22262821,-0.04438164,0.97389412,0.27],[-0.01400408,0.99871606,0.04871421,0.72],[-0.97480404,-0.0244836,0.22172046,-2.17]]]
[[[1146.290283203125,0,984.3402099609375],[0,1146.290283203125,575.939208984375],[0,0,1]],[[0.04248681,-0.05409912,0.99763286,0.3],[-0.01593132,0.99837077,0.05481777,0.72],[-0.99897122,-0.01822262,0.0415556,-2.2]]]
[[[1146.290283203125,0,984.3402099609375],[0,1146.290283203125,575.939208984375],[0,0,1]],[[-0.00520087,-0.05850507,0.99827534,0.32],[-0.01503867,0.99818015,0.05842126,0.73],[-0.99987471,-0.01470892,-0.0060713,-2.24]]]
[[[1146.290283203125,0,984.3402099609375],[0,1146.290283203125,575.939208984375],[0,0,1]],[[-0.00963357,-0.06087747,0.99810058,0.32],[-0.01479523,0.99804598,0.06073143,0.74],[-0.99984556,-0.0141821,-0.01051542,-2.26]]]
[[[1146.290283203125,0,984.3402099609375],[0,1146.290283203125,575.939208984375],[0,0,1]],[[0.10820706,-0.05149006,0.99279594,0.35],[-0.00294476,0.99863863,0.05211418,0.77],[-0.9941256,-0.00856267,0.10790788,-2.4]]]
[[[1146.290283203125,0,984.3402099609375],[0,1146.290283203125,575.939208984375],[0,0,1]],[[5.2468777e-01,-4.7421910e-02,8.4997517e-01,3.2000000e-01],[1.0106700e-03,9.9848306e-01,5.5083780e-02,7.6000000e-01],[-8.5129625e-01,-2.8042710e-02,5.2393872e-01,-2.3900000e+00]]]
[[[1146.290283203125,0,984.3402099609375],[0,1146.290283203125,575.939208984375],[0,0,1]],[[0.73896587,-0.03852574,0.67264324,0.27],[0.0038395,0.99859023,0.05297657,0.76],[-0.67373455,-0.03656518,0.73807055,-2.37]]]
[[[1146.290283203125,0,984.3402099609375],[0,1146.290283203125,575.939208984375],[0,0,1]],[[0.78100103,-0.03616109,0.62348455,0.25],[0.00285359,0.9985202,0.05433832,0.76],[-0.62452567,-0.04065906,0.77994722,-2.35]]]
[[[1146.290283203125,0,984.3402099609375],[0,1146.290283203125,575.939208984375],[0,0,1]],[[0.82240295,-0.03434616,0.56787097,0.24],[0.00461819,0.99854803,0.05370659,0.76],[-0.56888992,-0.04154582,0.82136577,-2.35]]]
[[[1146.290283203125,0,984.3402099609375],[0,1146.290283203125,575.939208984375],[0,0,1]],[[8.2704782e-01,-3.2989610e-02,5.6116593e-01,2.3000000e-01],[2.3083900e-03,9.9846929e-01,5.5295850e-02,7.6000000e-01],[-5.6213003e-01,-4.4436820e-02,8.2585639e-01,-2.3400000e+00]]]
[[[1146.290283203125,0,984.3402099609375],[0,1146.290283203125,575.939208984375],[0,0,1]],[[0.61271071,-0.01168295,0.79022104,0.16],[-0.00916786,0.99971843,0.02188868,0.7],[-0.79025412,-0.02065609,0.61243099,-2.3]]]
[[[1146.290283203125,0,984.3402099609375],[0,1146.290283203125,575.939208984375],[0,0,1]],[[0.41737574,-0.02620367,0.90835619,0.18],[-0.00543661,0.99949443,0.03133088,0.7],[-0.90871787,-0.0180151,0.41702223,-2.31]]]
[[[1146.290283203125,0,984.3402099609375],[0,1146.290283203125,575.939208984375],[0,0,1]],[[0.25081328,-0.04006877,0.96720612,0.2],[-0.004724,0.99908048,0.04261427,0.71],[-0.96802425,-0.01525732,0.25039336,-2.29]]]
[[[1146.290283203125,0,984.3402099609375],[0,1146.290283203125,575.939208984375],[0,0,1]],[[0.05160244,-0.04815635,0.99750614,0.24],[-0.00383089,0.99881977,0.04841794,0.71],[-0.99866062,-0.00631984,0.05135706,-2.35]]]
[[[1146.290283203125,0,984.3402099609375],[0,1146.290283203125,575.939208984375],[0,0,1]],[[-3.59033900e-02,-5.30549900e-02,9.97946200e-01,2.50000000e-01],[-2.43016000e-03,9.98591540e-01,5.30019300e-02,7.20000000e-01],[-9.99352634e-01,-5.22222370e-04,-3.59817520e-02,-2.37000000e+00]]]
[[[1146.290283203125,0,984.3402099609375],[0,1146.290283203125,575.939208984375],[0,0,1]],[[-0.04786018,-0.06409269,0.99679595,0.26],[0.00593307,0.99790347,0.06444883,0.8],[-0.99883687,0.00899856,-0.04737955,-2.47]]]
[[[1146.290283203125,0,984.3402099609375],[0,1146.290283203125,575.939208984375],[0,0,1]],[[0.14460309,-0.05316008,0.98806101,0.31],[0.01815335,0.99853033,0.05106665,0.79],[-0.98932344,0.01055223,0.14535558,-2.57]]]
[[[1146.290283203125,0,984.3402099609375],[0,1146.290283203125,575.939208984375],[0,0,1]],[[0.56296736,-0.04996332,0.82496762,0.26],[0.02347029,0.99873483,0.04447106,0.8],[-0.82614607,-0.00567352,0.56342775,-2.58]]]
[[[1146.290283203125,0,984.3402099609375],[0,1146.290283203125,575.939208984375],[0,0,1]],[[0.77899164,-0.04313863,0.6255486,0.18],[0.02222312,0.99890321,0.0412115,0.8],[-0.62664062,-0.01820177,0.77909595,-2.56]]]
[[[1146.290283203125,0,984.3402099609375],[0,1146.290283203125,575.939208984375],[0,0,1]],[[0.80158931,-0.04141882,0.596439,0.17],[0.02113291,0.99893701,0.04096809,0.8],[-0.59750187,-0.02023506,0.80161238,-2.56]]]
[[[1146.290283203125,0,984.3402099609375],[0,1146.290283203125,575.939208984375],[0,0,1]],[[0.83493364,-0.03846983,0.54900479,0.17],[0.01973635,0.99900532,0.03998701,0.79],[-0.54999715,-0.02255109,0.83486223,-2.56]]]
[[[1146.290283203125,0,984.3402099609375],[0,1146.290283203125,575.939208984375],[0,0,1]],[[0.82890099,-0.03833036,0.55808145,0.17],[0.01812573,0.99896628,0.04168973,0.8],[-0.55910259,-0.02444097,0.82873863,-2.55]]]
[[[1146.290283203125,0,984.3402099609375],[0,1146.290283203125,575.939208984375],[0,0,1]],[[0.53282654,-0.01861775,0.84601969,0.2],[-0.01105211,0.99951959,0.02895639,0.77],[-0.84615237,-0.02477906,0.53236479,-2.7]]]
[[[1146.290283203125,0,984.3402099609375],[0,1146.290283203125,575.939208984375],[0,0,1]],[[0.2969349,-0.03286388,0.95433205,0.23],[-0.00858031,0.99927539,0.0370813,0.77],[-0.9548592,-0.01919924,0.29643783,-2.7]]]
[[[1146.290283203125,0,984.3402099609375],[0,1146.290283203125,575.939208984375],[0,0,1]],[[0.09812807,-0.02918985,0.99474561,0.25],[-0.00676146,0.99952728,0.0299972,0.77],[-0.99515098,-0.00966952,0.09788442,-2.74]]]
[[[1146.290283203125,0,984.3402099609375],[0,1146.290283203125,575.939208984375],[0,0,1]],[[0.00695176,-0.02217432,0.99972999,0.26],[-0.00347888,0.99974775,0.02219891,0.78],[-0.99997002,-0.0036323,0.006873,-2.76]]]
[[[1146.290283203125,0,984.3402099609375],[0,1146.290283203125,575.939208984375],[0,0,1]],[[-1.9279210e-02,-2.7709240e-02,9.9942988e-01,2.8000000e-01],[-1.5753100e-03,9.9961573e-01,2.7684050e-02,8.0000000e-01],[-9.9981308e-01,-1.0406800e-03,-1.9315410e-02,-2.8200000e+00]]]
[[[1146.290283203125,0,984.3402099609375],[0,1146.290283203125,575.939208984375],[0,0,1]],[[8.1627610e-02,-2.3606210e-02,9.9638331e-01,3.0000000e-01],[-2.1356600e-03,9.9971318e-01,2.3860080e-02,8.0000000e-01],[-9.9666101e-01,-4.0756100e-03,8.1553920e-02,-2.8900000e+00]]]
[[[1146.290283203125,0,984.3402099609375],[0,1146.290283203125,575.939208984375],[0,0,1]],[[0.38940117,-0.03290399,0.92048013,0.26],[-0.00358092,0.99930018,0.03723645,0.8],[-0.92106146,-0.01779607,0.389011,-2.93]]]
[[[1146.290283203125,0,984.3402099609375],[0,1146.290283203125,575.939208984375],[0,0,1]],[[0.68273646,-0.0188362,0.73042184,0.23],[-0.00754701,0.99943268,0.03282782,0.79],[-0.73062587,-0.02792526,0.68220729,-2.94]]]
[[[1146.290283203125,0,984.3402099609375],[0,1146.290283203125,575.939208984375],[0,0,1]],[[0.77574211,-0.01557785,0.63085783,0.19],[-0.01157868,0.99917567,0.03891063,0.79],[-0.63094401,-0.03748913,0.77492243,-2.9]]]
[[[1146.290283203125,0,984.3402099609375],[0,1146.290283203125,575.939208984375],[0,0,1]],[[0.79415333,-0.01456071,0.60754299,0.18],[-0.01142112,0.99917889,0.03887597,0.79],[-0.60761034,-0.03781228,0.79333502,-2.9]]]
[[[1146.290283203125,0,984.3402099609375],[0,1146.290283203125,575.939208984375],[0,0,1]],[[0.80665755,-0.01329967,0.59086955,0.18],[-0.01275794,0.99912208,0.03990587,0.8],[-0.59088165,-0.03972863,0.80577964,-2.89]]]
[[[1146.290283203125,0,984.3402099609375],[0,1146.290283203125,575.939208984375],[0,0,1]],[[0.77943867,-0.0138401,0.62632561,0.16],[-0.01670998,0.99894106,0.04286872,0.8],[-0.62625575,-0.04387938,0.778382,-2.85]]]
[[[1146.290283203125,0,984.3402099609375],[0,1146.290283203125,575.939208984375],[0,0,1]],[[0.50101048,-0.01528009,0.86530632,0.16],[-0.01472463,0.99954897,0.02617615,0.79],[-0.86531591,-0.02585583,0.50055945,-2.82]]]
[[[1146.290283203125,0,984.3402099609375],[0,1146.290283203125,575.939208984375],[0,0,1]],[[0.25184116,-0.0277339,0.96737117,0.18],[-0.00932577,0.99947357,0.03108205,0.79],[-0.96772379,-0.01684924,0.25144991,-2.82]]]
[[[1146.290283203125,0,984.3402099609375],[0,1146.290283203125,575.939208984375],[0,0,1]],[[2.3318800e-03,-2.6432650e-02,9.9964797e-01,2.0000000e-01],[-4.5507400e-03,9.9964017e-01,2.6443040e-02,8.0000000e-01],[-9.9998701e-01,-4.6108300e-03,2.2108400e-03,-2.8200000e+00]]]
[[[1146.290283203125,0,984.3402099609375],[0,1146.290283203125,575.939208984375],[0,0,1]],[[-1.52591270e-01,-3.16386000e-02,9.87782960e-01,2.20000000e-01],[-2.18059868e-05,9.99487698e-01,3.20100263e-02,7.90000000e-01],[-9.88289420e-01,4.86289000e-03,-1.52513790e-01,-2.89000000e+00]]]
[[[1146.290283203125,0,984.3402099609375],[0,1146.290283203125,575.939208984375],[0,0,1]],[[-1.5286428e-01,-3.3560050e-02,9.8767751e-01,2.2000000e-01],[2.8479600e-03,9.9940431e-01,3.4399160e-02,8.1000000e-01],[-9.8824328e-01,8.0712600e-03,-1.5267771e-01,-2.9300000e+00]]]
[[[1146.290283203125,0,984.3402099609375],[0,1146.290283203125,575.939208984375],[0,0,1]],[[8.45965700e-02,-2.78340600e-02,9.96026810e-01,2.10000000e-01],[-1.87009573e-04,9.99609530e-01,2.79498771e-02,7.90000000e-01],[-9.96415440e-01,-2.55082000e-03,8.45582700e-02,-3.01000000e+00]]]
[[[1146.290283203125,0,984.3402099609375],[0,1146.290283203125,575.939208984375],[0,0,1]],[[0.3380723,-0.02024054,0.94090289,0.18],[-0.00573856,0.99970615,0.02356714,0.78],[-0.9411028,-0.01336686,0.33785656,-3.02]]]
[[[1146.290283203125,0,984.3402099609375],[0,1146.290283203125,575.939208984375],[0,0,1]],[[0.60753775,-0.01085485,0.79421705,0.13],[-0.01250652,0.99965227,0.02322913,0.77],[-0.79419249,-0.02404553,0.60719037,-3.02]]]
[[[1146.290283203125,0,984.3402099609375],[0,1146.290283203125,575.939208984375],[0,0,1]],[[0.73502308,-0.00469698,0.67802626,0.1],[-0.01727201,0.99952197,0.02564751,0.77],[-0.67782217,-0.03056245,0.73459017,-3.]]]
[[[1146.290283203125,0,984.3402099609375],[0,1146.290283203125,575.939208984375],[0,0,1]],[[0.76865387,-0.003591,0.63965523,0.09],[-0.01920979,0.99940389,0.02869391,0.77],[-0.63937652,-0.03434338,0.76812625,-2.99]]]
[[[1146.290283203125,0,984.3402099609375],[0,1146.290283203125,575.939208984375],[0,0,1]],[[0.77149493,-0.00322334,0.63622767,0.08],[-0.0206211,0.99933535,0.03006778,0.77],[-0.63590127,-0.03631695,0.77091539,-2.98]]]
[[[1146.290283203125,0,984.3402099609375],[0,1146.290283203125,575.939208984375],[0,0,1]],[[0.53062421,-0.02022037,0.84736598,0.12],[-0.01389465,0.99937361,0.03254855,0.73],[-0.84749329,-0.02904489,0.53001082,-3.04]]]
[[[1146.290283203125,0,984.3402099609375],[0,1146.290283203125,575.939208984375],[0,0,1]],[[0.3396138,-0.02305061,0.9402824,0.14],[-0.01408703,0.9994629,0.02958942,0.73],[-0.94045949,-0.02329474,0.33910665,-3.04]]]
[[[1146.290283203125,0,984.3402099609375],[0,1146.290283203125,575.939208984375],[0,0,1]],[[0.14129652,-0.02864599,0.98955274,0.16],[-0.00845255,0.99951005,0.03014117,0.72],[-0.98993134,-0.01262309,0.14098506,-3.07]]]
[[[1146.290283203125,0,984.3402099609375],[0,1146.290283203125,575.939208984375],[0,0,1]],[[-0.06667339,-0.01135401,0.99771029,0.17],[-0.00547097,0.99992454,0.01101361,0.7],[-0.99776,-0.00472415,-0.06673059,-3.09]]]
[[[1146.290283203125,0,984.3402099609375],[0,1146.290283203125,575.939208984375],[0,0,1]],[[-1.46403210e-01,-2.25051300e-02,9.88969030e-01,1.70000000e-01],[-1.35950744e-04,9.99741852e-01,2.27301940e-02,7.10000000e-01],[-9.89225150e-01,3.19330000e-03,-1.46368530e-01,-3.14000000e+00]]]
[[[1146.290283203125,0,984.3402099609375],[0,1146.290283203125,575.939208984375],[0,0,1]],[[-9.83807000e-02,-1.37851800e-02,9.95053590e-01,1.20000000e-01],[8.31028447e-05,9.99904275e-01,1.38606597e-02,7.20000000e-01],[-9.95149200e-01,1.44628000e-03,-9.83702800e-02,-3.18000000e+00]]]
[[[1146.290283203125,0,984.3402099609375],[0,1146.290283203125,575.939208984375],[0,0,1]],[[1.9594935e-01,-2.2376530e-02,9.8035872e-01,1.2000000e-01],[-2.3236900e-03,9.9972671e-01,2.3283210e-02,7.2000000e-01],[-9.8061156e-01,-6.8403700e-03,1.9584359e-01,-3.2700000e+00]]]
[[[1146.290283203125,0,984.3402099609375],[0,1146.290283203125,575.939208984375],[0,0,1]],[[0.586393,-0.0130487,0.80992174,0.06],[-0.00948565,0.99969155,0.02297401,0.71],[-0.80997157,-0.02115443,0.58608806,-3.31]]]
[[[1146.290283203125,0,984.3402099609375],[0,1146.290283203125,575.939208984375],[0,0,1]],[[0.78207862,-0.00732996,0.62313712,0.02],[-0.01892965,0.99919045,0.03551161,0.73],[-0.62289292,-0.03956863,0.78130627,-3.23]]]
[[[1146.290283203125,0,984.3402099609375],[0,1146.290283203125,575.939208984375],[0,0,1]],[[0.79754925,-0.00672122,0.60321689,0.01],[-0.02098149,0.99902451,0.03887254,0.74],[-0.60288966,-0.04365915,0.79662973,-3.22]]]
[[[1146.290283203125,0,984.3402099609375],[0,1146.290283203125,575.939208984375],[0,0,1]],[[0.67082965,-0.02078174,0.74132031,0.01],[-0.01273832,0.99913692,0.03953629,0.8],[-0.74150211,-0.03596527,0.66998601,-3.04]]]
[[[1146.290283203125,0,984.3402099609375],[0,1146.290283203125,575.939208984375],[0,0,1]],[[0.24881148,-0.02452682,0.96824133,0.07],[-0.01645245,0.99942809,0.02954464,0.79],[-0.9684121,-0.02328097,0.24826565,-2.93]]]
[[[1146.290283203125,0,984.3402099609375],[0,1146.290283203125,575.939208984375],[0,0,1]],[[0.08060636,-0.01749434,0.99659234,0.09],[-0.01586558,0.99969661,0.01883207,0.79],[-0.9966197,-0.01732955,0.08030435,-2.95]]]
[[[1146.290283203125,0,984.3402099609375],[0,1146.290283203125,575.939208984375],[0,0,1]],[[-0.04085669,-0.02038102,0.9989571,0.09],[-0.01309261,0.99971682,0.01986106,0.79],[-0.99907929,-0.01226754,-0.04111201,-2.96]]]
[[[1146.290283203125,0,984.3402099609375],[0,1146.290283203125,575.939208984375],[0,0,1]],[[-0.11515024,-0.03395757,0.99276745,0.09],[-0.00887774,0.99941063,0.03315509,0.78],[-0.99330837,-0.00499577,-0.11538383,-3.]]]
[[[1146.290283203125,0,984.3402099609375],[0,1146.290283203125,575.939208984375],[0,0,1]],[[0.28900307,-0.02352201,0.95703918,0.1],[-0.01654684,0.99942601,0.02956051,0.77],[-0.95718515,-0.02437907,0.28844798,-3.02]]]
[[[1146.290283203125,0,984.3402099609375],[0,1146.290283203125,575.939208984375],[0,0,1]],[[0.67157161,-0.01548426,0.74077779,0.03],[-0.02024225,0.99902505,0.03923358,0.77],[-0.74066305,-0.04134315,0.67060333,-2.97]]]
[[[1146.290283203125,0,984.3402099609375],[0,1146.290283203125,575.939208984375],[0,0,1]],[[0.73923308,-0.01359734,0.67331237,0.01],[-0.024261,0.99860948,0.04680299,0.77],[-0.67301261,-0.05093355,0.73787522,-2.93]]]
[[[1146.290283203125,0,984.3402099609375],[0,1146.290283203125,575.939208984375],[0,0,1]],[[0.76425111,-0.01763883,0.64467758,0.01],[-0.02220047,0.99831396,0.05363289,0.77],[-0.64453655,-0.05530112,0.76257086,-2.95]]]
[[[1146.290283203125,0,984.3402099609375],[0,1146.290283203125,575.939208984375],[0,0,1]],[[0.77505505,-0.01360979,0.63174725,0.01],[-0.02519137,0.99830788,0.05241262,0.78],[-0.63139147,-0.05653723,0.77340055,-2.93]]]
[[[1146.290283203125,0,984.3402099609375],[0,1146.290283203125,575.939208984375],[0,0,1]],[[0.52128124,-0.0211208,0.85312349,-0.02],[-0.01755373,0.99921679,0.03546341,0.77],[-0.85320431,-0.03346191,0.52050233,-2.86]]]
[[[1146.290283203125,0,984.3402099609375],[0,1146.290283203125,575.939208984375],[0,0,1]],[[0.2051505,-0.02961583,0.97828233,0.04],[-0.01170708,0.99939644,0.03271006,0.78],[-0.97866058,-0.01816333,0.20467992,-2.87]]]
[[[1146.290283203125,0,984.3402099609375],[0,1146.290283203125,575.939208984375],[0,0,1]],[[0.07976071,-0.03901216,0.99605036,0.05],[-0.0091847,0.99916285,0.03986957,0.8],[-0.99677187,-0.01232845,0.07933558,-2.88]]]
[[[1146.290283203125,0,984.3402099609375],[0,1146.290283203125,575.939208984375],[0,0,1]],[[-0.13489613,-0.04617669,0.98978323,0.08],[-0.01025438,0.99892521,0.04520573,0.79],[-0.99080706,-0.00405158,-0.13522473,-2.86]]]
[[[1146.290283203125,0,984.3402099609375],[0,1146.290283203125,575.939208984375],[0,0,1]],[[-0.2127424,-0.05998628,0.97526515,0.1],[-0.00853044,0.99818963,0.05953557,0.81],[-0.97707134,0.00434624,-0.21286915,-2.94]]]
[[[1146.290283203125,0,984.3402099609375],[0,1146.290283203125,575.939208984375],[0,0,1]],[[-1.4484268e-01,-3.9389250e-02,9.8867029e-01,1.0000000e-01],[-3.9218800e-03,9.9922210e-01,3.9235190e-02,8.2000000e-01],[-9.8944718e-01,1.8054200e-03,-1.4488457e-01,-3.0000000e+00]]]
[[[1146.290283203125,0,984.3402099609375],[0,1146.290283203125,575.939208984375],[0,0,1]],[[0.09173453,-0.04975834,0.99453926,0.08],[-0.00366136,0.99872696,0.05030574,0.82],[-0.99577695,-0.00825618,0.09143563,-3.03]]]
[[[1146.290283203125,0,984.3402099609375],[0,1146.290283203125,575.939208984375],[0,0,1]],[[0.43529138,-0.03322698,0.89967597,0.05],[-0.00495742,0.99921495,0.03930194,0.8],[-0.90027606,-0.02156791,0.4347851,-3.01]]]
[[[1146.290283203125,0,984.3402099609375],[0,1146.290283203125,575.939208984375],[0,0,1]],[[0.67304909,-0.02807396,0.73906451,0.01],[-0.00462131,0.99910003,0.04216042,0.8],[-0.73958331,-0.03179152,0.67231381,-3.02]]]
[[[1146.290283203125,0,984.3402099609375],[0,1146.290283203125,575.939208984375],[0,0,1]],[[0.77643138,-0.0299118,0.62949121,-0.01],[-0.00907455,0.99823868,0.05862679,0.8],[-0.63013643,-0.05123204,0.77479243,-3.01]]]
[[[1146.290283203125,0,984.3402099609375],[0,1146.290283203125,575.939208984375],[0,0,1]],[[0.78485054,-0.02466048,0.61919403,-0.01],[-0.01049057,0.99853605,0.05306595,0.8],[-0.61959636,-0.04814457,0.78344268,-3.]]]
[[[1146.290283203125,0,984.3402099609375],[0,1146.290283203125,575.939208984375],[0,0,1]],[[0.67322391,-0.02438296,0.73903662,-0.02],[-0.01472667,0.99881583,0.04636902,0.82],[-0.73929209,-0.0421003,0.67206758,-2.87]]]
[[[1146.290283203125,0,984.3402099609375],[0,1146.290283203125,575.939208984375],[0,0,1]],[[0.45994893,-0.03007862,0.88743573,0.],[-0.01567469,0.99899536,0.04198383,0.83],[-0.88780695,-0.03322073,0.45901543,-2.88]]]
[[[1146.290283203125,0,984.3402099609375],[0,1146.290283203125,575.939208984375],[0,0,1]],[[0.2187864,-0.03764362,0.9750464,0.03],[-0.01180219,0.99908036,0.04121971,0.82],[-0.97570139,-0.02052601,0.21814093,-2.9]]]
[[[1146.290283203125,0,984.3402099609375],[0,1146.290283203125,575.939208984375],[0,0,1]],[[0.04076344,-0.04170997,0.99829787,0.06],[-0.01274903,0.99902523,0.04226091,0.82],[-0.99908751,-0.01445005,0.04019192,-2.89]]]
[[[1146.290283203125,0,984.3402099609375],[0,1146.290283203125,575.939208984375],[0,0,1]],[[-0.11890136,-0.04806839,0.99174172,0.07],[-0.009961,0.99883497,0.04721789,0.84],[-0.99285614,-0.00426452,-0.11924173,-2.94]]]
[[[1146.290283203125,0,984.3402099609375],[0,1146.290283203125,575.939208984375],[0,0,1]],[[-1.1809643e-01,-3.8578280e-02,9.9225247e-01,1.0000000e-01],[-5.5657400e-03,9.9925518e-01,3.8188030e-02,8.4000000e-01],[-9.9298662e-01,-1.0128200e-03,-1.1822322e-01,-3.0300000e+00]]]
[[[1146.290283203125,0,984.3402099609375],[0,1146.290283203125,575.939208984375],[0,0,1]],[[0.06086582,-0.05546962,0.99660331,0.09],[-0.00317279,0.99843895,0.0557655,0.86],[-0.99814081,-0.00655628,0.06059477,-3.08]]]
[[[1146.290283203125,0,984.3402099609375],[0,1146.290283203125,575.939208984375],[0,0,1]],[[4.2757502e-01,-5.0350050e-02,9.0257633e-01,8.0000000e-02],[2.7465400e-03,9.9851549e-01,5.4400790e-02,8.6000000e-01],[-9.0397549e-01,-2.0781480e-02,4.2707849e-01,-3.0800000e+00]]]
[[[1146.290283203125,0,984.3402099609375],[0,1146.290283203125,575.939208984375],[0,0,1]],[[0.66771966,-0.04025998,0.74332297,0.02],[0.00388141,0.99871129,0.05060563,0.86],[-0.74440235,-0.03090527,0.66701531,-3.06]]]
[[[1146.290283203125,0,984.3402099609375],[0,1146.290283203125,575.939208984375],[0,0,1]],[[0.71979511,-0.04084672,0.69298345,0.],[0.00317846,0.99845105,0.05555042,0.86],[-0.69417918,-0.03778228,0.7188099,-3.04]]]
[[[1146.290283203125,0,984.3402099609375],[0,1146.290283203125,575.939208984375],[0,0,1]],[[7.4273944e-01,-3.9729180e-02,6.6840082e-01,-1.0000000e-02],[1.9636900e-03,9.9836349e-01,5.7159620e-02,8.6000000e-01],[-6.6957802e-01,-4.1142140e-02,7.4160165e-01,-3.0300000e+00]]]
[[[1146.290283203125,0,984.3402099609375],[0,1146.290283203125,575.939208984375],[0,0,1]],[[0.63972235,-0.02937986,0.76804441,-0.03],[-0.01091415,0.9988212,0.04729836,0.88],[-0.76852864,-0.03864037,0.63864744,-2.95]]]
[[[1146.290283203125,0,984.3402099609375],[0,1146.290283203125,575.939208984375],[0,0,1]],[[0.36168453,-0.03378754,0.93168819,0.02],[-0.01458729,0.99901575,0.04189199,0.88],[-0.93218654,-0.0287425,0.36083561,-2.97]]]
[[[1146.290283203125,0,984.3402099609375],[0,1146.290283203125,575.939208984375],[0,0,1]],[[0.17594907,-0.03384842,0.98381728,0.06],[-0.01254485,0.99925047,0.03662292,0.88],[-0.98431957,-0.0187856,0.17539249,-3.]]]
[[[1146.290283203125,0,984.3402099609375],[0,1146.290283203125,575.939208984375],[0,0,1]],[[1.6468800e-03,-3.1380180e-02,9.9950618e-01,8.0000000e-02],[-9.5748600e-03,9.9946111e-01,3.1394600e-02,8.8000000e-01],[-9.9995285e-01,-9.6218200e-03,1.3454900e-03,-3.0100000e+00]]]
[[[1146.290283203125,0,984.3402099609375],[0,1146.290283203125,575.939208984375],[0,0,1]],[[-0.04267145,-0.0330554,0.99854225,0.08],[-0.00666988,0.99943954,0.03280013,0.89],[-0.99906677,-0.00526051,-0.04286807,-3.06]]]
[[[1146.290283203125,0,984.3402099609375],[0,1146.290283203125,575.939208984375],[0,0,1]],[[0.23348384,-0.03632206,0.97168225,0.08],[-0.00826026,0.99919182,0.03933528,0.89],[-0.97232556,-0.01721046,0.23299502,-3.19]]]
[[[1146.290283203125,0,984.3402099609375],[0,1146.290283203125,575.939208984375],[0,0,1]],[[0.51409823,-0.03833909,0.85687435,0.08],[-0.0053519,0.99883753,0.04790194,0.89],[-0.85771471,-0.0292122,0.51329529,-3.19]]]
[[[1146.290283203125,0,984.3402099609375],[0,1146.290283203125,575.939208984375],[0,0,1]],[[0.74228817,-0.03243806,0.66929567,0.01],[-0.00979209,0.99819589,0.05923861,0.89],[-0.67000949,-0.05052584,0.74063104,-3.16]]]
[[[1146.290283203125,0,984.3402099609375],[0,1146.290283203125,575.939208984375],[0,0,1]],[[0.76367903,-0.02916276,0.64493757,0.01],[-0.0127806,0.99810052,0.06026576,0.9],[-0.6454699,-0.05426629,0.76185536,-3.14]]]
[[[1146.290283203125,0,984.3402099609375],[0,1146.290283203125,575.939208984375],[0,0,1]],[[0.70687073,-0.03401556,0.70652443,0.],[-0.00684851,0.99846715,0.05492299,0.9],[-0.70730954,-0.0436621,0.70555431,-3.13]]]
