[[[900.69287109375,0,623.7501220703125],[0,900.69287109375,373.2276306152344],[0,0,1]],[[0.99214244,-0.00138527,-0.11493976,-0.14],[-0.04661953,0.99854994,0.02691914,0.01],[0.1161034,-0.02134918,0.99300766,-0.1]]]
[[[900.69287109375,0,623.7501220703125],[0,900.69287109375,373.2276306152344],[0,0,1]],[[9.94918495e-01,-9.66026819e-04,-8.86597373e-02,-1.40000000e-01],[-4.54765873e-02,9.98598039e-01,2.70894091e-02,1.00000000e-02],[8.98279875e-02,-2.29198116e-02,9.95693534e-01,-1.00000000e-01]]]
[[[900.69287109375,0,623.7501220703125],[0,900.69287109375,373.2276306152344],[0,0,1]],[[9.96449083e-01,9.19796403e-04,7.29631534e-02,-1.50000000e-01],[-4.32813076e-02,9.98937905e-01,1.58047752e-02,1.00000000e-02],[-7.22215575e-02,-1.89065942e-02,9.97209400e-01,-1.00000000e-01]]]
[[[900.69287109375,0,623.7501220703125],[0,900.69287109375,373.2276306152344],[0,0,1]],[[0.94954488,0.00461676,0.31169148,-0.15],[-0.03708665,0.99931118,0.00132224,0.01],[-0.31143073,-0.01281511,0.95018244,-0.11]]]
[[[900.69287109375,0,623.7501220703125],[0,900.69287109375,373.2276306152344],[0,0,1]],[[0.92181804,0.00563399,0.38627114,-0.15],[-0.03450894,0.99940351,-0.00132813,0.01],[-0.38608369,-0.01210552,0.92238432,-0.11]]]
[[[900.69287109375,0,623.7501220703125],[0,900.69287109375,373.2276306152344],[0,0,1]],[[0.88082013,0.00657038,0.47250319,-0.15],[-0.03248371,0.99946839,-0.00278458,0.02],[-0.47233538,-0.01289594,0.88132456,-0.12]]]
[[[900.69287109375,0,623.7501220703125],[0,900.69287109375,373.2276306152344],[0,0,1]],[[0.86584067,0.00690288,0.49948797,-0.15],[-0.03106919,0.99950981,-0.00385255,0.02],[-0.49935423,-0.012183,0.86631226,-0.12]]]
[[[900.69287109375,0,623.7501220703125],[0,900.69287109375,373.2276306152344],[0,0,1]],[[0.87396544,0.00780298,0.4850108,-0.16],[-0.03126282,0.99948564,-0.00714758,0.02],[-0.48498151,-0.00891606,0.87447896,-0.14]]]
[[[900.69287109375,0,623.7501220703125],[0,900.69287109375,373.2276306152344],[0,0,1]],[[0.93230263,0.00694772,0.35985952,-0.16],[-0.03574476,0.99932879,-0.00801731,0.03],[-0.35990848,-0.00538854,0.93297205,-0.33]]]
[[[900.69287109375,0,623.7501220703125],[0,900.69287109375,373.2276306152344],[0,0,1]],[[0.97304514,0.0042287,0.2271684,-0.16],[-0.0404954,0.99917895,-0.00124768,0.03],[-0.22703144,-0.00798522,0.97385469,-0.33]]]
[[[900.69287109375,0,623.7501220703125],[0,900.69287109375,373.2276306152344],[0,0,1]],[[9.76528704e-01,3.85784265e-03,2.11463609e-01,-1.60000000e-01],[-4.20853466e-02,9.99113530e-01,9.88847238e-04,3.00000000e-02],[-2.11235684e-01,-9.86515681e-03,9.77385372e-01,-3.30000000e-01]]]
[[[900.69287109375,0,623.7501220703125],[0,900.69287109375,373.2276306152344],[0,0,1]],[[0.99066818,0.00233032,0.12901571,-0.16],[-0.04504782,0.99896908,0.00561026,0.03],[-0.12863614,-0.01136978,0.99162668,-0.32]]]
[[[900.69287109375,0,623.7501220703125],[0,900.69287109375,373.2276306152344],[0,0,1]],[[9.98588920e-01,-3.53842362e-04,-2.01236048e-02,-1.60000000e-01],[-4.88483479e-02,9.98694062e-01,1.49669304e-02,3.00000000e-02],[2.08328713e-02,-1.39628059e-02,9.99685466e-01,-3.20000000e-01]]]
[[[900.69287109375,0,623.7501220703125],[0,900.69287109375,373.2276306152344],[0,0,1]],[[9.98312622e-01,-5.12301415e-04,-3.22156094e-02,-1.60000000e-01],[-4.77684285e-02,9.98706192e-01,1.74390349e-02,3.00000000e-02],[3.30164457e-02,-1.58707197e-02,9.99328792e-01,-3.20000000e-01]]]
[[[900.69287109375,0,623.7501220703125],[0,900.69287109375,373.2276306152344],[0,0,1]],[[9.97164309e-01,-8.49070690e-04,-5.72473224e-02,-1.60000000e-01],[-4.77542955e-02,9.98652548e-01,2.03129548e-02,3.00000000e-02],[5.81624228e-02,-1.75215477e-02,9.98153359e-01,-3.10000000e-01]]]
[[[900.69287109375,0,623.7501220703125],[0,900.69287109375,373.2276306152344],[0,0,1]],[[0.99501881,-0.00124121,-0.08605782,-0.16],[-0.0485087,0.99855891,0.02295672,0.03],[0.08708888,-0.01866782,0.99602562,-0.31]]]
[[[900.69287109375,0,623.7501220703125],[0,900.69287109375,373.2276306152344],[0,0,1]],[[0.99314874,-0.00158607,-0.10422597,-0.16],[-0.0505786,0.99842528,0.02426468,0.03],[0.10534409,-0.01882684,0.9942576,-0.31]]]
[[[900.69287109375,0,623.7501220703125],[0,900.69287109375,373.2276306152344],[0,0,1]],[[0.99472547,-0.00122374,-0.08866494,-0.16],[-0.04949755,0.99844992,0.02545087,0.03],[0.08984008,-0.02092793,0.9957363,-0.31]]]
[[[900.69287109375,0,623.7501220703125],[0,900.69287109375,373.2276306152344],[0,0,1]],[[9.97689813e-01,7.28688723e-04,4.90233300e-02,-1.30000000e-01],[-4.78813811e-02,9.98719126e-01,1.63548308e-02,5.00000000e-02],[-4.81913820e-02,-1.86643529e-02,9.98663723e-01,-3.70000000e-01]]]
[[[900.69287109375,0,623.7501220703125],[0,900.69287109375,373.2276306152344],[0,0,1]],[[0.97913936,0.00329224,0.19866804,-0.13],[-0.04481005,0.99897438,0.00649938,0.05],[-0.19818722,-0.01526612,0.98004529,-0.38]]]
[[[900.69287109375,0,623.7501220703125],[0,900.69287109375,373.2276306152344],[0,0,1]],[[0.95520091,0.00536747,0.29324885,-0.13],[-0.04141978,0.9991411,-0.00121253,0.06],[-0.29304542,-0.01098809,0.95603538,-0.38]]]
[[[900.69287109375,0,623.7501220703125],[0,900.69287109375,373.2276306152344],[0,0,1]],[[0.92567959,0.00672578,0.37652413,-0.13],[-0.03781584,0.99927491,-0.00442918,0.06],[-0.37641367,-0.01013858,0.92639622,-0.39]]]
[[[900.69287109375,0,623.7501220703125],[0,900.69287109375,373.2276306152344],[0,0,1]],[[0.89917332,0.00807647,0.43617734,-0.13],[-0.03516601,0.99934885,-0.00807647,0.06],[-0.43617734,-0.00807647,0.89982448,-0.39]]]
[[[900.69287109375,0,623.7501220703125],[0,900.69287109375,373.2276306152344],[0,0,1]],[[0.89362001,0.00887167,0.44742704,-0.13],[-0.0340552,0.99935913,-0.01102593,0.06],[-0.44753049,-0.00538422,0.89425247,-0.4]]]
[[[900.69287109375,0,623.7501220703125],[0,900.69287109375,373.2276306152344],[0,0,1]],[[0.90220842,0.00868001,0.42985112,-0.14],[-0.03352896,0.99936858,-0.01175815,0.06],[-0.42999508,-0.00380416,0.90282321,-0.41]]]
[[[900.69287109375,0,623.7501220703125],[0,900.69287109375,373.2276306152344],[0,0,1]],[[0.9679507,0.00520468,0.24766121,-0.15],[-0.04174391,0.9991163,-0.00490529,0.06],[-0.24764669,-0.00559027,0.96883428,-0.4]]]
[[[900.69287109375,0,623.7501220703125],[0,900.69287109375,373.2276306152344],[0,0,1]],[[0.99131492,0.00234527,0.12381927,-0.15],[-0.04517859,0.99897009,0.00420139,0.06],[-0.12350558,-0.00975888,0.99229589,-0.39]]]
[[[900.69287109375,0,623.7501220703125],[0,900.69287109375,373.2276306152344],[0,0,1]],[[9.97840881e-01,8.82962817e-04,4.64852260e-02,-1.50000000e-01],[-4.67903366e-02,9.98877287e-01,7.40473854e-03,6.00000000e-02],[-4.60894773e-02,-9.56381029e-03,9.98891532e-01,-3.90000000e-01]]]
[[[900.69287109375,0,623.7501220703125],[0,900.69287109375,373.2276306152344],[0,0,1]],[[9.98629987e-01,-3.76528027e-04,-1.99728644e-02,-1.50000000e-01],[-4.81413134e-02,9.98773605e-01,1.15628906e-02,6.00000000e-02],[2.05076161e-02,-1.05855294e-02,9.99733657e-01,-3.90000000e-01]]]
[[[900.69287109375,0,623.7501220703125],[0,900.69287109375,373.2276306152344],[0,0,1]],[[0.99354985,-0.00170506,-0.10142941,-0.15],[-0.04901816,0.99861652,0.01903348,0.06],[0.10225413,-0.01393883,0.99466065,-0.39]]]
[[[900.69287109375,0,623.7501220703125],[0,900.69287109375,373.2276306152344],[0,0,1]],[[0.9890846,-0.00223686,-0.1378067,-0.15],[-0.04956376,0.99852359,0.02222764,0.06],[0.1387627,-0.0151548,0.9902097,-0.39]]]
[[[900.69287109375,0,623.7501220703125],[0,900.69287109375,373.2276306152344],[0,0,1]],[[0.98730004,-0.00227323,-0.14964359,-0.15],[-0.05007168,0.99841893,0.02554353,0.06],[0.15076955,-0.01772622,0.98841,-0.39]]]
[[[900.69287109375,0,623.7501220703125],[0,900.69287109375,373.2276306152344],[0,0,1]],[[0.98436809,-0.0024121,-0.16807379,-0.15],[-0.04883637,0.99845064,0.02667086,0.06],[0.16921726,-0.01804583,0.98541355,-0.39]]]
[[[900.69287109375,0,623.7501220703125],[0,900.69287109375,373.2276306152344],[0,0,1]],[[0.98230341,-0.00239106,-0.17970042,-0.15],[-0.04837654,0.99841073,0.02890885,0.06],[0.1809412,-0.01970398,0.98329651,-0.39]]]
[[[900.69287109375,0,623.7501220703125],[0,900.69287109375,373.2276306152344],[0,0,1]],[[0.9818154,-0.00216486,-0.18227491,-0.15],[-0.04804532,0.99833974,0.03177115,0.06],[0.18365777,-0.02243595,0.98273417,-0.39]]]
[[[900.69287109375,0,623.7501220703125],[0,900.69287109375,373.2276306152344],[0,0,1]],[[0.98099288,-0.00226613,-0.18644234,-0.15],[-0.04863465,0.99830189,0.03206244,0.06],[0.18785003,-0.02238546,0.98194259,-0.39]]]
[[[900.69287109375,0,623.7501220703125],[0,900.69287109375,373.2276306152344],[0,0,1]],[[0.97920895,-0.00214922,-0.19543174,-0.15],[-0.04847255,0.99821651,0.03484554,0.06],[0.1969778,-0.024648,0.98009807,-0.39]]]
[[[900.69287109375,0,623.7501220703125],[0,900.69287109375,373.2276306152344],[0,0,1]],[[0.98010886,-0.00196156,-0.19108879,-0.15],[-0.04769507,0.99823761,0.03531082,0.06],[0.19264426,-0.02549446,0.98093742,-0.38]]]
[[[900.69287109375,0,623.7501220703125],[0,900.69287109375,373.2276306152344],[0,0,1]],[[9.98932362e-01,2.41367638e-05,2.58037194e-03,-1.50000000e-01],[-4.61712924e-02,9.98676896e-01,2.26421977e-02,6.00000000e-02],[-1.53259555e-03,-2.27371632e-02,9.99740303e-01,-3.80000000e-01]]]
[[[900.69287109375,0,623.7501220703125],[0,900.69287109375,373.2276306152344],[0,0,1]],[[0.97956526,0.00285743,0.19715598,-0.16],[-0.04220608,0.99907541,0.00818333,0.06],[-0.19664827,-0.01633729,0.98033798,-0.39]]]
[[[900.69287109375,0,623.7501220703125],[0,900.69287109375,373.2276306152344],[0,0,1]],[[0.97690299,0.00340285,0.20936885,-0.16],[-0.0452193,0.99895149,0.00715022,0.06],[-0.20884385,-0.01645259,0.97781059,-0.39]]]
[[[900.69287109375,0,623.7501220703125],[0,900.69287109375,373.2276306152344],[0,0,1]],[[0.9663077,0.00412877,0.25413981,-0.16],[-0.04338256,0.99904761,0.00467243,0.06],[-0.25370726,-0.01554024,0.96715621,-0.4]]]
[[[900.69287109375,0,623.7501220703125],[0,900.69287109375,373.2276306152344],[0,0,1]],[[9.64692744e-01,4.79636281e-03,2.60113886e-01,-1.60000000e-01],[-4.28891499e-02,9.99079794e-01,2.94753620e-04,6.00000000e-02],[-2.59862344e-01,-1.14404089e-02,9.65577903e-01,-4.00000000e-01]]]
[[[900.69287109375,0,623.7501220703125],[0,900.69287109375,373.2276306152344],[0,0,1]],[[0.98848692,0.00265942,0.14455484,-0.04],[-0.04595566,0.99892887,0.00540189,0.1],[-0.14415857,-0.01198281,0.98948205,-0.41]]]
[[[900.69287109375,0,623.7501220703125],[0,900.69287109375,373.2276306152344],[0,0,1]],[[9.96708483e-01,-9.90324945e-04,-6.32241110e-02,-3.00000000e-02],[-4.95249538e-02,9.98558432e-01,2.06963038e-02,1.00000000e-01],[6.41831740e-02,-1.74970105e-02,9.97784734e-01,-4.20000000e-01]]]
[[[900.69287109375,0,623.7501220703125],[0,900.69287109375,373.2276306152344],[0,0,1]],[[0.99029475,-0.00191428,-0.12869825,-0.03],[-0.04966464,0.99845526,0.02491034,0.1],[0.12980648,-0.01827683,0.99137089,-0.42]]]
[[[900.69287109375,0,623.7501220703125],[0,900.69287109375,373.2276306152344],[0,0,1]],[[0.96520943,-0.00352767,-0.2551523,-0.04],[-0.05023543,0.99817184,0.03360636,0.1],[0.25660702,-0.01961949,0.96631667,-0.41]]]
[[[900.69287109375,0,623.7501220703125],[0,900.69287109375,373.2276306152344],[0,0,1]],[[0.94052908,-0.00429638,-0.33422932,-0.04],[-0.05021196,0.99792856,0.04021628,0.1],[0.33598186,-0.02104228,0.94163338,-0.41]]]
[[[900.69287109375,0,623.7501220703125],[0,900.69287109375,373.2276306152344],[0,0,1]],[[0.93284127,-0.00429212,-0.35493242,-0.04],[-0.04988654,0.99783418,0.04287529,0.1],[0.35681717,-0.02228949,0.93390828,-0.41]]]
[[[900.69287109375,0,623.7501220703125],[0,900.69287109375,373.2276306152344],[0,0,1]],[[0.92824638,-0.00444609,-0.36647131,-0.04],[-0.05076871,0.99770415,0.04482154,0.1],[0.36848499,-0.02300015,0.92934913,-0.41]]]
[[[900.69287109375,0,623.7501220703125],[0,900.69287109375,373.2276306152344],[0,0,1]],[[0.92663443,-0.00503809,-0.37072939,-0.04],[-0.05074137,0.99785161,0.04144246,0.1],[0.37252378,-0.01959069,0.92781585,-0.4]]]
[[[900.69287109375,0,623.7501220703125],[0,900.69287109375,373.2276306152344],[0,0,1]],[[0.94032794,-0.00442974,-0.33484718,-0.03],[-0.05020517,0.99796399,0.03933582,0.1],[0.3365454,-0.02017751,0.94145104,-0.4]]]
[[[900.69287109375,0,623.7501220703125],[0,900.69287109375,373.2276306152344],[0,0,1]],[[0.96742585,-0.0033793,-0.24671734,-0.03],[-0.05005244,0.99819329,0.03324006,0.1],[0.24815715,-0.01980849,0.96851725,-0.39]]]
[[[900.69287109375,0,623.7501220703125],[0,900.69287109375,373.2276306152344],[0,0,1]],[[0.99266538,-0.00161753,-0.10909289,-0.03],[-0.04972939,0.99846655,0.02432147,0.1],[0.1101927,-0.01871795,0.99373397,-0.4]]]
[[[900.69287109375,0,623.7501220703125],[0,900.69287109375,373.2276306152344],[0,0,1]],[[9.98642862e-01,-2.77764241e-04,-1.71667701e-02,-4.00000000e-02],[-4.88629031e-02,9.98645097e-01,1.78993559e-02,1.00000000e-01],[1.80236308e-02,-1.70362457e-02,9.99692410e-01,-4.00000000e-01]]]
[[[900.69287109375,0,623.7501220703125],[0,900.69287109375,373.2276306152344],[0,0,1]],[[9.97719496e-01,8.32071356e-04,4.85556958e-02,-4.00000000e-02],[-4.75002388e-02,9.98803794e-01,1.16063627e-02,1.00000000e-01],[-4.79534554e-02,-1.38863014e-02,9.98753041e-01,-4.00000000e-01]]]
[[[900.69287109375,0,623.7501220703125],[0,900.69287109375,373.2276306152344],[0,0,1]],[[0.99312702,0.0020874,0.10781033,-0.04],[-0.04634826,0.99891371,0.0048216,0.1],[-0.10747355,-0.00978529,0.99415979,-0.4]]]
[[[900.69287109375,0,623.7501220703125],[0,900.69287109375,373.2276306152344],[0,0,1]],[[0.99250489,0.00232905,0.11366471,-0.04],[-0.04536761,0.99896893,0.00169068,0.1],[-0.11347164,-0.00683471,0.99351773,-0.39]]]
[[[900.69287109375,0,623.7501220703125],[0,900.69287109375,373.2276306152344],[0,0,1]],[[0.99758086,0.00108334,0.0510113,-0.04],[-0.04747203,0.99886599,0.00362438,0.1],[-0.05078229,-0.00603722,0.9986915,-0.39]]]
[[[900.69287109375,0,623.7501220703125],[0,900.69287109375,373.2276306152344],[0,0,1]],[[9.98400688e-01,6.18025470e-04,3.10198546e-02,-4.00000000e-02],[-4.74899749e-02,9.98849869e-01,6.60620871e-03,1.00000000e-01],[-3.06719454e-02,-8.06877537e-03,9.99496937e-01,-3.90000000e-01]]]
[[[900.69287109375,0,623.7501220703125],[0,900.69287109375,373.2276306152344],[0,0,1]],[[0.99379784,-0.00184666,-0.09830565,-0.04],[-0.05059636,0.99858269,0.01651113,0.1],[0.09902456,-0.01143481,0.99501929,-0.38]]]
[[[900.69287109375,0,623.7501220703125],[0,900.69287109375,373.2276306152344],[0,0,1]],[[0.97152838,-0.00412144,-0.23013945,-0.04],[-0.05187594,0.9983359,0.02518573,0.1],[0.23117415,-0.01252995,0.9728317,-0.38]]]
[[[900.69287109375,0,623.7501220703125],[0,900.69287109375,373.2276306152344],[0,0,1]],[[0.95151165,-0.00513833,-0.30195405,-0.04],[-0.0518586,0.9981814,0.03073391,0.1],[0.30320995,-0.01358476,0.95282694,-0.38]]]
[[[900.69287109375,0,623.7501220703125],[0,900.69287109375,373.2276306152344],[0,0,1]],[[0.92760208,-0.00588133,-0.36842695,-0.04],[-0.05178258,0.99797446,0.03695335,0.1],[0.36996342,-0.01519991,0.92892197,-0.38]]]
[[[900.69287109375,0,623.7501220703125],[0,900.69287109375,373.2276306152344],[0,0,1]],[[0.91700226,-0.00571967,-0.39370327,-0.04],[-0.05167511,0.99778005,0.04200768,0.1],[0.39552057,-0.01817648,0.91827724,-0.37]]]
[[[900.69287109375,0,623.7501220703125],[0,900.69287109375,373.2276306152344],[0,0,1]],[[0.9114865,-0.00554255,-0.40622101,-0.04],[-0.05106235,0.99771869,0.04415935,0.1],[0.40814825,-0.01950806,0.91270721,-0.37]]]
[[[900.69287109375,0,623.7501220703125],[0,900.69287109375,373.2276306152344],[0,0,1]],[[0.95347792,-0.00406464,-0.29566548,-0.06],[-0.05038766,0.99807629,0.03612205,0.1],[0.29722201,-0.01954368,0.95460836,-0.37]]]
[[[900.69287109375,0,623.7501220703125],[0,900.69287109375,373.2276306152344],[0,0,1]],[[9.98109013e-01,-5.87820626e-04,-3.71615013e-02,-6.00000000e-02],[-4.83092550e-02,9.98664707e-01,1.83035252e-02,1.00000000e-01],[3.80080839e-02,-1.64736691e-02,9.99141634e-01,-3.80000000e-01]]]
[[[900.69287109375,0,623.7501220703125],[0,900.69287109375,373.2276306152344],[0,0,1]],[[0.9949379,0.00153378,0.08989006,-0.06],[-0.04594142,0.99890125,0.00925652,0.1],[-0.08937543,-0.01333934,0.99590868,-0.38]]]
[[[900.69287109375,0,623.7501220703125],[0,900.69287109375,373.2276306152344],[0,0,1]],[[0.98836377,0.00262809,0.14566912,-0.07],[-0.04503262,0.99897176,0.00524266,0.1],[-0.14528976,-0.01174151,0.98931947,-0.39]]]
[[[900.69287109375,0,623.7501220703125],[0,900.69287109375,373.2276306152344],[0,0,1]],[[0.96883017,0.00482226,0.24421883,-0.07],[-0.04228665,0.99910316,-0.00217199,0.1],[-0.24409002,-0.00822291,0.96971771,-0.39]]]
[[[900.69287109375,0,623.7501220703125],[0,900.69287109375,373.2276306152344],[0,0,1]],[[0.96020234,0.00553044,0.2763974,-0.07],[-0.04051856,0.9991684,-0.00455661,0.1],[-0.27635072,-0.00682395,0.96103263,-0.4]]]
[[[900.69287109375,0,623.7501220703125],[0,900.69287109375,373.2276306152344],[0,0,1]],[[9.77736503e-01,4.21239332e-03,2.05184250e-01,-9.00000000e-02],[-4.47090067e-02,9.98999655e-01,-8.90870257e-04,1.10000000e-01],[-2.05018140e-01,-8.30254711e-03,9.78722960e-01,-4.00000000e-01]]]
[[[900.69287109375,0,623.7501220703125],[0,900.69287109375,373.2276306152344],[0,0,1]],[[0.99391699,0.0019264,0.09964084,-0.09],[-0.04778138,0.99883759,0.0063567,0.11],[-0.09922681,-0.01107901,0.99500316,-0.4]]]
[[[900.69287109375,0,623.7501220703125],[0,900.69287109375,373.2276306152344],[0,0,1]],[[9.98780072e-01,2.44764056e-05,1.82605651e-03,-4.00000000e-02],[-4.93684243e-02,9.98661280e-01,1.54404451e-02,1.30000000e-01],[-1.06168677e-03,-1.55117584e-02,9.99879122e-01,-4.60000000e-01]]]
[[[900.69287109375,0,623.7501220703125],[0,900.69287109375,373.2276306152344],[0,0,1]],[[0.99473867,-0.00139724,-0.08842945,-0.04],[-0.04998243,0.99851257,0.02178101,0.13],[0.08942449,-0.01724649,0.99584427,-0.47]]]
[[[900.69287109375,0,623.7501220703125],[0,900.69287109375,373.2276306152344],[0,0,1]],[[0.97134328,-0.00341499,-0.23073723,-0.04],[-0.05115838,0.99819803,0.03136094,0.13],[0.23211,-0.01865809,0.97251058,-0.46]]]
[[[900.69287109375,0,623.7501220703125],[0,900.69287109375,373.2276306152344],[0,0,1]],[[0.9556033,-0.00410964,-0.28880003,-0.04],[-0.05053372,0.99811545,0.03481223,0.13],[0.29029069,-0.01867254,0.95675632,-0.46]]]
[[[900.69287109375,0,623.7501220703125],[0,900.69287109375,373.2276306152344],[0,0,1]],[[0.9422121,-0.00435663,-0.32959132,-0.04],[-0.05003053,0.99799359,0.03880392,0.13],[0.33126017,-0.02007189,0.94332594,-0.46]]]
[[[900.69287109375,0,623.7501220703125],[0,900.69287109375,373.2276306152344],[0,0,1]],[[0.93319506,-0.00483585,-0.35353739,-0.04],[-0.0526671,0.99768773,0.04295784,0.13],[0.35549005,-0.02146825,0.93443349,-0.46]]]
[[[900.69287109375,0,623.7501220703125],[0,900.69287109375,373.2276306152344],[0,0,1]],[[0.92346042,-0.00497551,-0.37795814,-0.04],[-0.05264167,0.99756137,0.04582769,0.13],[0.3800654,-0.02242371,0.92468777,-0.45]]]
[[[900.69287109375,0,623.7501220703125],[0,900.69287109375,373.2276306152344],[0,0,1]],[[0.94185132,-0.00403992,-0.33013713,-0.05],[-0.05129796,0.99775687,0.04300873,0.13],[0.33209128,-0.02357247,0.94295267,-0.45]]]
[[[900.69287109375,0,623.7501220703125],[0,900.69287109375,373.2276306152344],[0,0,1]],[[9.96434391e-01,-8.94274773e-04,-6.63112365e-02,-5.00000000e-02],[-5.05112917e-02,9.98374611e-01,2.63959361e-02,1.40000000e-01],[6.75804339e-02,-2.29523524e-02,9.97449786e-01,-4.50000000e-01]]]
[[[900.69287109375,0,623.7501220703125],[0,900.69287109375,373.2276306152344],[0,0,1]],[[9.98324245e-01,4.57719532e-04,3.13732065e-02,-5.00000000e-02],[-4.92230633e-02,9.98615175e-01,1.85693611e-02,1.40000000e-01],[-3.04268186e-02,-2.00825289e-02,9.99335229e-01,-4.50000000e-01]]]
[[[900.69287109375,0,623.7501220703125],[0,900.69287109375,373.2276306152344],[0,0,1]],[[0.98447195,0.00286087,0.16973405,-0.07],[-0.04688695,0.99886474,0.00841696,0.12],[-0.16916443,-0.01624458,0.98545396,-0.37]]]
[[[900.69287109375,0,623.7501220703125],[0,900.69287109375,373.2276306152344],[0,0,1]],[[0.95519191,0.00492706,0.29319789,-0.08],[-0.04324028,0.99906096,0.00273482,0.12],[-0.2928117,-0.01529023,0.95604786,-0.37]]]
[[[900.69287109375,0,623.7501220703125],[0,900.69287109375,373.2276306152344],[0,0,1]],[[0.93948707,0.0060039,0.34034134,-0.08],[-0.04122859,0.99914914,-0.00109161,0.12],[-0.34009448,-0.01300624,0.94030133,-0.38]]]
[[[900.69287109375,0,623.7501220703125],[0,900.69287109375,373.2276306152344],[0,0,1]],[[0.92697156,0.00629192,0.37330715,-0.08],[-0.0390977,0.99923372,-0.0018267,0.12],[-0.3730886,-0.01290215,0.927706,-0.38]]]
[[[900.69287109375,0,623.7501220703125],[0,900.69287109375,373.2276306152344],[0,0,1]],[[0.92359531,0.006724,0.38157706,-0.08],[-0.03856532,0.99924958,-0.00360525,0.12],[-0.38142419,-0.01138585,0.92433,-0.38]]]
[[[900.69287109375,0,623.7501220703125],[0,900.69287109375,373.2276306152344],[0,0,1]],[[0.92179852,0.00679291,0.38609399,-0.08],[-0.03546516,0.99935469,-0.00569431,0.12],[-0.38604364,-0.00844388,0.92244187,-0.38]]]
[[[900.69287109375,0,623.7501220703125],[0,900.69287109375,373.2276306152344],[0,0,1]],[[0.94776922,0.00614523,0.31670991,-0.09],[-0.03779325,0.99926668,-0.00614523,0.12],[-0.31670991,-0.00614523,0.94850254,-0.38]]]
[[[900.69287109375,0,623.7501220703125],[0,900.69287109375,373.2276306152344],[0,0,1]],[[0.99074122,0.00259506,0.12836186,-0.14],[-0.04475888,0.99899691,0.00134536,0.13],[-0.12817361,-0.00707823,0.99172649,-0.43]]]
[[[900.69287109375,0,623.7501220703125],[0,900.69287109375,373.2276306152344],[0,0,1]],[[9.98216301e-01,-6.12522664e-04,-3.39684203e-02,-1.50000000e-01],[-4.86431593e-02,9.98717874e-01,1.40160934e-02,1.30000000e-01],[3.46129948e-02,-1.23387617e-02,9.99324620e-01,-4.30000000e-01]]]
[[[900.69287109375,0,623.7501220703125],[0,900.69287109375,373.2276306152344],[0,0,1]],[[0.99429968,-0.00151565,-0.0938381,-0.15],[-0.04894559,0.99859959,0.02007959,0.13],[0.09472315,-0.01537217,0.99538496,-0.43]]]
[[[900.69287109375,0,623.7501220703125],[0,900.69287109375,373.2276306152344],[0,0,1]],[[0.97830582,-0.00327314,-0.19980448,-0.15],[-0.05061134,0.99838793,0.025691,0.13],[0.20088857,-0.01502129,0.97949892,-0.43]]]
[[[900.69287109375,0,623.7501220703125],[0,900.69287109375,373.2276306152344],[0,0,1]],[[0.9589014,-0.00409985,-0.27769743,-0.15],[-0.05092422,0.99814045,0.0335016,0.13],[0.27913227,-0.01798321,0.96008426,-0.43]]]
[[[900.69287109375,0,623.7501220703125],[0,900.69287109375,373.2276306152344],[0,0,1]],[[0.94849276,-0.00432018,-0.31123094,-0.15],[-0.05025433,0.99807,0.03647979,0.13],[0.31278745,-0.01896012,0.94963389,-0.42]]]
[[[900.69287109375,0,623.7501220703125],[0,900.69287109375,373.2276306152344],[0,0,1]],[[0.94379684,-0.00392732,-0.32548762,-0.15],[-0.04768765,0.99813816,0.03802766,0.13],[0.3270679,-0.02036865,0.9447813,-0.42]]]
[[[900.69287109375,0,623.7501220703125],[0,900.69287109375,373.2276306152344],[0,0,1]],[[0.94980895,-0.00379745,-0.30742892,-0.15],[-0.04863535,0.99810624,0.03766343,0.13],[0.30902678,-0.02082115,0.95082539,-0.42]]]
[[[900.69287109375,0,623.7501220703125],[0,900.69287109375,373.2276306152344],[0,0,1]],[[0.98603249,-0.00223153,-0.15829288,-0.15],[-0.04825946,0.99849284,0.02613579,0.12],[0.15940816,-0.01813161,0.98704624,-0.39]]]
[[[900.69287109375,0,623.7501220703125],[0,900.69287109375,373.2276306152344],[0,0,1]],[[9.98951018e-01,-4.60980746e-05,-2.98981099e-03,-1.50000000e-01],[-4.56298943e-02,9.98781979e-01,1.87742100e-02,1.20000000e-01],[3.84403464e-03,-1.86180915e-02,9.99819279e-01,-4.00000000e-01]]]
[[[900.69287109375,0,623.7501220703125],[0,900.69287109375,373.2276306152344],[0,0,1]],[[0.99545708,0.00112893,0.08540915,-0.16],[-0.04346577,0.99895018,0.01446575,0.12],[-0.08471081,-0.01811241,0.99624094,-0.4]]]
[[[900.69287109375,0,623.7501220703125],[0,900.69287109375,373.2276306152344],[0,0,1]],[[0.97249374,0.00312813,0.22990283,-0.16],[-0.04020812,0.99916369,0.00743189,0.12],[-0.22943242,-0.01647142,0.97318521,-0.4]]]
[[[900.69287109375,0,623.7501220703125],[0,900.69287109375,373.2276306152344],[0,0,1]],[[0.9669078,0.00381394,0.2523679,-0.16],[-0.03966902,0.99920544,0.00385448,0.12],[-0.25202317,-0.01373811,0.96762368,-0.41]]]
[[[900.69287109375,0,623.7501220703125],[0,900.69287109375,373.2276306152344],[0,0,1]],[[0.97503829,0.00357937,0.21849447,-0.2],[-0.04127406,0.99914157,0.00354498,0.12],[-0.21816687,-0.01247465,0.97583175,-0.52]]]
[[[900.69287109375,0,623.7501220703125],[0,900.69287109375,373.2276306152344],[0,0,1]],[[0.99012849,0.00210819,0.13378232,-0.19],[-0.04330248,0.99902767,0.00828316,0.12],[-0.13330595,-0.0139945,0.99097612,-0.52]]]
[[[900.69287109375,0,623.7501220703125],[0,900.69287109375,373.2276306152344],[0,0,1]],[[0.98446432,0.00241481,0.17106258,-0.19],[-0.04176631,0.99908575,0.00912313,0.12],[-0.17054497,-0.01612605,0.98521793,-0.52]]]
[[[900.69287109375,0,623.7501220703125],[0,900.69287109375,373.2276306152344],[0,0,1]],[[0.96723611,0.00379025,0.25110162,-0.19],[-0.03970838,0.99920353,0.00394259,0.12],[-0.25075399,-0.01378425,0.9679527,-0.52]]]
[[[900.69287109375,0,623.7501220703125],[0,900.69287109375,373.2276306152344],[0,0,1]],[[9.67234466e-01,4.26659904e-03,2.51095623e-01,-2.00000000e-01],[-3.87261491e-02,9.99249846e-01,-1.76004732e-04,1.20000000e-01],[-2.50913868e-01,-9.55372938e-03,9.67962268e-01,-5.30000000e-01]]]
[[[900.69287109375,0,623.7501220703125],[0,900.69287109375,373.2276306152344],[0,0,1]],[[0.9672926,0.00426063,0.2511253,-0.2],[-0.03649715,0.99933204,-0.0018522,0.12],[-0.25102385,-0.00737374,0.96795282,-0.53]]]
[[[900.69287109375,0,623.7501220703125],[0,900.69287109375,373.2276306152344],[0,0,1]],[[9.75129634e-01,3.50522345e-03,2.18754053e-01,-2.00000000e-01],[-3.66072393e-02,9.99329627e-01,4.55534686e-04,1.20000000e-01],[-2.18591179e-01,-8.45218773e-03,9.75779921e-01,-5.30000000e-01]]]
[[[900.69287109375,0,623.7501220703125],[0,900.69287109375,373.2276306152344],[0,0,1]],[[9.98963594e-01,-1.36694264e-04,-7.66140836e-03,-2.00000000e-01],[-4.47864242e-02,9.98942733e-01,1.03726976e-02,1.20000000e-01],[8.11869914e-03,-1.00188202e-02,9.99916852e-01,-5.20000000e-01]]]
[[[900.69287109375,0,623.7501220703125],[0,900.69287109375,373.2276306152344],[0,0,1]],[[0.98592105,-0.00289172,-0.15927966,-0.2],[-0.04866945,0.99865621,0.01780596,0.12],[0.15997174,-0.00980322,0.98707291,-0.52]]]
[[[900.69287109375,0,623.7501220703125],[0,900.69287109375,373.2276306152344],[0,0,1]],[[0.97611341,-0.00380795,-0.2107206,-0.21],[-0.04957553,0.99854794,0.02107784,0.12],[0.21152985,-0.01012777,0.97731906,-0.52]]]
[[[900.69287109375,0,623.7501220703125],[0,900.69287109375,373.2276306152344],[0,0,1]],[[0.96516657,-0.00448527,-0.25589368,-0.21],[-0.04986744,0.99845231,0.02462177,0.12],[0.2568399,-0.01100335,0.96639132,-0.52]]]
[[[900.69287109375,0,623.7501220703125],[0,900.69287109375,373.2276306152344],[0,0,1]],[[0.95095101,-0.00500966,-0.30392599,-0.21],[-0.05073177,0.99824494,0.03055036,0.12],[0.30515319,-0.0136332,0.95220569,-0.52]]]
[[[900.69287109375,0,623.7501220703125],[0,900.69287109375,373.2276306152344],[0,0,1]],[[0.93787768,-0.00502047,-0.34183088,-0.21],[-0.05013442,0.99808985,0.03609974,0.12],[0.34332491,-0.01671965,0.93906787,-0.52]]]
[[[900.69287109375,0,623.7501220703125],[0,900.69287109375,373.2276306152344],[0,0,1]],[[0.93171415,-0.00564884,-0.35802105,-0.21],[-0.0514641,0.99801451,0.03631095,0.12],[0.35952776,-0.0154062,0.93300721,-0.52]]]
[[[900.69287109375,0,623.7501220703125],[0,900.69287109375,373.2276306152344],[0,0,1]],[[0.93172389,-0.00534379,-0.35794185,-0.21],[-0.05116683,0.99796841,0.03796073,0.12],[0.3595449,-0.01705417,0.93297192,-0.52]]]
[[[900.69287109375,0,623.7501220703125],[0,900.69287109375,373.2276306152344],[0,0,1]],[[0.95675611,-0.00435576,-0.28511414,-0.2],[-0.0505823,0.99819994,0.03222284,0.12],[0.28645972,-0.01640767,0.95795178,-0.52]]]
[[[900.69287109375,0,623.7501220703125],[0,900.69287109375,373.2276306152344],[0,0,1]],[[0.99255913,-0.00180409,-0.11052378,-0.2],[-0.0491229,0.99858215,0.02050907,0.12],[0.11141502,-0.01492722,0.99366185,-0.53]]]
[[[900.69287109375,0,623.7501220703125],[0,900.69287109375,373.2276306152344],[0,0,1]],[[9.97891039e-01,7.16784356e-04,4.65657313e-02,-2.10000000e-01],[-4.58980305e-02,9.98854458e-01,1.35329907e-02,1.20000000e-01],[-4.59003877e-02,-1.56417255e-02,9.98823553e-01,-5.40000000e-01]]]
[[[900.69287109375,0,623.7501220703125],[0,900.69287109375,373.2276306152344],[0,0,1]],[[0.97955313,0.00317903,0.19721078,-0.21],[-0.04153069,0.99912629,0.00467633,0.12],[-0.19685239,-0.01277101,0.98034996,-0.55]]]
[[[900.69287109375,0,623.7501220703125],[0,900.69287109375,373.2276306152344],[0,0,1]],[[0.94842783,0.00451639,0.31511845,-0.22],[-0.03692584,0.99931607,0.00197016,0.12],[-0.31483511,-0.01350457,0.94905031,-0.56]]]
[[[900.69287109375,0,623.7501220703125],[0,900.69287109375,373.2276306152344],[0,0,1]],[[9.37319811e-01,5.10669834e-03,3.46928363e-01,-2.20000000e-01],[-3.45869333e-02,9.99401301e-01,-8.85037392e-04,1.20000000e-01],[-3.46749638e-01,-1.11696255e-02,9.37891211e-01,-5.60000000e-01]]]
[[[900.69287109375,0,623.7501220703125],[0,900.69287109375,373.2276306152344],[0,0,1]],[[0.9367671,0.00571406,0.34841039,-0.22],[-0.03329223,0.99943483,-0.004653,0.12],[-0.34836622,-0.00724058,0.93733054,-0.56]]]
[[[900.69287109375,0,623.7501220703125],[0,900.69287109375,373.2276306152344],[0,0,1]],[[0.9372274,0.0060114,0.34718613,-0.22],[-0.0322735,0.9994553,-0.00689337,0.12],[-0.34722215,-0.00474425,0.93777091,-0.56]]]
[[[900.69287109375,0,623.7501220703125],[0,900.69287109375,373.2276306152344],[0,0,1]],[[0.97091639,0.00462723,0.23644573,-0.25],[-0.03735342,0.99928653,-0.00558105,0.13],[-0.23648696,-0.00341332,0.97162867,-0.56]]]
[[[900.69287109375,0,623.7501220703125],[0,900.69287109375,373.2276306152344],[0,0,1]],[[9.98590708e-01,-4.92555915e-04,-2.33227580e-02,-2.40000000e-01],[-4.75399037e-02,9.98850107e-01,6.19844707e-03,1.30000000e-01],[2.35914335e-02,-5.08094995e-03,9.99708772e-01,-5.50000000e-01]]]
[[[900.69287109375,0,623.7501220703125],[0,900.69287109375,373.2276306152344],[0,0,1]],[[0.99767658,-0.00101953,-0.04846696,-0.24],[-0.04759497,0.99884221,0.0069971,0.13],[0.04874586,-0.00467406,0.99880028,-0.55]]]
[[[900.69287109375,0,623.7501220703125],[0,900.69287109375,373.2276306152344],[0,0,1]],[[0.9871791,-0.0032944,-0.1510019,-0.25],[-0.05053605,0.99865338,0.01172733,0.13],[0.15140519,-0.00394594,0.98846391,-0.55]]]
[[[900.69287109375,0,623.7501220703125],[0,900.69287109375,373.2276306152344],[0,0,1]],[[0.96193043,-0.00546469,-0.2674687,-0.25],[-0.05225867,0.99840063,0.02156888,0.13],[0.26825153,-0.0067702,0.96332512,-0.55]]]
[[[900.69287109375,0,623.7501220703125],[0,900.69287109375,373.2276306152344],[0,0,1]],[[0.95177656,-0.00577395,-0.30114717,-0.25],[-0.05289716,0.99823484,0.02700182,0.13],[0.30219739,-0.00976987,0.9531953,-0.54]]]
[[[900.69287109375,0,623.7501220703125],[0,900.69287109375,373.2276306152344],[0,0,1]],[[0.94616074,-0.00570582,-0.31827584,-0.25],[-0.05218745,0.99819019,0.02987986,0.13],[0.31946257,-0.01166114,0.94752714,-0.54]]]
[[[900.69287109375,0,623.7501220703125],[0,900.69287109375,373.2276306152344],[0,0,1]],[[0.94362614,-0.00637197,-0.3254463,-0.25],[-0.05399684,0.99812457,0.02883895,0.13],[0.32657931,-0.00964012,0.94512064,-0.54]]]
[[[900.69287109375,0,623.7501220703125],[0,900.69287109375,373.2276306152344],[0,0,1]],[[0.95537517,-0.00539977,-0.28939369,-0.25],[-0.05334398,0.99817702,0.02823212,0.13],[0.29053865,-0.01153485,0.95679373,-0.54]]]
[[[900.69287109375,0,623.7501220703125],[0,900.69287109375,373.2276306152344],[0,0,1]],[[0.98968062,-0.00240225,-0.13293666,-0.25],[-0.05126297,0.99848396,0.02004741,0.13],[0.13380726,-0.0130258,0.99092177,-0.55]]]
[[[900.69287109375,0,623.7501220703125],[0,900.69287109375,373.2276306152344],[0,0,1]],[[9.97688055e-01,8.38290619e-04,4.98774649e-02,-2.50000000e-01],[-4.67909433e-02,9.98837948e-01,1.15482271e-02,1.20000000e-01],[-4.92864338e-02,-1.38553419e-02,9.98688579e-01,-5.60000000e-01]]]
[[[900.69287109375,0,623.7501220703125],[0,900.69287109375,373.2276306152344],[0,0,1]],[[0.99036151,0.00227766,0.13152687,-0.25],[-0.04467008,0.9989799,0.00661446,0.12],[-0.13110554,-0.01242602,0.99129054,-0.56]]]
[[[900.69287109375,0,623.7501220703125],[0,900.69287109375,373.2276306152344],[0,0,1]],[[9.61560961e-01,4.51273961e-03,2.71993821e-01,-2.50000000e-01],[-3.93299198e-02,9.99226093e-01,6.10028422e-04,1.20000000e-01],[-2.71760336e-01,-1.12840739e-02,9.62298807e-01,-5.70000000e-01]]]
[[[900.69287109375,0,623.7501220703125],[0,900.69287109375,373.2276306152344],[0,0,1]],[[0.92194035,0.00622428,0.38589511,-0.25],[-0.0345,0.9993971,-0.00389724,0.12],[-0.38579235,-0.00972036,0.92253443,-0.57]]]
[[[900.69287109375,0,623.7501220703125],[0,900.69287109375,373.2276306152344],[0,0,1]],[[0.90478018,0.00692203,0.42467693,-0.25],[-0.03250533,0.99945357,-0.00599633,0.12],[-0.4246366,-0.00837891,0.90532511,-0.58]]]
[[[900.69287109375,0,623.7501220703125],[0,900.69287109375,373.2276306152344],[0,0,1]],[[0.88410417,0.00760169,0.46631977,-0.25],[-0.02968873,0.9995254,-0.00821937,0.12],[-0.46634582,-0.00657766,0.88457805,-0.58]]]
[[[900.69287109375,0,623.7501220703125],[0,900.69287109375,373.2276306152344],[0,0,1]],[[0.8798339,0.00829143,0.47423973,-0.25],[-0.03049284,0.99948785,-0.00970724,0.12],[-0.47430213,-0.00592016,0.88034224,-0.59]]]
[[[900.69287109375,0,623.7501220703125],[0,900.69287109375,373.2276306152344],[0,0,1]],[[0.91954964,0.00613595,0.39149636,-0.09],[-0.03606999,0.99934688,-0.00218296,0.12],[-0.39131499,-0.01211393,0.92017707,-0.25]]]
[[[900.69287109375,0,623.7501220703125],[0,900.69287109375,373.2276306152344],[0,0,1]],[[0.99157682,0.00231987,0.12124054,-0.08],[-0.04652261,0.99890432,0.00508045,0.12],[-0.12087621,-0.01067809,0.99261016,-0.23]]]
[[[900.69287109375,0,623.7501220703125],[0,900.69287109375,373.2276306152344],[0,0,1]],[[9.98710811e-01,-8.36081925e-05,-3.83342432e-03,-8.00000000e-02],[-5.05772234e-02,9.98672962e-01,9.70871741e-03,1.20000000e-01],[4.31975757e-03,-9.50231710e-03,9.99945521e-01,-2.20000000e-01]]]
[[[900.69287109375,0,623.7501220703125],[0,900.69287109375,373.2276306152344],[0,0,1]],[[0.99641252,-0.00140698,-0.06619148,-0.08],[-0.05205868,0.99857342,0.01187491,0.12],[0.06672325,-0.00838647,0.99773628,-0.22]]]
[[[900.69287109375,0,623.7501220703125],[0,900.69287109375,373.2276306152344],[0,0,1]],[[0.98244047,-0.00381034,-0.17784287,-0.08],[-0.05410086,0.99837613,0.01783812,0.12],[0.17856041,-0.00790344,0.98389721,-0.22]]]
[[[900.69287109375,0,623.7501220703125],[0,900.69287109375,373.2276306152344],[0,0,1]],[[0.96075549,-0.00448158,-0.27035892,-0.08],[-0.05487458,0.99790853,0.03416637,0.12],[0.2719148,-0.0179897,0.96215316,-0.22]]]
[[[900.69287109375,0,623.7501220703125],[0,900.69287109375,373.2276306152344],[0,0,1]],[[0.94776934,-0.0043283,-0.31227172,-0.08],[-0.05441072,0.99761871,0.04238387,0.12],[0.31428132,-0.0231792,0.94904688,-0.22]]]
[[[900.69287109375,0,623.7501220703125],[0,900.69287109375,373.2276306152344],[0,0,1]],[[0.94133383,-0.00454658,-0.33084369,-0.08],[-0.05489846,0.99749789,0.04454352,0.12],[0.33298165,-0.02376751,0.94263371,-0.22]]]
[[[900.69287109375,0,623.7501220703125],[0,900.69287109375,373.2276306152344],[0,0,1]],[[0.93816546,-0.00419687,-0.33978352,-0.08],[-0.05358222,0.99747449,0.04662171,0.12],[0.34201537,-0.02553252,0.93934742,-0.21]]]
[[[900.69287109375,0,623.7501220703125],[0,900.69287109375,373.2276306152344],[0,0,1]],[[0.935718,-0.00423404,-0.34676346,-0.08],[-0.05216744,0.99760655,0.04538434,0.12],[0.34887016,-0.02437718,0.93685397,-0.21]]]
[[[900.69287109375,0,623.7501220703125],[0,900.69287109375,373.2276306152344],[0,0,1]],[[0.93314204,-0.00521042,-0.35413537,-0.08],[-0.0515083,0.9979201,0.03876051,0.12],[0.35579885,-0.01792815,0.93439058,-0.21]]]
[[[900.69287109375,0,623.7501220703125],[0,900.69287109375,373.2276306152344],[0,0,1]],[[0.97208461,-0.0034973,-0.22758935,-0.08],[-0.05148044,0.9982132,0.03033427,0.12],[0.22891323,-0.01777108,0.9732846,-0.22]]]
[[[900.69287109375,0,623.7501220703125],[0,900.69287109375,373.2276306152344],[0,0,1]],[[0.99611101,-0.0011346,-0.07177979,-0.09],[-0.0497129,0.99854508,0.02088899,0.12],[0.07274265,-0.01723937,0.99720174,-0.24]]]
[[[900.69287109375,0,623.7501220703125],[0,900.69287109375,373.2276306152344],[0,0,1]],[[9.98647273e-01,-2.45453418e-04,-1.50851386e-02,-9.00000000e-02],[-4.94796349e-02,9.98605162e-01,1.84254276e-02,1.20000000e-01],[1.59809476e-02,-1.76540958e-02,9.99716431e-01,-2.40000000e-01]]]
[[[900.69287109375,0,623.7501220703125],[0,900.69287109375,373.2276306152344],[0,0,1]],[[0.99394917,0.00153561,0.10031681,-0.09],[-0.0462292,0.99885166,0.0125789,0.12],[-0.09963884,-0.01714035,0.99487603,-0.24]]]
[[[900.69287109375,0,623.7501220703125],[0,900.69287109375,373.2276306152344],[0,0,1]],[[0.98981324,0.00219069,0.13543225,-0.09],[-0.04560617,0.99891466,0.00946476,0.12],[-0.13486969,-0.01554489,0.9907414,-0.25]]]
[[[900.69287109375,0,623.7501220703125],[0,900.69287109375,373.2276306152344],[0,0,1]],[[0.98515549,0.00282298,0.16641254,-0.09],[-0.04367614,0.99903005,0.00559883,0.12],[-0.16601521,-0.01278397,0.98604032,-0.25]]]
[[[900.69287109375,0,623.7501220703125],[0,900.69287109375,373.2276306152344],[0,0,1]],[[0.98142758,0.00342803,0.18732268,-0.09],[-0.04241174,0.99909887,0.00164255,0.12],[-0.18708595,-0.00955672,0.98229706,-0.25]]]
[[[900.69287109375,0,623.7501220703125],[0,900.69287109375,373.2276306152344],[0,0,1]],[[0.98243284,0.00316531,0.18225071,-0.1],[-0.04127785,0.99914455,0.00250976,0.12],[-0.18199409,-0.00998859,0.98324889,-0.26]]]
[[[900.69287109375,0,623.7501220703125],[0,900.69287109375,373.2276306152344],[0,0,1]],[[9.98807251e-01,-1.83201268e-04,-9.50132453e-03,-1.00000000e-01],[-4.77933916e-02,9.98801947e-01,1.05101475e-02,1.20000000e-01],[9.99331049e-03,-1.00435110e-02,9.99899626e-01,-2.50000000e-01]]]
[[[900.69287109375,0,623.7501220703125],[0,900.69287109375,373.2276306152344],[0,0,1]],[[0.98415735,-0.00319972,-0.16885964,-0.11],[-0.05144372,0.99848083,0.01973783,0.12],[0.16966982,-0.01073836,0.98544246,-0.25]]]
[[[900.69287109375,0,623.7501220703125],[0,900.69287109375,373.2276306152344],[0,0,1]],[[0.95255506,-0.00369032,-0.29805986,-0.11],[-0.05166304,0.99781287,0.04123606,0.12],[0.29994965,-0.02388094,0.95365608,-0.24]]]
[[[900.69287109375,0,623.7501220703125],[0,900.69287109375,373.2276306152344],[0,0,1]],[[0.91247454,-0.00283933,-0.40249316,-0.11],[-0.05247297,0.9966442,0.06282458,0.12],[0.40575462,-0.03620582,0.91326466,-0.24]]]
[[[900.69287109375,0,623.7501220703125],[0,900.69287109375,373.2276306152344],[0,0,1]],[[0.89948491,-0.00478281,-0.43102215,-0.12],[-0.05291736,0.99705416,0.05552256,0.12],[0.43373568,-0.02713315,0.90063152,-0.24]]]
[[[900.69287109375,0,623.7501220703125],[0,900.69287109375,373.2276306152344],[0,0,1]],[[0.89785326,-0.00551842,-0.43496426,-0.12],[-0.05174587,0.99741697,0.04981713,0.13],[0.43724351,-0.02222086,0.8990686,-0.24]]]
[[[900.69287109375,0,623.7501220703125],[0,900.69287109375,373.2276306152344],[0,0,1]],[[0.91449075,-0.00578707,-0.39906345,-0.12],[-0.05323928,0.99757418,0.04484789,0.13],[0.4010888,-0.01976713,0.91582587,-0.24]]]
[[[900.69287109375,0,623.7501220703125],[0,900.69287109375,373.2276306152344],[0,0,1]],[[0.96673584,-0.00410823,-0.24876258,-0.12],[-0.05338699,0.99808598,0.03121241,0.13],[0.25014325,-0.01689347,0.96806145,-0.24]]]
[[[900.69287109375,0,623.7501220703125],[0,900.69287109375,373.2276306152344],[0,0,1]],[[0.99214849,-0.00188515,-0.11264417,-0.12],[-0.0520632,0.99837786,0.023045,0.13],[0.11371367,-0.01699945,0.99336812,-0.24]]]
[[[900.69287109375,0,623.7501220703125],[0,900.69287109375,373.2276306152344],[0,0,1]],[[9.98226076e-01,5.60151332e-04,3.57669917e-02,-1.30000000e-01],[-4.81717961e-02,9.98720348e-01,1.53995037e-02,1.30000000e-01],[-3.49882606e-02,-1.70951465e-02,9.99241501e-01,-2.40000000e-01]]]
[[[900.69287109375,0,623.7501220703125],[0,900.69287109375,373.2276306152344],[0,0,1]],[[0.98895678,0.00204783,0.14190112,-0.13],[-0.04490641,0.99891979,0.01194478,0.13],[-0.14123706,-0.01818514,0.98980877,-0.25]]]
[[[900.69287109375,0,623.7501220703125],[0,900.69287109375,373.2276306152344],[0,0,1]],[[0.96708596,0.00207283,0.25170021,-0.13],[-0.04347859,0.99887359,0.01900422,0.13],[-0.25070772,-0.02932229,0.96761864,-0.25]]]
[[[900.69287109375,0,623.7501220703125],[0,900.69287109375,373.2276306152344],[0,0,1]],[[0.94852719,0.00327119,0.3146196,-0.13],[-0.04232672,0.99902374,0.01265011,0.13],[-0.31385447,-0.02531578,0.94913355,-0.25]]]
[[[900.69287109375,0,623.7501220703125],[0,900.69287109375,373.2276306152344],[0,0,1]],[[0.9474563,0.0040055,0.31764052,-0.13],[-0.04298695,0.99903288,0.00924212,0.13],[-0.31698371,-0.02241091,0.94816617,-0.25]]]
[[[900.69287109375,0,623.7501220703125],[0,900.69287109375,373.2276306152344],[0,0,1]],[[0.94525421,0.00366838,0.32437687,-0.13],[-0.04116239,0.99910235,0.01000718,0.13],[-0.32372848,-0.02281146,0.94587499,-0.25]]]
[[[900.69287109375,0,623.7501220703125],[0,900.69287109375,373.2276306152344],[0,0,1]],[[0.97625402,0.00265011,0.21282208,-0.13],[-0.04423561,0.99893481,0.01313259,0.13],[-0.21206439,-0.02223506,0.97700271,-0.24]]]
[[[900.69287109375,0,623.7501220703125],[0,900.69287109375,373.2276306152344],[0,0,1]],[[0.99707538,-0.00107591,-0.05663746,-0.13],[-0.05055713,0.99861333,0.01467644,0.13],[0.057312,-0.01177009,0.99828693,-0.23]]]
[[[900.69287109375,0,623.7501220703125],[0,900.69287109375,373.2276306152344],[0,0,1]],[[0.98106637,-0.00329476,-0.18511259,-0.1],[-0.05320509,0.99826854,0.02508249,0.12],[0.18622026,-0.01475866,0.98239717,-0.29]]]
[[[900.69287109375,0,623.7501220703125],[0,900.69287109375,373.2276306152344],[0,0,1]],[[0.97297129,-0.00386832,-0.22368735,-0.1],[-0.0526009,0.99824491,0.02720739,0.12],[0.22485553,-0.01470585,0.97428113,-0.29]]]
[[[900.69287109375,0,623.7501220703125],[0,900.69287109375,373.2276306152344],[0,0,1]],[[0.95558253,-0.00539242,-0.28861308,-0.1],[-0.05371396,0.99814567,0.02863621,0.12],[0.28978758,-0.01186171,0.95701748,-0.29]]]
[[[900.69287109375,0,623.7501220703125],[0,900.69287109375,373.2276306152344],[0,0,1]],[[0.94345987,-0.00616343,-0.3257119,-0.1],[-0.05444296,0.9980334,0.03106909,0.12],[0.32698539,-0.01157972,0.94495845,-0.29]]]
[[[900.69287109375,0,623.7501220703125],[0,900.69287109375,373.2276306152344],[0,0,1]],[[0.94244808,-0.00537976,-0.32867465,-0.1],[-0.05275964,0.99799302,0.03501925,0.12],[0.33016366,-0.01566307,0.94379374,-0.29]]]
[[[900.69287109375,0,623.7501220703125],[0,900.69287109375,373.2276306152344],[0,0,1]],[[0.93617445,-0.00610114,-0.34598679,-0.1],[-0.05366317,0.99797162,0.03424765,0.12],[0.34741566,-0.01349503,0.93761412,-0.28]]]
[[[900.69287109375,0,623.7501220703125],[0,900.69287109375,373.2276306152344],[0,0,1]],[[0.94583198,-0.0052588,-0.31869128,-0.09],[-0.05350863,0.99794742,0.03518189,0.12],[0.32021664,-0.01622342,0.94720542,-0.28]]]
[[[900.69287109375,0,623.7501220703125],[0,900.69287109375,373.2276306152344],[0,0,1]],[[0.99441886,-0.00139188,-0.09166707,-0.1],[-0.0502767,0.99845827,0.02352327,0.12],[0.09275444,-0.01878327,0.99551183,-0.28]]]
[[[900.69287109375,0,623.7501220703125],[0,900.69287109375,373.2276306152344],[0,0,1]],[[9.97253567e-01,8.69854580e-04,5.81698449e-02,-1.00000000e-01],[-4.67838743e-02,9.98793691e-01,1.49141354e-02,1.20000000e-01],[-5.74159635e-02,-1.75945852e-02,9.98195290e-01,-2.90000000e-01]]]
[[[900.69287109375,0,623.7501220703125],[0,900.69287109375,373.2276306152344],[0,0,1]],[[0.98358256,0.00249712,0.17554386,-0.1],[-0.04445791,0.99894997,0.01106535,0.12],[-0.17489667,-0.018688,0.98440942,-0.29]]]
[[[900.69287109375,0,623.7501220703125],[0,900.69287109375,373.2276306152344],[0,0,1]],[[0.97427774,0.00316696,0.22174401,-0.1],[-0.04316911,0.9990294,0.00875729,0.12],[-0.22117713,-0.01810452,0.97506559,-0.29]]]
[[[900.69287109375,0,623.7501220703125],[0,900.69287109375,373.2276306152344],[0,0,1]],[[0.95716399,0.00337624,0.28719333,-0.1],[-0.04158128,0.99908069,0.01042959,0.11],[-0.28654509,-0.0219247,0.95781586,-0.3]]]
[[[900.69287109375,0,623.7501220703125],[0,900.69287109375,373.2276306152344],[0,0,1]],[[0.95909422,0.00459796,0.28024038,-0.1],[-0.04267378,0.99908367,0.00328226,0.11],[-0.27985215,-0.01510691,0.95992425,-0.3]]]
[[[900.69287109375,0,623.7501220703125],[0,900.69287109375,373.2276306152344],[0,0,1]],[[0.96075842,0.00428872,0.27482805,-0.1],[-0.0398589,0.99920172,0.0026834,0.11],[-0.2745078,-0.01353245,0.96148965,-0.3]]]
[[[900.69287109375,0,623.7501220703125],[0,900.69287109375,373.2276306152344],[0,0,1]],[[0.96093666,0.00404837,0.27451943,-0.1],[-0.03725396,0.99930334,0.00223058,0.11],[-0.27424964,-0.01237038,0.96157896,-0.3]]]
[[[900.69287109375,0,623.7501220703125],[0,900.69287109375,373.2276306152344],[0,0,1]],[[0.96108341,0.00364112,0.27446347,-0.1],[-0.03320144,0.99944711,0.00177306,0.11],[-0.27425598,-0.01081665,0.96159589,-0.3]]]
[[[900.69287109375,0,623.7501220703125],[0,900.69287109375,373.2276306152344],[0,0,1]],[[0.96126932,0.003172,0.27422344,-0.1],[-0.02921978,0.99957147,0.00175388,0.11],[-0.27405748,-0.0096987,0.96166441,-0.3]]]
[[[900.69287109375,0,623.7501220703125],[0,900.69287109375,373.2276306152344],[0,0,1]],[[0.9613109,0.00299368,0.2741303,-0.1],[-0.02893169,0.99957782,0.0026718,0.11],[-0.27394218,-0.01049948,0.96168885,-0.3]]]
[[[900.69287109375,0,623.7501220703125],[0,900.69287109375,373.2276306152344],[0,0,1]],[[0.96128612,0.00309864,0.27407235,-0.1],[-0.03057651,0.99952719,0.00323747,0.11],[-0.27385043,-0.01149231,0.96170362,-0.3]]]
