[[[900.69287109375,0,623.7501220703125],[0,900.69287109375,373.2276306152344],[0,0,1]],[[9.99621570e-01,0.00000000e+00,-4.39152953e-05,0.00000000e+00],[-2.75084460e-02,9.99616474e-01,-3.19224665e-03,0.00000000e+00],[-4.39152953e-05,3.19224665e-03,9.99994904e-01,0.00000000e+00]]]
[[[900.69287109375,0,623.7501220703125],[0,900.69287109375,373.2276306152344],[0,0,1]],[[9.99620020e-01,0.00000000e+00,-3.46464035e-05,-0.00000000e+00],[-2.75647182e-02,9.99616861e-01,-2.51334089e-03,0.00000000e+00],[-3.46464035e-05,2.51334089e-03,9.99996841e-01,-0.00000000e+00]]]
[[[900.69287109375,0,623.7501220703125],[0,900.69287109375,373.2276306152344],[0,0,1]],[[9.99616027e-01,0.00000000e+00,-3.38279324e-05,-0.00000000e+00],[-2.77091614e-02,9.99613047e-01,-2.44117007e-03,0.00000000e+00],[-3.38279324e-05,2.44117007e-03,9.99997020e-01,-0.00000000e+00]]]
[[[900.69287109375,0,623.7501220703125],[0,900.69287109375,373.2276306152344],[0,0,1]],[[9.99619395e-01,0.00000000e+00,-3.88408184e-05,-0.00000000e+00],[-2.75873987e-02,9.99615431e-01,-2.81529626e-03,0.00000000e+00],[-3.88408184e-05,2.81529626e-03,9.99996036e-01,-0.00000000e+00]]]
[[[900.69287109375,0,623.7501220703125],[0,900.69287109375,373.2276306152344],[0,0,1]],[[9.99617100e-01,0.00000000e+00,-3.66951690e-05,-0.00000000e+00],[-2.76704273e-02,9.99613583e-01,-2.65178980e-03,0.00000000e+00],[-3.66951690e-05,2.65178980e-03,9.99996483e-01,-0.00000000e+00]]]
[[[900.69287109375,0,623.7501220703125],[0,900.69287109375,373.2276306152344],[0,0,1]],[[9.99612510e-01,0.00000000e+00,-2.61024453e-05,-0.00000000e+00],[-2.78357459e-02,9.99610752e-01,-1.87509717e-03,0.00000000e+00],[-2.61024453e-05,1.87509717e-03,9.99998242e-01,-0.00000000e+00]]]
[[[900.69287109375,0,623.7501220703125],[0,900.69287109375,373.2276306152344],[0,0,1]],[[9.99614298e-01,3.70283732e-06,2.08559446e-04,-0.00000000e+00],[-2.77700606e-02,9.99611050e-01,-2.56370970e-03,0.00000000e+00],[-2.79674307e-04,2.55692916e-03,9.99996692e-01,-0.00000000e+00]]]
[[[900.69287109375,0,623.7501220703125],[0,900.69287109375,373.2276306152344],[0,0,1]],[[9.99616772e-01,0.00000000e+00,-3.89744064e-05,-0.00000000e+00],[-2.76822639e-02,9.99612808e-01,-2.81529442e-03,0.00000000e+00],[-3.89744064e-05,2.81529442e-03,9.99996036e-01,-0.00000000e+00]]]
[[[900.69287109375,0,623.7501220703125],[0,900.69287109375,373.2276306152344],[0,0,1]],[[9.99618918e-01,0.00000000e+00,-4.01586050e-05,-0.00000000e+00],[-2.76046700e-02,9.99614686e-01,-2.90899106e-03,0.00000000e+00],[-4.01586050e-05,2.90899106e-03,9.99995768e-01,-0.00000000e+00]]]
[[[900.69287109375,0,623.7501220703125],[0,900.69287109375,373.2276306152344],[0,0,1]],[[9.99627203e-01,0.00000000e+00,-4.42199003e-05,-0.00000000e+00],[-2.73029957e-02,9.99621958e-01,-3.23858530e-03,0.00000000e+00],[-4.42199003e-05,3.23858530e-03,9.99994755e-01,-0.00000000e+00]]]
[[[900.69287109375,0,623.7501220703125],[0,900.69287109375,373.2276306152344],[0,0,1]],[[9.99627829e-01,0.00000000e+00,-2.72605065e-05,-0.00000000e+00],[-2.72800945e-02,9.99625832e-01,-1.99819014e-03,0.00000000e+00],[-2.72605065e-05,1.99819014e-03,9.99998003e-01,-0.00000000e+00]]]
[[[900.69287109375,0,623.7501220703125],[0,900.69287109375,373.2276306152344],[0,0,1]],[[9.99632359e-01,0.00000000e+00,-3.03373021e-05,-0.00000000e+00],[-2.71135928e-02,9.99629855e-01,-2.23737885e-03,0.00000000e+00],[-3.03373021e-05,2.23737885e-03,9.99997497e-01,-0.00000000e+00]]]
[[[900.69287109375,0,623.7501220703125],[0,900.69287109375,373.2276306152344],[0,0,1]],[[9.99624670e-01,0.00000000e+00,-2.93479190e-05,-0.00000000e+00],[-2.73956046e-02,9.99622375e-01,-2.14212301e-03,0.00000000e+00],[-2.93479190e-05,2.14212301e-03,9.99997705e-01,-0.00000000e+00]]]
[[[900.69287109375,0,623.7501220703125],[0,900.69287109375,373.2276306152344],[0,0,1]],[[9.99629229e-01,0.00000000e+00,-3.08266965e-05,-0.00000000e+00],[-2.72287156e-02,9.99626666e-01,-2.26385573e-03,0.00000000e+00],[-3.08266965e-05,2.26385573e-03,9.99997437e-01,-0.00000000e+00]]]
[[[900.69287109375,0,623.7501220703125],[0,900.69287109375,373.2276306152344],[0,0,1]],[[9.99628484e-01,0.00000000e+00,-3.17420079e-05,-0.00000000e+00],[-2.72560539e-02,9.99625772e-01,-2.32873530e-03,0.00000000e+00],[-3.17420079e-05,2.32873530e-03,9.99997288e-01,-0.00000000e+00]]]
[[[900.69287109375,0,623.7501220703125],[0,900.69287109375,373.2276306152344],[0,0,1]],[[9.99624848e-01,-9.86616868e-06,-6.89201320e-04,0.00000000e+00],[-2.73824651e-02,9.99620050e-01,-3.15527909e-03,0.00000000e+00],[6.02546584e-04,3.17296742e-03,9.99994785e-01,-1.00000000e-02]]]
[[[900.69287109375,0,623.7501220703125],[0,900.69287109375,373.2276306152344],[0,0,1]],[[0.9923946,-0.00191551,-0.11899987,-0.],[-0.03156105,0.99950093,0.00133809,0.],[0.11898263,0.00242784,0.99289337,-0.]]]
[[[900.69287109375,0,623.7501220703125],[0,900.69287109375,373.2276306152344],[0,0,1]],[[0.9859685,-0.00261376,-0.16361909,-0.],[-0.03288105,0.99945134,0.00398205,0.],[0.16366108,0.00145379,0.98651555,0.]]]
[[[900.69287109375,0,623.7501220703125],[0,900.69287109375,373.2276306152344],[0,0,1]],[[9.80681062e-01,-3.04941710e-03,-1.92510103e-01,2.00000000e-02],[-3.41141773e-02,9.99397516e-01,6.38964187e-03,1.00000000e-02],[1.92615879e-01,3.01123144e-04,9.81274188e-01,6.00000000e-02]]]
[[[900.69287109375,0,623.7501220703125],[0,900.69287109375,373.2276306152344],[0,0,1]],[[0.96197185,-0.00460549,-0.27057046,0.02],[-0.03645783,0.99929768,0.0086589,0.01],[0.27070462,0.00153479,0.96266124,0.07]]]
[[[900.69287109375,0,623.7501220703125],[0,900.69287109375,373.2276306152344],[0,0,1]],[[0.89660445,-0.00881626,-0.44044389,0.02],[-0.04292201,0.99893722,0.01679682,0.01],[0.44074729,0.00384464,0.897623,0.07]]]
[[[900.69287109375,0,623.7501220703125],[0,900.69287109375,373.2276306152344],[0,0,1]],[[0.88028822,-0.00962339,-0.47213903,0.02],[-0.04330955,0.9989,0.01797443,0.01],[0.47245841,0.00462545,0.88134084,0.07]]]
[[[900.69287109375,0,623.7501220703125],[0,900.69287109375,373.2276306152344],[0,0,1]],[[0.86903762,-0.00961371,-0.49230188,0.02],[-0.04384523,0.9987905,0.02225146,0.01],[0.49279937,0.00224773,0.87014007,0.07]]]
[[[900.69287109375,0,623.7501220703125],[0,900.69287109375,373.2276306152344],[0,0,1]],[[8.67221909e-01,-9.56427626e-03,-4.95279866e-01,2.00000000e-02],[-4.48522817e-02,9.98686850e-01,2.47557774e-02,1.00000000e-02],[4.95897608e-01,7.45679116e-04,8.68380683e-01,7.00000000e-02]]]
[[[900.69287109375,0,623.7501220703125],[0,900.69287109375,373.2276306152344],[0,0,1]],[[0.86565454,-0.0098908,-0.49807109,0.02],[-0.04491752,0.99871346,0.02353368,0.01],[0.49862275,0.00200008,0.8668168,0.07]]]
[[[900.69287109375,0,623.7501220703125],[0,900.69287109375,373.2276306152344],[0,0,1]],[[8.65943596e-01,-9.12045091e-03,-4.97777040e-01,2.00000000e-02],[-4.25053186e-02,9.98819143e-01,2.35290956e-02,1.00000000e-02],[4.98332205e-01,7.83301903e-04,8.66985814e-01,7.00000000e-02]]]
[[[900.69287109375,0,623.7501220703125],[0,900.69287109375,373.2276306152344],[0,0,1]],[[8.86356409e-01,-8.25198204e-03,-4.60528757e-01,2.00000000e-02],[-4.22996334e-02,9.98856515e-01,2.22801324e-02,1.00000000e-02],[4.61067314e-01,-2.67941535e-04,8.87365128e-01,6.00000000e-02]]]
[[[900.69287109375,0,623.7501220703125],[0,900.69287109375,373.2276306152344],[0,0,1]],[[0.93126586,-0.00646915,-0.36203733,0.02],[-0.03887871,0.99916103,0.01287138,0.01],[0.36226004,0.00208887,0.93207473,0.06]]]
[[[900.69287109375,0,623.7501220703125],[0,900.69287109375,373.2276306152344],[0,0,1]],[[9.74554748e-01,-3.53401908e-03,-2.21141834e-01,2.00000000e-02],[-3.55784929e-02,9.99329984e-01,8.58797998e-03,1.00000000e-02],[2.21307959e-01,-5.01563388e-04,9.75203843e-01,6.00000000e-02]]]
[[[900.69287109375,0,623.7501220703125],[0,900.69287109375,373.2276306152344],[0,0,1]],[[9.93105113e-01,-1.73576337e-03,-1.12528111e-01,2.00000000e-02],[-3.26311643e-02,9.99460012e-01,3.85902618e-03,1.00000000e-02],[1.12594147e-01,-1.60495688e-04,9.93641049e-01,5.00000000e-02]]]
[[[900.69287109375,0,623.7501220703125],[0,900.69287109375,373.2276306152344],[0,0,1]],[[9.99588192e-01,-5.08728295e-06,-3.56308903e-04,2.00000000e-02],[-2.86938283e-02,9.99587953e-01,-7.67006933e-04,1.00000000e-02],[3.34153928e-04,7.76914939e-04,9.99999642e-01,4.00000000e-02]]]
[[[900.69287109375,0,623.7501220703125],[0,900.69287109375,373.2276306152344],[0,0,1]],[[9.97696549e-01,9.92583076e-04,6.21293831e-02,2.00000000e-02],[-2.69322812e-02,9.99621332e-01,-5.64317333e-03,1.00000000e-02],[-6.22595269e-02,3.95688845e-03,9.98052150e-01,4.00000000e-02]]]
[[[900.69287109375,0,623.7501220703125],[0,900.69287109375,373.2276306152344],[0,0,1]],[[0.99545032,0.00147293,0.0915757,0.02],[-0.02576271,0.99964198,-0.00722393,0.01],[-0.09173302,0.00483182,0.99577191,0.04]]]
[[[900.69287109375,0,623.7501220703125],[0,900.69287109375,373.2276306152344],[0,0,1]],[[0.99349755,0.00179515,0.11105416,0.02],[-0.02425262,0.99966624,-0.00890009,0.01],[-0.11124041,0.00614886,0.9937745,0.03]]]
[[[900.69287109375,0,623.7501220703125],[0,900.69287109375,373.2276306152344],[0,0,1]],[[0.9926047,0.00202459,0.11906578,0.02],[-0.02235075,0.99967548,-0.01222184,0.01],[-0.11931617,0.00947025,0.99281114,0.03]]]
[[[900.69287109375,0,623.7501220703125],[0,900.69287109375,373.2276306152344],[0,0,1]],[[0.99273753,0.00202914,0.11843333,0.02],[-0.01946914,0.99969769,-0.01501635,0.01],[-0.11871456,0.0126015,0.99284846,0.03]]]
[[[900.69287109375,0,623.7501220703125],[0,900.69287109375,373.2276306152344],[0,0,1]],[[0.99735686,0.00122647,0.06903689,0.01],[-0.02173866,0.99966595,-0.01397955,0.01],[-0.06933052,0.01244183,0.99751616,0.03]]]
[[[900.69287109375,0,623.7501220703125],[0,900.69287109375,373.2276306152344],[0,0,1]],[[0.99774614,-0.00114974,-0.06139419,0.08],[-0.02770094,0.99957332,-0.00926476,0.05],[0.06111709,0.01094456,0.9980706,-0.19]]]
[[[900.69287109375,0,623.7501220703125],[0,900.69287109375,373.2276306152344],[0,0,1]],[[0.9965426,-0.00141896,-0.07867605,0.08],[-0.02740947,0.99959272,-0.0079443,0.06],[0.07843189,0.0100733,0.99686858,-0.2]]]
[[[900.69287109375,0,623.7501220703125],[0,900.69287109375,373.2276306152344],[0,0,1]],[[0.98579156,-0.00313472,-0.16533924,0.08],[-0.03086573,0.99951148,-0.00490994,0.06],[0.16511298,0.00994349,0.98622453,-0.19]]]
[[[900.69287109375,0,623.7501220703125],[0,900.69287109375,373.2276306152344],[0,0,1]],[[9.68113007e-01,-4.83989206e-03,-2.48273104e-01,8.00000000e-02],[-3.45395001e-02,9.99403328e-01,-1.06946022e-04,6.00000000e-02],[2.48121391e-01,8.67876516e-03,9.68690070e-01,-1.90000000e-01]]]
[[[900.69287109375,0,623.7501220703125],[0,900.69287109375,373.2276306152344],[0,0,1]],[[0.95830008,-0.00555888,-0.283581,0.08],[-0.03604758,0.99934715,0.00241777,0.06],[0.2834811,0.00790546,0.95894524,-0.19]]]
[[[900.69287109375,0,623.7501220703125],[0,900.69287109375,373.2276306152344],[0,0,1]],[[0.937666,-0.00707174,-0.34542254,0.08],[-0.03870457,0.99923453,0.00568464,0.06],[0.34537576,0.00803914,0.93843004,-0.19]]]
[[[900.69287109375,0,623.7501220703125],[0,900.69287109375,373.2276306152344],[0,0,1]],[[0.91295114,-0.00764045,-0.40577237,0.08],[-0.04070283,0.99906072,0.01486464,0.06],[0.40603387,0.00294539,0.91385329,-0.19]]]
[[[900.69287109375,0,623.7501220703125],[0,900.69287109375,373.2276306152344],[0,0,1]],[[0.89198432,-0.00838825,-0.44960767,0.08],[-0.04254898,0.99889031,0.02019236,0.06],[0.45005948,0.00111908,0.89299786,-0.19]]]
[[[900.69287109375,0,623.7501220703125],[0,900.69287109375,373.2276306152344],[0,0,1]],[[0.87326654,-0.0086651,-0.48437128,0.07],[-0.0448687,0.9986003,0.02800415,0.06],[0.4851725,-0.00272197,0.87441423,-0.19]]]
[[[900.69287109375,0,623.7501220703125],[0,900.69287109375,373.2276306152344],[0,0,1]],[[0.86917614,-0.0089302,-0.4916486,0.07],[-0.0450785,0.99858928,0.02806038,0.06],[0.49244368,-0.00222663,0.87034147,-0.19]]]
[[[900.69287109375,0,623.7501220703125],[0,900.69287109375,373.2276306152344],[0,0,1]],[[0.86554052,-0.00932465,-0.49799594,0.07],[-0.04553525,0.99857831,0.027711,0.06],[0.49876461,-0.00130863,0.86673648,-0.19]]]
[[[900.69287109375,0,623.7501220703125],[0,900.69287109375,373.2276306152344],[0,0,1]],[[0.85652619,-0.01018375,-0.51341914,0.07],[-0.04573371,0.99861643,0.02595494,0.06],[0.51407326,0.00124947,0.85774538,-0.19]]]
[[[900.69287109375,0,623.7501220703125],[0,900.69287109375,373.2276306152344],[0,0,1]],[[0.85900734,-0.01056381,-0.50950657,0.07],[-0.04511491,0.99873659,0.02213296,0.06],[0.50997159,0.00397397,0.86018206,-0.19]]]
[[[900.69287109375,0,623.7501220703125],[0,900.69287109375,373.2276306152344],[0,0,1]],[[0.91772344,-0.00790294,-0.39475578,0.05],[-0.04219748,0.99901539,0.0136975,0.07],[0.39497221,0.00408719,0.91868397,-0.18]]]
[[[900.69287109375,0,623.7501220703125],[0,900.69287109375,373.2276306152344],[0,0,1]],[[0.965298,-0.00483758,-0.25830207,0.06],[-0.03808133,0.99925348,0.00650319,0.06],[0.25835941,0.00355897,0.96604231,-0.19]]]
[[[900.69287109375,0,623.7501220703125],[0,900.69287109375,373.2276306152344],[0,0,1]],[[9.94053453e-01,-1.80100897e-03,-1.03795746e-01,6.00000000e-02],[-3.30931949e-02,9.99452263e-01,1.19266368e-04,6.00000000e-02],[1.03742821e-01,3.31637590e-03,9.94598627e-01,-1.90000000e-01]]]
[[[900.69287109375,0,623.7501220703125],[0,900.69287109375,373.2276306152344],[0,0,1]],[[0.99682486,0.0012492,0.07488096,0.06],[-0.0265911,0.99961865,-0.00744775,0.07],[-0.07505405,0.00543294,0.99716467,-0.2]]]
[[[900.69287109375,0,623.7501220703125],[0,900.69287109375,373.2276306152344],[0,0,1]],[[0.98915806,0.00229415,0.14468554,0.06],[-0.02414745,0.99967083,-0.00866751,0.07],[-0.14485588,0.00507975,0.98943973,-0.2]]]
[[[900.69287109375,0,623.7501220703125],[0,900.69287109375,373.2276306152344],[0,0,1]],[[0.9836936,0.00284788,0.17827149,0.06],[-0.02223812,0.99969518,-0.01072424,0.07],[-0.17847232,0.00658494,0.9839229,-0.2]]]
[[[900.69287109375,0,623.7501220703125],[0,900.69287109375,373.2276306152344],[0,0,1]],[[0.97661805,0.00330858,0.21386946,0.06],[-0.01972343,0.99973309,-0.01203056,0.07],[-0.21407513,0.00753103,0.97678816,-0.2]]]
[[[900.69287109375,0,623.7501220703125],[0,900.69287109375,373.2276306152344],[0,0,1]],[[0.96953604,0.00374139,0.24409134,0.05],[-0.01773141,0.99975246,-0.0134392,0.07],[-0.24430611,0.00870171,0.96965912,-0.2]]]
[[[900.69287109375,0,623.7501220703125],[0,900.69287109375,373.2276306152344],[0,0,1]],[[0.96946975,0.00400204,0.24435574,0.05],[-0.01712317,0.99972889,-0.01577806,0.06],[-0.24461234,0.0111122,0.96955728,-0.2]]]
[[[900.69287109375,0,623.7501220703125],[0,900.69287109375,373.2276306152344],[0,0,1]],[[0.98988461,0.00261166,0.1397782,0.05],[-0.02235842,0.99963069,-0.01544621,0.06],[-0.14010193,0.01216475,0.99006236,-0.2]]]
[[[900.69287109375,0,623.7501220703125],[0,900.69287109375,373.2276306152344],[0,0,1]],[[9.99222070e-01,-5.13616354e-04,-2.58562118e-02,5.00000000e-02],[-3.00358249e-02,9.99502212e-01,-9.65286321e-03,6.00000000e-02],[2.55559008e-02,1.04219666e-02,9.99619067e-01,-2.00000000e-01]]]
[[[900.69287109375,0,623.7501220703125],[0,900.69287109375,373.2276306152344],[0,0,1]],[[0.99405554,-0.00190151,-0.10409945,0.05],[-0.03234086,0.99947336,-0.00265804,0.06],[0.10395987,0.00600891,0.99456334,-0.2]]]
[[[900.69287109375,0,623.7501220703125],[0,900.69287109375,373.2276306152344],[0,0,1]],[[9.85742807e-01,-3.03939399e-03,-1.64914438e-01,5.00000000e-02],[-3.38765527e-02,9.99426007e-01,-1.87389194e-04,6.00000000e-02],[1.64813523e-01,5.77145035e-03,9.86307859e-01,-1.90000000e-01]]]
[[[900.69287109375,0,623.7501220703125],[0,900.69287109375,373.2276306152344],[0,0,1]],[[0.96089587,-0.00575153,-0.27440863,0.05],[-0.03811106,0.99927193,0.0017773,0.06],[0.27427484,0.0087502,0.96161154,-0.19]]]
[[[900.69287109375,0,623.7501220703125],[0,900.69287109375,373.2276306152344],[0,0,1]],[[0.91731661,-0.00861704,-0.39593549,0.04],[-0.0419171,0.9990814,0.00890544,0.06],[0.39594596,0.00842736,0.91823515,-0.19]]]
[[[900.69287109375,0,623.7501220703125],[0,900.69287109375,373.2276306152344],[0,0,1]],[[0.89600041,-0.00888322,-0.44160135,0.04],[-0.04339679,0.99890712,0.0173576,0.06],[0.44192759,0.00361166,0.89704346,-0.19]]]
[[[900.69287109375,0,623.7501220703125],[0,900.69287109375,373.2276306152344],[0,0,1]],[[0.87517097,-0.01069785,-0.48149092,0.04],[-0.04502317,0.99885136,0.01639747,0.06],[0.48171432,0.00732766,0.87629768,-0.18]]]
[[[900.69287109375,0,623.7501220703125],[0,900.69287109375,373.2276306152344],[0,0,1]],[[0.86038513,-0.01144378,-0.50736947,0.04],[-0.04546426,0.99881104,0.01759304,0.06],[0.50761246,0.00793039,0.861549,-0.18]]]
[[[900.69287109375,0,623.7501220703125],[0,900.69287109375,373.2276306152344],[0,0,1]],[[0.85658599,-0.01136018,-0.51378224,0.04],[-0.044889,0.99882698,0.018156,0.06],[0.51404807,0.007511,0.85772849,-0.18]]]
[[[900.69287109375,0,623.7501220703125],[0,900.69287109375,373.2276306152344],[0,0,1]],[[0.86182394,-0.01054701,-0.50494701,0.04],[-0.04400973,0.99884066,0.01950589,0.06],[0.50529464,0.00541194,0.86292993,-0.18]]]
[[[900.69287109375,0,623.7501220703125],[0,900.69287109375,373.2276306152344],[0,0,1]],[[0.89414513,-0.00924471,-0.4454528,0.04],[-0.04317947,0.99894691,0.01551176,0.06],[0.44569051,0.00536465,0.89517105,-0.18]]]
[[[900.69287109375,0,623.7501220703125],[0,900.69287109375,373.2276306152344],[0,0,1]],[[0.96198919,-0.0050628,-0.27017962,0.04],[-0.0390227,0.99920589,0.00805131,0.06],[0.27028507,0.00279787,0.96277627,-0.19]]]
[[[900.69287109375,0,623.7501220703125],[0,900.69287109375,373.2276306152344],[0,0,1]],[[0.97305566,-0.00434273,-0.22735909,0.04],[-0.0382105,0.99925718,0.00500516,0.06],[0.22738214,0.0038172,0.97379813,-0.19]]]
[[[900.69287109375,0,623.7501220703125],[0,900.69287109375,373.2276306152344],[0,0,1]],[[0.98511908,-0.0031127,-0.16799032,0.04],[-0.03639843,0.99933383,0.00265576,0.06],[0.16797489,0.00349834,0.98578507,-0.19]]]
[[[900.69287109375,0,623.7501220703125],[0,900.69287109375,373.2276306152344],[0,0,1]],[[0.99227485,-0.00230768,-0.11933933,0.04],[-0.03441912,0.99940473,-0.00234808,0.06],[0.1191887,0.0064375,0.99285075,-0.2]]]
[[[900.69287109375,0,623.7501220703125],[0,900.69287109375,373.2276306152344],[0,0,1]],[[0.99397069,-0.00220893,-0.10435976,0.04],[-0.03449185,0.99938437,-0.00641765,0.06],[0.10407966,0.00997851,0.99451891,-0.2]]]
[[[900.69287109375,0,623.7501220703125],[0,900.69287109375,373.2276306152344],[0,0,1]],[[0.99398616,-0.00235417,-0.10425115,0.04],[-0.03466445,0.9993563,-0.00923915,0.06],[0.1038744,0.0127974,0.99450809,-0.2]]]
[[[900.69287109375,0,623.7501220703125],[0,900.69287109375,373.2276306152344],[0,0,1]],[[0.99401557,-0.00228906,-0.10440624,0.04],[-0.0332892,0.99940181,-0.00937313,0.06],[0.10404262,0.01279264,0.99449056,-0.2]]]
[[[900.69287109375,0,623.7501220703125],[0,900.69287109375,373.2276306152344],[0,0,1]],[[0.99298018,-0.00253495,-0.11378411,0.04],[-0.03361633,0.99938837,-0.00963506,0.06],[0.11340326,0.01339242,0.99345878,-0.2]]]
[[[900.69287109375,0,623.7501220703125],[0,900.69287109375,373.2276306152344],[0,0,1]],[[0.99290982,-0.00250138,-0.11419143,0.04],[-0.03417923,0.99938211,-0.00819644,0.06],[0.11385021,0.0120413,0.99342495,-0.21]]]
[[[900.69287109375,0,623.7501220703125],[0,900.69287109375,373.2276306152344],[0,0,1]],[[9.99540627e-01,1.61542341e-04,7.53562836e-03,4.00000000e-02],[-2.92587744e-02,9.99491841e-01,-1.26485029e-02,6.00000000e-02],[-7.90310303e-03,1.24222092e-02,9.99891609e-01,-2.00000000e-01]]]
[[[900.69287109375,0,623.7501220703125],[0,900.69287109375,373.2276306152344],[0,0,1]],[[0.99828911,0.00108316,0.0513897,0.04],[-0.02714649,0.99951673,-0.01514542,0.06],[-0.0517873,0.01372446,0.99856383,-0.2]]]
[[[900.69287109375,0,623.7501220703125],[0,900.69287109375,373.2276306152344],[0,0,1]],[[0.99470365,0.00200152,0.09963972,0.04],[-0.02367515,0.99957919,-0.01676089,0.06],[-0.10002067,0.01431313,0.9948824,-0.2]]]
[[[900.69287109375,0,623.7501220703125],[0,900.69287109375,373.2276306152344],[0,0,1]],[[0.9908725,0.00267211,0.13261225,0.04],[-0.02193445,0.99958777,-0.01852462,0.06],[-0.13300589,0.01544676,0.99099487,-0.2]]]
[[[900.69287109375,0,623.7501220703125],[0,900.69287109375,373.2276306152344],[0,0,1]],[[0.98946899,0.00278022,0.14307751,0.04],[-0.01931589,0.99962369,-0.01947774,0.06],[-0.14345037,0.01650895,0.98951981,-0.2]]]
[[[900.69287109375,0,623.7501220703125],[0,900.69287109375,373.2276306152344],[0,0,1]],[[0.99626997,0.00170169,0.0830294,0.02],[-0.02199397,0.99957734,-0.01901052,0.06],[-0.08344106,0.01711346,0.99636576,-0.21]]]
[[[900.69287109375,0,623.7501220703125],[0,900.69287109375,373.2276306152344],[0,0,1]],[[0.97909531,-0.00426505,-0.20072072,0.02],[-0.03460429,0.99938908,-0.00489956,0.07],[0.20043681,0.01174294,0.97963625,-0.21]]]
[[[900.69287109375,0,623.7501220703125],[0,900.69287109375,373.2276306152344],[0,0,1]],[[9.24925772e-01,-9.41714271e-03,-3.78139953e-01,1.00000000e-02],[-4.19532347e-02,9.99119461e-01,4.78965253e-04,7.00000000e-02],[3.77825675e-01,1.54211871e-02,9.25748316e-01,-2.10000000e-01]]]
[[[900.69287109375,0,623.7501220703125],[0,900.69287109375,373.2276306152344],[0,0,1]],[[0.88322059,-0.01245686,-0.46708792,0.01],[-0.04517566,0.99897084,0.00405308,0.07],[0.46677677,0.01752125,0.88420159,-0.21]]]
[[[900.69287109375,0,623.7501220703125],[0,900.69287109375,373.2276306152344],[0,0,1]],[[0.80658843,-0.01665447,-0.589274,0.01],[-0.04879531,0.99873447,0.01218473,0.07],[0.58909603,0.01892574,0.80784138,-0.2]]]
[[[900.69287109375,0,623.7501220703125],[0,900.69287109375,373.2276306152344],[0,0,1]],[[0.77780559,-0.01780262,-0.62665067,0.01],[-0.04942454,0.99865702,0.01553626,0.07],[0.62655861,0.01888773,0.77914541,-0.2]]]
[[[900.69287109375,0,623.7501220703125],[0,900.69287109375,373.2276306152344],[0,0,1]],[[0.79147073,-0.01655152,-0.60926643,0.01],[-0.04866765,0.99867788,0.01655152,0.07],[0.60926643,0.01655152,0.79279285,-0.2]]]
[[[900.69287109375,0,623.7501220703125],[0,900.69287109375,373.2276306152344],[0,0,1]],[[0.86469303,-0.01268623,-0.5002311,0.01],[-0.04628733,0.99886823,0.01094294,0.07],[0.5001634,0.01369208,0.86582278,-0.2]]]
[[[900.69287109375,0,623.7501220703125],[0,900.69287109375,373.2276306152344],[0,0,1]],[[0.93235627,-0.00829571,-0.35920581,0.01],[-0.04215595,0.99910006,0.00468482,0.07],[0.35907474,0.01077474,0.93324661,-0.21]]]
[[[900.69287109375,0,623.7501220703125],[0,900.69287109375,373.2276306152344],[0,0,1]],[[9.67108877e-01,-5.54678035e-03,-2.51581650e-01,1.00000000e-02],[-3.88433993e-02,9.99245256e-01,-3.29156607e-04,6.00000000e-02],[2.51379424e-01,1.00906160e-02,9.67836024e-01,-2.10000000e-01]]]
[[[900.69287109375,0,623.7501220703125],[0,900.69287109375,373.2276306152344],[0,0,1]],[[0.98431376,-0.00382389,-0.1729624,0.01],[-0.03625192,0.99932867,-0.00529167,0.06],[0.17266218,0.01147888,0.98491421,-0.22]]]
[[[900.69287109375,0,623.7501220703125],[0,900.69287109375,373.2276306152344],[0,0,1]],[[0.99819276,-0.00109612,-0.05170348,0.01],[-0.03122365,0.99945423,-0.01078545,0.07],[0.05134495,0.01238033,0.99860424,-0.22]]]
[[[900.69287109375,0,623.7501220703125],[0,900.69287109375,373.2276306152344],[0,0,1]],[[9.99426395e-01,3.97016031e-04,1.88256206e-02,1.00000000e-02],[-2.78900137e-02,9.99513179e-01,-1.39839913e-02,7.00000000e-02],[-1.92101190e-02,1.34509232e-02,9.99724984e-01,-2.30000000e-01]]]
[[[900.69287109375,0,623.7501220703125],[0,900.69287109375,373.2276306152344],[0,0,1]],[[0.9978857,0.00124385,0.05938331,0.01],[-0.02547488,0.99953878,-0.01653055,0.07],[-0.05979257,0.01498282,0.99809837,-0.23]]]
[[[900.69287109375,0,623.7501220703125],[0,900.69287109375,373.2276306152344],[0,0,1]],[[0.99784026,0.00131123,0.06099829,0.01],[-0.02320863,0.9995361,-0.01972182,0.07],[-0.06145066,0.01826354,0.99794301,-0.23]]]
[[[900.69287109375,0,623.7501220703125],[0,900.69287109375,373.2276306152344],[0,0,1]],[[9.99602199e-01,2.52977318e-04,1.09164183e-02,1.00000000e-02],[-2.57886518e-02,9.99476433e-01,-1.95398492e-02,7.00000000e-02],[-1.14188427e-02,1.92505565e-02,9.99749482e-01,-2.30000000e-01]]]
[[[900.69287109375,0,623.7501220703125],[0,900.69287109375,373.2276306152344],[0,0,1]],[[0.97332817,-0.00517264,-0.22682021,0.01],[-0.03660851,0.99931487,-0.00544043,0.07],[0.22647754,0.01359887,0.97392145,-0.23]]]
[[[900.69287109375,0,623.7501220703125],[0,900.69287109375,373.2276306152344],[0,0,1]],[[0.9486734,-0.00783986,-0.31405934,0.01],[-0.0403998,0.99917707,-0.00361143,0.07],[0.31366646,0.016114,0.94939649,-0.23]]]
[[[900.69287109375,0,623.7501220703125],[0,900.69287109375,373.2276306152344],[0,0,1]],[[0.89506841,-0.01139022,-0.44386751,0.01],[-0.04503359,0.99896991,0.0055758,0.07],[0.44364908,0.01499822,0.89607507,-0.23]]]
[[[900.69287109375,0,623.7501220703125],[0,900.69287109375,373.2276306152344],[0,0,1]],[[0.82742023,-0.01543286,-0.559315,0.01],[-0.05042295,0.99860871,0.01543286,0.07],[0.559315,0.01543286,0.82881153,-0.23]]]
[[[900.69287109375,0,623.7501220703125],[0,900.69287109375,373.2276306152344],[0,0,1]],[[0.79188203,-0.01655275,-0.60820765,0.01],[-0.05175094,0.99840367,0.02262643,0.07],[0.60847735,0.01355786,0.79345541,-0.23]]]
[[[900.69287109375,0,623.7501220703125],[0,900.69287109375,373.2276306152344],[0,0,1]],[[0.76725463,-0.01749155,-0.63935403,0.01],[-0.04933882,0.99858955,0.01961121,0.07],[0.63944193,0.01649818,0.76866234,-0.23]]]
[[[900.69287109375,0,623.7501220703125],[0,900.69287109375,373.2276306152344],[0,0,1]],[[0.79415633,-0.01804735,-0.60576467,0.01],[-0.05106866,0.9986077,0.013216,0.07],[0.60556395,0.02044002,0.79553409,-0.23]]]
[[[900.69287109375,0,623.7501220703125],[0,900.69287109375,373.2276306152344],[0,0,1]],[[0.89740294,-0.01217347,-0.43910087,0.02],[-0.0466841,0.99890617,0.0026585,0.07],[0.43873517,0.01811329,0.89843383,-0.23]]]
[[[900.69287109375,0,623.7501220703125],[0,900.69287109375,373.2276306152344],[0,0,1]],[[9.30878638e-01,-9.64542833e-03,-3.63052083e-01,1.00000000e-02],[-4.40757954e-02,9.99027729e-01,-9.59615366e-04,7.00000000e-02],[3.62660022e-01,1.68950941e-02,9.31768356e-01,-2.30000000e-01]]]
[[[900.69287109375,0,623.7501220703125],[0,900.69287109375,373.2276306152344],[0,0,1]],[[0.96641228,-0.00654735,-0.25423395,0.01],[-0.04058014,0.99915478,-0.00655627,0.07],[0.25377267,0.01665291,0.96712053,-0.23]]]
[[[900.69287109375,0,623.7501220703125],[0,900.69287109375,373.2276306152344],[0,0,1]],[[0.98364088,-0.00448371,-0.17669641,0.01],[-0.03756471,0.99923512,-0.01086558,0.07],[0.17618035,0.01732538,0.98420542,-0.23]]]
[[[900.69287109375,0,623.7501220703125],[0,900.69287109375,373.2276306152344],[0,0,1]],[[0.99596214,-0.0020589,-0.08385638,0.01],[-0.03343014,0.99932778,-0.01504714,0.07],[0.08331768,0.01778971,0.99636424,-0.24]]]
[[[900.69287109375,0,623.7501220703125],[0,900.69287109375,373.2276306152344],[0,0,1]],[[9.99096394e-01,-7.32796997e-04,-3.03329353e-02,9.00000000e-02],[-3.03329353e-02,9.99373436e-01,-1.82386534e-02,7.00000000e-02],[2.97709478e-02,1.91422598e-02,9.99373436e-01,-3.80000000e-01]]]
[[[900.69287109375,0,623.7501220703125],[0,900.69287109375,373.2276306152344],[0,0,1]],[[0.99838933,0.00111917,0.05025488,0.09],[-0.02539714,0.99949533,-0.01908077,0.07],[-0.05073189,0.01777371,0.99855414,-0.39]]]
[[[900.69287109375,0,623.7501220703125],[0,900.69287109375,373.2276306152344],[0,0,1]],[[0.99240667,0.00262671,0.12062515,0.09],[-0.02156804,0.99952814,-0.02187047,0.07],[-0.1210943,0.01910275,0.99245718,-0.39]]]
[[[900.69287109375,0,623.7501220703125],[0,900.69287109375,373.2276306152344],[0,0,1]],[[0.99085584,0.00306377,0.13286034,0.09],[-0.0203158,0.99947184,-0.02536341,0.08],[-0.13338652,0.02243232,0.99081019,-0.39]]]
[[[900.69287109375,0,623.7501220703125],[0,900.69287109375,373.2276306152344],[0,0,1]],[[0.99462301,0.00235507,0.10084348,0.12],[-0.0211289,0.99945828,-0.02523311,0.11],[-0.10138366,0.02296672,0.99458227,-0.43]]]
[[[900.69287109375,0,623.7501220703125],[0,900.69287109375,373.2276306152344],[0,0,1]],[[0.9910349,-0.0032475,-0.12989777,0.12],[-0.03352555,0.9993194,-0.01538719,0.11],[0.12932855,0.01960414,0.99140799,-0.43]]]
[[[900.69287109375,0,623.7501220703125],[0,900.69287109375,373.2276306152344],[0,0,1]],[[0.97233745,-0.00551037,-0.23092135,0.12],[-0.03765034,0.99927017,-0.00644803,0.11],[0.23052619,0.01496393,0.97295105,-0.43]]]
[[[900.69287109375,0,623.7501220703125],[0,900.69287109375,373.2276306152344],[0,0,1]],[[0.93976566,-0.0093225,-0.33962174,0.12],[-0.04304242,0.99905938,-0.00526372,0.11],[0.33909858,0.0195648,0.94054738,-0.42]]]
[[[900.69287109375,0,623.7501220703125],[0,900.69287109375,373.2276306152344],[0,0,1]],[[8.82772265e-01,-1.40996121e-02,-4.67859949e-01,1.10000000e-01],[-4.82770361e-02,9.98833984e-01,-7.62113341e-06,1.10000000e-01],[4.67314091e-01,2.25936190e-02,8.83802621e-01,-4.20000000e-01]]]
[[[900.69287109375,0,623.7501220703125],[0,900.69287109375,373.2276306152344],[0,0,1]],[[0.86334409,-0.01517608,-0.50266582,0.11],[-0.04939953,0.99877393,0.00321219,0.11],[0.50219187,0.02205823,0.86447484,-0.42]]]
[[[900.69287109375,0,623.7501220703125],[0,900.69287109375,373.2276306152344],[0,0,1]],[[0.85469978,-0.0150748,-0.51711098,0.11],[-0.04933097,0.99876037,0.00664636,0.11],[0.5167734,0.01982894,0.85589256,-0.42]]]
[[[900.69287109375,0,623.7501220703125],[0,900.69287109375,373.2276306152344],[0,0,1]],[[0.87211144,-0.0133687,-0.48714907,0.11],[-0.04816951,0.99880803,0.00788827,0.1],[0.48693053,0.01658628,0.8732832,-0.4]]]
[[[900.69287109375,0,623.7501220703125],[0,900.69287109375,373.2276306152344],[0,0,1]],[[0.92564109,-0.00950506,-0.37597266,0.11],[-0.0447362,0.99899226,0.00362335,0.1],[0.37574891,0.01346567,0.92662367,-0.4]]]
[[[900.69287109375,0,623.7501220703125],[0,900.69287109375,373.2276306152344],[0,0,1]],[[0.99354273,-0.00252732,-0.10847007,0.11],[-0.03463955,0.99934217,-0.01073881,0.1],[0.1080414,0.01442682,0.99404171,-0.4]]]
[[[900.69287109375,0,623.7501220703125],[0,900.69287109375,373.2276306152344],[0,0,1]],[[9.98637527e-01,9.62195256e-04,4.39262925e-02,1.10000000e-01],[-2.74751415e-02,9.99488741e-01,-1.63515406e-02,1.00000000e-01],[-4.43644638e-02,1.51223809e-02,9.98900950e-01,-4.00000000e-01]]]
[[[900.69287109375,0,623.7501220703125],[0,900.69287109375,373.2276306152344],[0,0,1]],[[0.9902716,0.00288055,0.13683044,0.11],[-0.02284379,0.9995504,-0.01942047,0.1],[-0.13726007,0.01610581,0.9904041,-0.4]]]
[[[900.69287109375,0,623.7501220703125],[0,900.69287109375,373.2276306152344],[0,0,1]],[[0.98470366,0.00368006,0.17249363,0.11],[-0.02121608,0.99954641,-0.02137416,0.1],[-0.17294097,0.01738758,0.9847787,-0.41]]]
[[[900.69287109375,0,623.7501220703125],[0,900.69287109375,373.2276306152344],[0,0,1]],[[0.98274782,0.00422807,0.18325792,0.11],[-0.02073979,0.99947387,-0.02493681,0.1],[-0.18378405,0.02070587,0.98274854,-0.41]]]
[[[900.69287109375,0,623.7501220703125],[0,900.69287109375,373.2276306152344],[0,0,1]],[[0.98911595,0.0033703,0.1449967,0.1],[-0.02168166,0.99946463,-0.02450218,0.1],[-0.14553191,0.02109173,0.98912871,-0.41]]]
[[[900.69287109375,0,623.7501220703125],[0,900.69287109375,373.2276306152344],[0,0,1]],[[0.9963786,-0.00193824,-0.07870661,0.1],[-0.03346814,0.99932387,-0.01522094,0.1],[0.07816373,0.01779998,0.99678162,-0.41]]]
[[[900.69287109375,0,623.7501220703125],[0,900.69287109375,373.2276306152344],[0,0,1]],[[0.9882859,-0.00379175,-0.14865097,0.1],[-0.03681004,0.99924457,-0.01246229,0.1],[0.14810807,0.01778815,0.9888112,-0.4]]]
[[[900.69287109375,0,623.7501220703125],[0,900.69287109375,373.2276306152344],[0,0,1]],[[0.95126829,-0.00767752,-0.30572744,0.1],[-0.04262024,0.99909073,-0.00110703,0.1],[0.3054049,0.01408326,0.95211843,-0.4]]]
[[[900.69287109375,0,623.7501220703125],[0,900.69287109375,373.2276306152344],[0,0,1]],[[0.86780343,-0.01492584,-0.49474333,0.08],[-0.05053316,0.99871045,0.00488165,0.1],[0.49433149,0.02076462,0.86902544,-0.4]]]
[[[900.69287109375,0,623.7501220703125],[0,900.69287109375,373.2276306152344],[0,0,1]],[[0.82198306,-0.01737747,-0.56736151,0.08],[-0.05247072,0.99856183,0.01100437,0.1],[0.56708965,0.02072446,0.82339531,-0.39]]]
[[[900.69287109375,0,623.7501220703125],[0,900.69287109375,373.2276306152344],[0,0,1]],[[0.81390519,-0.01811402,-0.57892569,0.08],[-0.05277199,0.99855277,0.01036746,0.1],[0.57859611,0.02211293,0.81531439,-0.39]]]
[[[900.69287109375,0,623.7501220703125],[0,900.69287109375,373.2276306152344],[0,0,1]],[[0.8984465,-0.01229903,-0.43663926,0.08],[-0.04896434,0.99878767,0.00506766,0.1],[0.43634434,0.01682673,0.89962241,-0.39]]]
[[[900.69287109375,0,623.7501220703125],[0,900.69287109375,373.2276306152344],[0,0,1]],[[0.97238469,-0.00532316,-0.23004581,0.08],[-0.04065324,0.99917281,-0.00100826,0.1],[0.22981586,0.01033252,0.97317928,-0.4]]]
[[[900.69287109375,0,623.7501220703125],[0,900.69287109375,373.2276306152344],[0,0,1]],[[9.99239445e-01,-5.45408928e-04,-2.25408031e-02,8.00000000e-02],[-3.21966314e-02,9.99343753e-01,-1.65964018e-02,1.00000000e-01],[2.19979311e-02,1.73095173e-02,9.99608159e-01,-4.00000000e-01]]]
[[[900.69287109375,0,623.7501220703125],[0,900.69287109375,373.2276306152344],[0,0,1]],[[0.99647239,0.00179439,0.07890162,0.08],[-0.02721213,0.99945909,-0.01846704,0.1],[-0.07938689,0.01625481,0.99671134,-0.4]]]
[[[900.69287109375,0,623.7501220703125],[0,900.69287109375,373.2276306152344],[0,0,1]],[[0.986754,0.00373633,0.16008897,0.17],[-0.02270887,0.999459,-0.02379113,0.11],[-0.16062643,0.01984055,0.98681584,-0.32]]]
[[[900.69287109375,0,623.7501220703125],[0,900.69287109375,373.2276306152344],[0,0,1]],[[0.98305571,0.00448589,0.18141329,0.17],[-0.02170723,0.99939561,-0.02715167,0.11],[-0.18201722,0.02275362,0.98303205,-0.32]]]
[[[900.69287109375,0,623.7501220703125],[0,900.69287109375,373.2276306152344],[0,0,1]],[[0.9920387,0.00319905,0.12272721,0.16],[-0.0251353,0.99932641,-0.02673849,0.11],[-0.12339952,0.02344083,0.99208018,-0.31]]]
[[[900.69287109375,0,623.7501220703125],[0,900.69287109375,373.2276306152344],[0,0,1]],[[0.99322829,-0.00285459,-0.11059342,0.16],[-0.0372669,0.99921909,-0.01312969,0.11],[0.11003976,0.01716225,0.993779,-0.29]]]
[[[900.69287109375,0,623.7501220703125],[0,900.69287109375,373.2276306152344],[0,0,1]],[[0.98046523,-0.00491387,-0.19287069,0.16],[-0.04070014,0.99914679,-0.00701369,0.1],[0.1924355,0.01472654,0.98119911,-0.29]]]
[[[900.69287109375,0,623.7501220703125],[0,900.69287109375,373.2276306152344],[0,0,1]],[[9.61856546e-01,-6.76215073e-03,-2.70371390e-01,1.60000000e-01],[-4.34208967e-02,9.99056608e-01,-7.21547299e-04,1.00000000e-01],[2.70086300e-01,1.24337934e-02,9.62755831e-01,-2.90000000e-01]]]
[[[900.69287109375,0,623.7501220703125],[0,900.69287109375,373.2276306152344],[0,0,1]],[[0.92177644,-0.01093949,-0.38498438,0.16],[-0.04887467,0.99880227,0.00229847,0.1],[0.38462899,0.01669731,0.92292023,-0.29]]]
[[[900.69287109375,0,623.7501220703125],[0,900.69287109375,373.2276306152344],[0,0,1]],[[0.88884109,-0.01197862,-0.45513605,0.16],[-0.0517411,0.99854317,0.01530981,0.1],[0.45528495,0.00994125,0.89029029,-0.29]]]
[[[900.69287109375,0,623.7501220703125],[0,900.69287109375,373.2276306152344],[0,0,1]],[[0.84918487,-0.01421413,-0.52498293,0.16],[-0.0540674,0.99830759,0.02141681,0.1],[0.52532063,0.01019763,0.85084325,-0.28]]]
[[[900.69287109375,0,623.7501220703125],[0,900.69287109375,373.2276306152344],[0,0,1]],[[0.83395484,-0.01547735,-0.54903738,0.15],[-0.05372996,0.99836975,0.01925946,0.1],[0.54921069,0.01343824,0.83557585,-0.28]]]
[[[900.69287109375,0,623.7501220703125],[0,900.69287109375,373.2276306152344],[0,0,1]],[[0.83404006,-0.01688431,-0.54936289,0.15],[-0.05335595,0.99851191,0.01127419,0.1],[0.54911778,0.01990865,0.83550782,-0.28]]]
[[[900.69287109375,0,623.7501220703125],[0,900.69287109375,373.2276306152344],[0,0,1]],[[0.90332067,-0.0124046,-0.42633422,0.14],[-0.05035491,0.99872148,0.0044484,0.11],[0.4260002,0.01744969,0.90455478,-0.26]]]
[[[900.69287109375,0,623.7501220703125],[0,900.69287109375,373.2276306152344],[0,0,1]],[[0.99034533,-0.00359818,-0.1335517,0.13],[-0.03923167,0.99914566,-0.01299357,0.11],[0.1329549,0.01810758,0.99095666,-0.26]]]
[[[900.69287109375,0,623.7501220703125],[0,900.69287109375,373.2276306152344],[0,0,1]],[[9.99458015e-01,-6.87620034e-05,-3.04022141e-03,1.40000000e-01],[-3.28254541e-02,9.99317646e-01,-1.69331575e-02,1.10000000e-01],[2.48310258e-03,1.70237766e-02,9.99852002e-01,-2.60000000e-01]]]
[[[900.69287109375,0,623.7501220703125],[0,900.69287109375,373.2276306152344],[0,0,1]],[[0.99831831,0.00120314,0.04888222,0.14],[-0.03026712,0.99936235,-0.0189419,0.11],[-0.04944132,0.01743053,0.99862492,-0.26]]]
[[[900.69287109375,0,623.7501220703125],[0,900.69287109375,373.2276306152344],[0,0,1]],[[0.99493405,0.00243811,0.09597507,0.14],[-0.02782811,0.99934742,-0.02302896,0.11],[-0.09660139,0.0202415,0.99511731,-0.26]]]
[[[900.69287109375,0,623.7501220703125],[0,900.69287109375,373.2276306152344],[0,0,1]],[[0.99448359,0.0026997,0.10086315,0.14],[-0.02618366,0.99928987,-0.02709559,0.11],[-0.10157167,0.02430515,0.99453127,-0.26]]]
[[[900.69287109375,0,623.7501220703125],[0,900.69287109375,373.2276306152344],[0,0,1]],[[9.99473512e-01,2.92562887e-04,1.03897898e-02,1.30000000e-01],[-3.04809689e-02,9.99248505e-01,-2.39444452e-02,1.10000000e-01],[-1.11179575e-02,2.36151479e-02,9.99659300e-01,-2.70000000e-01]]]
[[[900.69287109375,0,623.7501220703125],[0,900.69287109375,373.2276306152344],[0,0,1]],[[0.9864929,-0.00457821,-0.15988933,0.13],[-0.03878032,0.99910599,-0.01683174,0.11],[0.15914723,0.02280495,0.98699144,-0.26]]]
[[[900.69287109375,0,623.7501220703125],[0,900.69287109375,373.2276306152344],[0,0,1]],[[0.96785774,-0.00710011,-0.24848767,0.13],[-0.04271748,0.99903306,-0.01039977,0.11],[0.24784392,0.02068027,0.96857923,-0.26]]]
[[[900.69287109375,0,623.7501220703125],[0,900.69287109375,373.2276306152344],[0,0,1]],[[0.91759956,-0.0120208,-0.39508557,0.13],[-0.04878033,0.99880624,-0.00256473,0.11],[0.3945016,0.0216258,0.91864074,-0.26]]]
[[[900.69287109375,0,623.7501220703125],[0,900.69287109375,373.2276306152344],[0,0,1]],[[0.83469385,-0.01728481,-0.54822205,0.13],[-0.0548753,0.99842396,0.01175968,0.12],[0.54797346,0.02026812,0.83625015,-0.25]]]
[[[900.69287109375,0,623.7501220703125],[0,900.69287109375,373.2276306152344],[0,0,1]],[[0.79711939,-0.02005738,-0.60151323,0.13],[-0.05635556,0.99832785,0.01286671,0.12],[0.60118613,0.02364231,0.79875923,-0.25]]]
[[[900.69287109375,0,623.7501220703125],[0,900.69287109375,373.2276306152344],[0,0,1]],[[0.76338822,-0.0208962,-0.64349972,0.13],[-0.05671973,0.99819526,0.01972545,0.12],[0.64344484,0.02144096,0.76519212,-0.25]]]
[[[900.69287109375,0,623.7501220703125],[0,900.69287109375,373.2276306152344],[0,0,1]],[[0.74364631,-0.02189621,-0.66613905,0.13],[-0.05717399,0.99813095,0.02158116,0.12],[0.66612412,0.02203708,0.7455153,-0.25]]]
[[[900.69287109375,0,623.7501220703125],[0,900.69287109375,373.2276306152344],[0,0,1]],[[0.73943713,-0.02161591,-0.67073174,0.12],[-0.0568694,0.99810606,0.02345547,0.12],[0.67081933,0.02080026,0.74132904,-0.25]]]
[[[900.69287109375,0,623.7501220703125],[0,900.69287109375,373.2276306152344],[0,0,1]],[[0.73883609,-0.02060859,-0.67134928,0.12],[-0.05559922,0.99812371,0.02564751,0.12],[0.67158762,0.01837719,0.74069718,-0.25]]]
[[[900.69287109375,0,623.7501220703125],[0,900.69287109375,373.2276306152344],[0,0,1]],[[0.77737789,-0.01862016,-0.62670739,0.13],[-0.05340147,0.99837551,0.01986539,0.12],[0.62676305,0.01802418,0.77900143,-0.26]]]
[[[900.69287109375,0,623.7501220703125],[0,900.69287109375,373.2276306152344],[0,0,1]],[[0.87104824,-0.01356299,-0.48855607,0.13],[-0.05131623,0.99860436,0.01248927,0.12],[0.48850957,0.0141921,0.8724431,-0.26]]]
[[[900.69287109375,0,623.7501220703125],[0,900.69287109375,373.2276306152344],[0,0,1]],[[0.94617486,-0.00851713,-0.32047536,0.13],[-0.0470943,0.99888837,0.00203582,0.11],[0.32021126,0.01316632,0.94725466,-0.27]]]
[[[900.69287109375,0,623.7501220703125],[0,900.69287109375,373.2276306152344],[0,0,1]],[[0.98901662,-0.00364962,-0.1424795,0.13],[-0.04087893,0.99913159,-0.00806093,0.11],[0.14203885,0.01379681,0.98976493,-0.28]]]
[[[900.69287109375,0,623.7501220703125],[0,900.69287109375,373.2276306152344],[0,0,1]],[[0.99838349,-0.00108818,-0.04371637,0.13],[-0.03690529,0.99923918,-0.0126122,0.11],[0.04322501,0.01420518,0.99896437,-0.28]]]
[[[900.69287109375,0,623.7501220703125],[0,900.69287109375,373.2276306152344],[0,0,1]],[[9.99387562e-01,-1.67247238e-04,-6.82858698e-03,1.30000000e-01],[-3.44297004e-02,9.99268681e-01,-1.66342867e-02,1.10000000e-01],[6.25270234e-03,1.68592055e-02,9.99838322e-01,-2.80000000e-01]]]
[[[900.69287109375,0,623.7501220703125],[0,900.69287109375,373.2276306152344],[0,0,1]],[[9.99444246e-01,-1.43827478e-04,-5.78837444e-03,1.30000000e-01],[-3.29361704e-02,9.99264121e-01,-1.96576944e-02,1.10000000e-01],[5.13878739e-03,1.98374164e-02,9.99790013e-01,-2.80000000e-01]]]
[[[900.69287109375,0,623.7501220703125],[0,900.69287109375,373.2276306152344],[0,0,1]],[[0.99443772,-0.00280166,-0.09915217,0.13],[-0.03751602,0.9991298,-0.018226,0.12],[0.0984183,0.02184442,0.99490535,-0.28]]]
[[[900.69287109375,0,623.7501220703125],[0,900.69287109375,373.2276306152344],[0,0,1]],[[0.9589555,-0.00837609,-0.28063033,0.12],[-0.04511487,0.99893636,-0.00952928,0.12],[0.27994464,0.02179876,0.95976863,-0.28]]]
[[[900.69287109375,0,623.7501220703125],[0,900.69287109375,373.2276306152344],[0,0,1]],[[0.94329974,-0.00938767,-0.32928991,0.12],[-0.04580638,0.9989416,-0.00417792,0.12],[0.32876643,0.01902461,0.94421962,-0.28]]]
[[[900.69287109375,0,623.7501220703125],[0,900.69287109375,373.2276306152344],[0,0,1]],[[0.87356943,-0.01502303,-0.4845243,0.13],[-0.05095736,0.99869671,0.00286705,0.11],[0.48402461,0.02218551,0.87477311,-0.28]]]
[[[900.69287109375,0,623.7501220703125],[0,900.69287109375,373.2276306152344],[0,0,1]],[[0.77351771,-0.0165132,-0.63153129,0.12],[-0.0496456,0.99849206,0.02342895,0.11],[0.63182724,0.01323005,0.77499632,-0.27]]]
[[[900.69287109375,0,623.7501220703125],[0,900.69287109375,373.2276306152344],[0,0,1]],[[0.74006514,-0.01747035,-0.67026061,0.12],[-0.04974363,0.9983862,0.02739632,0.11],[0.67069302,0.01306614,0.74161993,-0.27]]]
[[[900.69287109375,0,623.7501220703125],[0,900.69287109375,373.2276306152344],[0,0,1]],[[0.71472566,-0.01480288,-0.69700852,0.12],[-0.04543832,0.99830884,0.0362605,0.11],[0.69792735,0.00575459,0.71614544,-0.27]]]
[[[900.69287109375,0,623.7501220703125],[0,900.69287109375,373.2276306152344],[0,0,1]],[[0.708311,-0.01625084,-0.70343748,0.12],[-0.0475494,0.99822965,0.03572976,0.11],[0.70429727,0.00814024,0.70985855,-0.27]]]
[[[900.69287109375,0,623.7501220703125],[0,900.69287109375,373.2276306152344],[0,0,1]],[[0.71003384,-0.01737311,-0.70172609,0.12],[-0.04911284,0.99822631,0.0336475,0.11],[0.70245275,0.0105729,0.71165183,-0.27]]]
[[[900.69287109375,0,623.7501220703125],[0,900.69287109375,373.2276306152344],[0,0,1]],[[0.7494226,-0.01964098,-0.65971383,0.12],[-0.05388096,0.99826771,0.02363094,0.11],[0.65989591,0.01783645,0.75114529,-0.27]]]
[[[900.69287109375,0,623.7501220703125],[0,900.69287109375,373.2276306152344],[0,0,1]],[[0.81685678,-0.01675203,-0.5744815,0.12],[-0.05253169,0.9984929,0.01588577,0.11],[0.57444359,0.01720208,0.8183634,-0.27]]]
[[[900.69287109375,0,623.7501220703125],[0,900.69287109375,373.2276306152344],[0,0,1]],[[0.90976667,-0.01110877,-0.41228607,0.13],[-0.04950323,0.99874139,0.00806654,0.11],[0.41215777,0.01307082,0.91101873,-0.28]]]
[[[900.69287109375,0,623.7501220703125],[0,900.69287109375,373.2276306152344],[0,0,1]],[[9.60623594e-01,-7.18026088e-03,-2.74362451e-01,1.30000000e-01],[-4.57283669e-02,9.98953879e-01,-2.53998093e-04,1.10000000e-01],[2.74064283e-01,1.27901426e-02,9.61626323e-01,-2.80000000e-01]]]
[[[900.69287109375,0,623.7501220703125],[0,900.69287109375,373.2276306152344],[0,0,1]],[[0.99296689,-0.00282166,-0.11186861,0.13],[-0.0399894,0.99916148,-0.00878529,0.11],[0.1114343,0.01319706,0.99368417,-0.29]]]
[[[900.69287109375,0,623.7501220703125],[0,900.69287109375,373.2276306152344],[0,0,1]],[[9.99341011e-01,-2.09837616e-04,-8.92775988e-03,1.30000000e-01],[-3.52959514e-02,9.99294490e-01,-1.28342826e-02,1.10000000e-01],[8.46991356e-03,1.31409388e-02,9.99877781e-01,-2.90000000e-01]]]
[[[900.69287109375,0,623.7501220703125],[0,900.69287109375,373.2276306152344],[0,0,1]],[[0.9979443,0.00131255,0.05534115,0.13],[-0.03146902,0.99937394,-0.0161686,0.11],[-0.05582906,0.01439383,0.99833658,-0.29]]]
[[[900.69287109375,0,623.7501220703125],[0,900.69287109375,373.2276306152344],[0,0,1]],[[0.99625891,0.00186981,0.08090079,0.13],[-0.02906175,0.99942473,-0.01748235,0.11],[-0.08138545,0.01506583,0.99656883,-0.29]]]
[[[900.69287109375,0,623.7501220703125],[0,900.69287109375,373.2276306152344],[0,0,1]],[[0.99410787,0.00229305,0.10458632,0.13],[-0.02680205,0.99948868,-0.01743633,0.11],[-0.10502947,0.01453047,0.99436295,-0.29]]]
[[[900.69287109375,0,623.7501220703125],[0,900.69287109375,373.2276306152344],[0,0,1]],[[0.98741177,0.00331693,0.15590601,0.13],[-0.02401893,0.99953344,-0.01886754,0.11],[-0.15633648,0.01488533,0.98759168,-0.29]]]
[[[900.69287109375,0,623.7501220703125],[0,900.69287109375,373.2276306152344],[0,0,1]],[[0.98664176,0.00362039,0.16066798,0.13],[-0.02376804,0.99948823,-0.0214091,0.11],[-0.16116175,0.01730435,0.98677629,-0.29]]]
[[[900.69287109375,0,623.7501220703125],[0,900.69287109375,373.2276306152344],[0,0,1]],[[0.99382099,0.00262016,0.10716447,0.13],[-0.02666169,0.99939519,-0.02232499,0.11],[-0.107745,0.01932986,0.99399063,-0.29]]]
[[[900.69287109375,0,623.7501220703125],[0,900.69287109375,373.2276306152344],[0,0,1]],[[0.98297718,-0.00485189,-0.17970607,0.12],[-0.04078466,0.9991124,-0.01053704,0.11],[0.17914372,0.01768692,0.98366392,-0.29]]]
[[[900.69287109375,0,623.7501220703125],[0,900.69287109375,373.2276306152344],[0,0,1]],[[9.54157680e-01,-7.64483256e-03,-2.96303642e-01,1.20000000e-01],[-4.44262419e-02,9.99012530e-01,-5.23646699e-04,1.10000000e-01],[2.95988913e-01,1.36632980e-02,9.55093651e-01,-2.90000000e-01]]]
[[[900.69287109375,0,623.7501220703125],[0,900.69287109375,373.2276306152344],[0,0,1]],[[0.91335558,-0.0108711,-0.40463838,0.12],[-0.04741638,0.99886405,0.00472096,0.11],[0.40439245,0.01487457,0.91446459,-0.29]]]
[[[900.69287109375,0,623.7501220703125],[0,900.69287109375,373.2276306152344],[0,0,1]],[[0.85995276,-0.01485372,-0.50808045,0.12],[-0.05092787,0.99866363,0.00879195,0.11],[0.50782636,0.01831479,0.86126475,-0.29]]]
[[[900.69287109375,0,623.7501220703125],[0,900.69287109375,373.2276306152344],[0,0,1]],[[0.84731445,-0.01508087,-0.52873457,0.12],[-0.05118847,0.99861246,0.01236479,0.11],[0.52861892,0.01658825,0.84869716,-0.29]]]
[[[900.69287109375,0,623.7501220703125],[0,900.69287109375,373.2276306152344],[0,0,1]],[[0.84728241,-0.01391539,-0.52871892,0.12],[-0.04976282,0.99863315,0.01598439,0.11],[0.52880639,0.01276725,0.84864646,-0.28]]]
[[[900.69287109375,0,623.7501220703125],[0,900.69287109375,373.2276306152344],[0,0,1]],[[0.88362906,-0.01181381,-0.46549252,0.12],[-0.04922672,0.998687,0.01417772,0.11],[0.46559254,0.01038682,0.88493825,-0.28]]]
[[[900.69287109375,0,623.7501220703125],[0,900.69287109375,373.2276306152344],[0,0,1]],[[0.9482812,-0.0077881,-0.31421701,0.11],[-0.0459599,0.99893293,0.00454898,0.11],[0.3140867,0.01012767,0.94934029,-0.28]]]
[[[900.69287109375,0,623.7501220703125],[0,900.69287109375,373.2276306152344],[0,0,1]],[[0.99790347,-0.00122681,-0.05336248,0.11],[-0.03711176,0.99927723,-0.00822962,0.11],[0.05302253,0.01019274,0.9985413,-0.28]]]
[[[900.69287109375,0,623.7501220703125],[0,900.69287109375,373.2276306152344],[0,0,1]],[[0.99225867,0.00267274,0.12017302,0.1],[-0.02966372,0.99943852,-0.01557882,0.12],[-0.12059353,0.01189344,0.99263072,-0.3]]]
[[[900.69287109375,0,623.7501220703125],[0,900.69287109375,373.2276306152344],[0,0,1]],[[0.97967169,0.00416006,0.19861493,0.1],[-0.02525335,0.99953005,-0.0173768,0.12],[-0.19901169,0.01200787,0.97992355,-0.3]]]
[[[900.69287109375,0,623.7501220703125],[0,900.69287109375,373.2276306152344],[0,0,1]],[[0.96792257,0.00516809,0.24986583,0.1],[-0.02214785,0.99956429,-0.0195116,0.12],[-0.25027059,0.01335173,0.96808386,-0.3]]]
[[[900.69287109375,0,623.7501220703125],[0,900.69287109375,373.2276306152344],[0,0,1]],[[0.96592968,0.00566728,0.25732094,0.09],[-0.02297373,0.9995102,-0.02125018,0.12],[-0.25778296,0.01461455,0.96609232,-0.3]]]
[[[900.69287109375,0,623.7501220703125],[0,900.69287109375,373.2276306152344],[0,0,1]],[[0.97155663,0.00579061,0.23503502,0.07],[-0.02360707,0.99939913,-0.02537901,0.13],[-0.23562771,0.01910866,0.97165552,-0.33]]]
[[[900.69287109375,0,623.7501220703125],[0,900.69287109375,373.2276306152344],[0,0,1]],[[0.99827558,-0.00122414,-0.04537616,0.07],[-0.03799237,0.99915287,-0.01581532,0.13],[0.04474874,0.017512,0.99884477,-0.32]]]
[[[900.69287109375,0,623.7501220703125],[0,900.69287109375,373.2276306152344],[0,0,1]],[[0.98304814,-0.00491185,-0.17868721,0.07],[-0.04330706,0.99902478,-0.00860175,0.13],[0.17815962,0.01619435,0.98386833,-0.31]]]
[[[900.69287109375,0,623.7501220703125],[0,900.69287109375,373.2276306152344],[0,0,1]],[[0.95249123,-0.00836215,-0.30128927,0.07],[-0.04713975,0.99888745,-0.0013067,0.13],[0.30089585,0.01544732,0.95353189,-0.31]]]
[[[900.69287109375,0,623.7501220703125],[0,900.69287109375,373.2276306152344],[0,0,1]],[[0.90586602,-0.01208851,-0.42075392,0.07],[-0.05090401,0.99868536,0.00602779,0.13],[0.4204944,0.01595769,0.90715479,-0.3]]]
[[[900.69287109375,0,623.7501220703125],[0,900.69287109375,373.2276306152344],[0,0,1]],[[0.87065581,-0.014144,-0.48920901,0.07],[-0.05246457,0.9985581,0.0113658,0.13],[0.48908683,0.01577045,0.87209252,-0.3]]]
[[[900.69287109375,0,623.7501220703125],[0,900.69287109375,373.2276306152344],[0,0,1]],[[0.83836798,-0.01592883,-0.54242483,0.07],[-0.05398544,0.99841467,0.01592883,0.13],[0.54242483,0.01592883,0.83995332,-0.3]]]
[[[900.69287109375,0,623.7501220703125],[0,900.69287109375,373.2276306152344],[0,0,1]],[[0.81361731,-0.0168407,-0.57863507,0.07],[-0.05477158,0.99828416,0.02070769,0.13],[0.57881516,0.01484461,0.81532367,-0.3]]]
[[[900.69287109375,0,623.7501220703125],[0,900.69287109375,373.2276306152344],[0,0,1]],[[0.8130918,-0.01644037,-0.57936609,0.07],[-0.0541591,0.99829611,0.02171786,0.13],[0.57961066,0.01371933,0.81477804,-0.3]]]
[[[900.69287109375,0,623.7501220703125],[0,900.69287109375,373.2276306152344],[0,0,1]],[[0.89472755,-0.01097863,-0.44331707,0.07],[-0.05140358,0.99851161,0.01822723,0.13],[0.44364431,0.00647969,0.89617952,-0.31]]]
[[[900.69287109375,0,623.7501220703125],[0,900.69287109375,373.2276306152344],[0,0,1]],[[0.99200639,-0.00299246,-0.11911178,0.06],[-0.04261446,0.99907666,-0.00546134,0.13],[0.11877427,0.01049357,0.99286583,-0.32]]]
[[[900.69287109375,0,623.7501220703125],[0,900.69287109375,373.2276306152344],[0,0,1]],[[0.9963029,0.00191624,0.07822798,0.07],[-0.03442588,0.99929234,-0.01515487,0.13],[-0.07871076,0.01240577,0.9968203,-0.32]]]
[[[900.69287109375,0,623.7501220703125],[0,900.69287109375,373.2276306152344],[0,0,1]],[[0.9833383,0.00426948,0.1789016,0.06],[-0.02926753,0.99938563,-0.0192817,0.13],[-0.1794135,0.01372443,0.98367801,-0.33]]]
[[[900.69287109375,0,623.7501220703125],[0,900.69287109375,373.2276306152344],[0,0,1]],[[0.97568518,0.00533986,0.21693,0.06],[-0.02703683,0.99937889,-0.02260187,0.13],[-0.21750274,0.01618721,0.97592547,-0.33]]]
[[[900.69287109375,0,623.7501220703125],[0,900.69287109375,373.2276306152344],[0,0,1]],[[0.97637692,0.00568247,0.21384461,0.05],[-0.02574223,0.99929994,-0.02714701,0.13],[-0.2145354,0.02100088,0.97649041,-0.33]]]
[[[900.69287109375,0,623.7501220703125],[0,900.69287109375,373.2276306152344],[0,0,1]],[[0.99562588,0.00247347,0.08652051,0.04],[-0.03329962,0.99915713,-0.0240034,0.13],[-0.08729396,0.0210173,0.99596086,-0.32]]]
[[[900.69287109375,0,623.7501220703125],[0,900.69287109375,373.2276306152344],[0,0,1]],[[0.99083993,-0.00377176,-0.12845439,0.05],[-0.04371115,0.99895734,-0.01317483,0.13],[0.12777157,0.01866904,0.9916279,-0.32]]]
[[[900.69287109375,0,623.7501220703125],[0,900.69287109375,373.2276306152344],[0,0,1]],[[0.98042455,-0.00564709,-0.1922307,0.05],[-0.04537186,0.9989199,-0.01002091,0.13],[0.19159615,0.01854661,0.9812986,-0.32]]]
[[[900.69287109375,0,623.7501220703125],[0,900.69287109375,373.2276306152344],[0,0,1]],[[0.95181429,-0.00804558,-0.30311643,0.05],[-0.04799194,0.99884379,0.00280332,0.13],[0.30289655,0.01187891,0.9529494,-0.32]]]
[[[900.69287109375,0,623.7501220703125],[0,900.69287109375,373.2276306152344],[0,0,1]],[[0.93863619,-0.00898882,-0.34150894,0.05],[-0.04912553,0.99877298,0.00626254,0.13],[0.34139244,0.01089856,0.93985766,-0.32]]]
[[[900.69287109375,0,623.7501220703125],[0,900.69287109375,373.2276306152344],[0,0,1]],[[0.91050362,-0.01125803,-0.41055301,0.05],[-0.05038845,0.99869645,0.00814937,0.13],[0.41041951,0.0132671,0.91180032,-0.32]]]
[[[900.69287109375,0,623.7501220703125],[0,900.69287109375,373.2276306152344],[0,0,1]],[[0.86442862,-0.01447056,-0.49998257,0.05],[-0.0532522,0.99849334,0.01323804,0.13],[0.49992733,0.01518184,0.86593427,-0.32]]]
[[[900.69287109375,0,623.7501220703125],[0,900.69287109375,373.2276306152344],[0,0,1]],[[0.84217976,-0.01605174,-0.53659261,0.04],[-0.0539148,0.99844921,0.01386999,0.13],[0.53649461,0.01724926,0.84372745,-0.32]]]
[[[900.69287109375,0,623.7501220703125],[0,900.69287109375,373.2276306152344],[0,0,1]],[[0.80796913,-0.01656866,-0.58634034,0.04],[-0.05472492,0.99821955,0.02372579,0.13],[0.58667797,0.01291772,0.80971728,-0.32]]]
[[[900.69287109375,0,623.7501220703125],[0,900.69287109375,373.2276306152344],[0,0,1]],[[0.8013499,-0.01793357,-0.5957728,0.04],[-0.05400466,0.99838737,0.01749752,0.13],[0.59575319,0.01815287,0.80296242,-0.31]]]
[[[900.69287109375,0,623.7501220703125],[0,900.69287109375,373.2276306152344],[0,0,1]],[[0.85425455,-0.01478266,-0.5173904,0.04],[-0.05161781,0.99859044,0.01235864,0.13],[0.51728597,0.01614914,0.85566024,-0.31]]]
[[[900.69287109375,0,623.7501220703125],[0,900.69287109375,373.2276306152344],[0,0,1]],[[0.92991737,-0.00990448,-0.36505222,0.04],[-0.04708604,0.99888855,0.00213658,0.13],[0.36474181,0.01520202,0.93098459,-0.32]]]
[[[900.69287109375,0,623.7501220703125],[0,900.69287109375,373.2276306152344],[0,0,1]],[[0.96335391,-0.00694584,-0.2650585,0.04],[-0.04360671,0.99904302,-0.00339171,0.13],[0.26466528,0.01482575,0.96422637,-0.32]]]
[[[900.69287109375,0,623.7501220703125],[0,900.69287109375,373.2276306152344],[0,0,1]],[[0.97607601,-0.00575804,-0.21375668,0.04],[-0.04242784,0.99906957,-0.00773753,0.13],[0.21324987,0.01662165,0.97685629,-0.33]]]
[[[900.69287109375,0,623.7501220703125],[0,900.69287109375,373.2276306152344],[0,0,1]],[[0.9847365,-0.00479753,-0.16963812,-0.],[-0.0416654,0.99905357,-0.01248853,0.1],[0.16899117,0.01936595,0.98542729,-0.26]]]
[[[900.69287109375,0,623.7501220703125],[0,900.69287109375,373.2276306152344],[0,0,1]],[[0.98482671,-0.00498247,-0.16915337,-0.01],[-0.0418805,0.99901256,-0.01483003,0.1],[0.16841131,0.02168923,0.98547816,-0.26]]]
[[[900.69287109375,0,623.7501220703125],[0,900.69287109375,373.2276306152344],[0,0,1]],[[0.98504481,-0.00500442,-0.16830006,-0.01],[-0.04037465,0.99903566,-0.01725238,0.1],[0.16750109,0.02378943,0.98558483,-0.26]]]
[[[900.69287109375,0,623.7501220703125],[0,900.69287109375,373.2276306152344],[0,0,1]],[[0.98629761,-0.00434617,-0.16104182,-0.01],[-0.03849198,0.99916708,-0.01354636,0.1],[0.16042255,0.01955956,0.98685461,-0.26]]]
[[[900.69287109375,0,623.7501220703125],[0,900.69287109375,373.2276306152344],[0,0,1]],[[0.98632407,-0.00424215,-0.16109496,-0.01],[-0.03746304,0.99920917,-0.01332532,0.1],[0.16050342,0.01917819,0.98684895,-0.26]]]
[[[900.69287109375,0,623.7501220703125],[0,900.69287109375,373.2276306152344],[0,0,1]],[[0.98729926,-0.00398811,-0.15495327,-0.01],[-0.03740179,0.99922606,-0.01218114,0.1],[0.15440619,0.01782196,0.9878467,-0.26]]]
[[[900.69287109375,0,623.7501220703125],[0,900.69287109375,373.2276306152344],[0,0,1]],[[0.98963088,-0.00331769,-0.13944408,-0.01],[-0.03613595,0.99930027,-0.009652,0.1],[0.13901409,0.01459086,0.99018291,-0.26]]]
[[[900.69287109375,0,623.7501220703125],[0,900.69287109375,373.2276306152344],[0,0,1]],[[0.99042663,-0.00333657,-0.13375596,-0.01],[-0.03608762,0.99927312,-0.01228464,0.1],[0.13323954,0.01699397,0.99093816,-0.26]]]
[[[900.69287109375,0,623.7501220703125],[0,900.69287109375,373.2276306152344],[0,0,1]],[[0.99085698,-0.00334052,-0.13038299,-0.01],[-0.03669653,0.9992407,-0.0130918,0.1],[0.12982996,0.01775671,0.99137726,-0.26]]]
