[0.628037, 0.538772, -0.344815, 0.443167, -35.197725, -15.532348, 1.576306]
[0.629925, 0.540327, -0.350186, 0.434294, -34.989102, -15.526462, 1.403498]
[0.625286, 0.545911, -0.353293, 0.431489, -34.900801, -15.358878, 1.563386]
[0.624355, 0.549608, -0.362906, 0.420013, -34.598300, -15.145560, 1.659762]
[0.613662, 0.555255, -0.377123, 0.415799, -33.660942, -15.079173, 1.792348]
[0.614299, 0.534984, -0.403627, 0.416550, -32.922984, -15.252195, 1.780605]
[0.618131, 0.546673, -0.378733, 0.419075, -32.386951, -15.475078, 1.550142]
[0.624146, 0.554662, -0.372114, 0.405368, -31.381890, -15.441220, 1.758762]
[0.635620, 0.577703, -0.349490, 0.374305, -30.799877, -15.707292, 1.592149]
[0.636890, 0.577201, -0.348815, 0.373548, -29.975050, -15.670871, 1.755439]
[0.648566, 0.581708, -0.333527, 0.360191, -29.326462, -15.998757, 1.653885]
[0.637721, 0.584300, -0.346335, 0.363259, -28.451110, -16.099443, 1.906413]
[0.641803, 0.578980, -0.345176, 0.365685, -27.759170, -16.342396, 1.650983]
[0.640231, 0.581352, -0.349245, 0.360780, -26.943203, -16.386902, 1.818913]
[0.653812, 0.577656, -0.344138, 0.347005, -26.281513, -16.776485, 1.504828]
[0.655356, 0.576794, -0.339628, 0.349955, -25.592521, -16.986552, 1.710339]
[0.658250, 0.592121, -0.318290, 0.338809, -24.743103, -17.156521, 1.632756]
[0.657148, 0.601142, -0.318628, 0.324441, -23.908076, -17.137860, 1.732057]
[0.670892, 0.588442, -0.323281, 0.314847, -23.205457, -17.488494, 1.697514]
[0.668366, 0.593467, -0.326872, 0.306984, -22.332044, -17.311181, 1.835565]
[0.664310, 0.594005, -0.326603, 0.314929, -21.643557, -17.674844, 1.581228]
[0.662049, 0.597011, -0.330988, 0.309381, -20.764098, -17.588699, 1.747531]
[0.667977, 0.591507, -0.314736, 0.323831, -20.131545, -17.893094, 1.482647]
[0.655381, 0.604295, -0.321686, 0.319094, -19.225750, -17.828047, 1.781465]
[0.665905, 0.594171, -0.320936, 0.317066, -18.482603, -18.064309, 1.507602]
[0.662295, 0.610257, -0.314908, 0.299642, -17.773808, -18.247233, 1.645731]
[0.672125, 0.603369, -0.322315, 0.283384, -17.040541, -18.506951, 1.386512]
[0.664583, 0.616472, -0.318130, 0.277643, -16.171541, -18.488807, 1.798854]
[0.678796, 0.599680, -0.296549, 0.302785, -15.446940, -18.719218, 1.735135]
[0.682258, 0.610179, -0.277146, 0.292226, -14.674403, -18.851122, 1.782683]
[0.692379, 0.603898, -0.280314, 0.278104, -13.953789, -19.207257, 1.497858]
[0.681456, 0.624408, -0.273558, 0.266266, -13.057288, -19.030974, 1.810387]
[0.704001, 0.610005, -0.241154, 0.272250, -12.431570, -19.402619, 1.431984]
[0.693521, 0.622262, -0.240803, 0.271722, -11.624243, -19.338281, 1.814680]
[0.699763, 0.614805, -0.249096, 0.265139, -10.880652, -19.515416, 1.592769]
[0.685823, 0.620507, -0.260538, 0.277014, -10.013308, -19.465902, 1.787279]
[0.675973, 0.620264, -0.275882, 0.286744, -9.307181, -19.779749, 1.694278]
[0.676746, 0.617637, -0.286078, 0.280533, -8.519983, -19.774672, 1.733770]
[0.675097, 0.617984, -0.293334, 0.276213, -7.707132, -20.059667, 1.770922]
[0.683017, 0.619273, -0.274006, 0.273695, -6.954472, -20.083193, 1.722779]
[0.680475, 0.622691, -0.280335, 0.265749, -6.066286, -20.419237, 1.716882]
[0.691343, 0.622567, -0.265085, 0.253348, -5.262388, -20.345740, 1.692534]
[0.694964, 0.621020, -0.264645, 0.247632, -4.416381, -20.568274, 1.631511]
[0.684884, 0.642896, -0.243675, 0.241333, -3.555698, -20.520995, 1.779623]
[0.705244, 0.618915, -0.258309, 0.229897, -2.805892, -21.072321, 1.714146]
[0.694691, 0.638185, -0.237463, 0.231810, -1.987490, -20.890493, 1.861636]
[0.705685, 0.632248, -0.232591, 0.219484, -1.179256, -21.335031, 1.667385]
[0.703252, 0.637310, -0.224496, 0.221077, -0.370476, -21.255275, 1.828279]
[0.711608, 0.623632, -0.230885, 0.226693, 0.379013, -21.669740, 1.625053]
[0.713601, 0.626231, -0.214601, 0.229249, 1.083506, -21.726651, 1.746660]
[0.709856, 0.640837, -0.207730, 0.205622, 1.947420, -21.995034, 1.539901]
[0.694840, 0.670043, -0.184019, 0.185410, 2.661493, -21.929875, 1.822724]
[0.715452, 0.662323, -0.166462, 0.147471, 3.411407, -22.252066, 1.669250]
[0.725252, 0.656901, -0.154964, 0.135932, 4.161118, -22.404130, 2.041327]
[0.745584, 0.631868, -0.152950, 0.146471, 4.971774, -22.487978, 1.735610]
[0.754562, 0.635282, -0.117628, 0.114962, 5.595621, -22.657830, 1.909707]
[0.762913, 0.626378, -0.116315, 0.109933, 6.523833, -22.996992, 1.849588]
[0.753807, 0.633072, -0.127897, 0.120982, 7.166671, -23.053888, 2.065909]
[0.767716, 0.617736, -0.119398, 0.121484, 7.944351, -23.319791, 1.512887]
[0.762030, 0.629329, -0.110383, 0.105218, 8.768098, -23.637179, 1.859119]
[0.760152, 0.628127, -0.114325, 0.120644, 9.475024, -23.799671, 1.902305]
[0.764317, 0.624009, -0.124907, 0.104068, 10.242060, -23.992528, 1.948129]
[0.773540, 0.616034, -0.109236, 0.101024, 11.049388, -24.292776, 1.633273]
[0.767476, 0.629284, -0.084032, 0.089005, 11.757283, -24.567696, 1.973605]
[0.770357, 0.631764, -0.051220, 0.069288, 12.529689, -24.816962, 1.796000]
[0.761377, 0.645142, -0.040283, 0.049737, 13.162847, -24.937541, 1.803064]
[0.765807, 0.639588, -0.032936, 0.058154, 14.282715, -25.299586, 1.769999]
[0.766824, 0.641828, 0.003867, -0.004720, 15.018277, -25.450999, 1.829682]
[0.774158, 0.627282, 0.061298, -0.058652, 15.888016, -25.675248, 1.825791]
[0.778673, 0.624387, 0.014879, -0.059895, 16.426830, -25.769647, 1.637296]
[0.793274, 0.608049, -0.003072, -0.031360, 17.305088, -25.981876, 1.514049]
[0.774844, 0.630791, 0.007748, -0.040749, 18.297650, -26.072098, 1.845428]
[0.774135, 0.632433, 0.016429, -0.021778, 19.114576, -26.259264, 1.755660]
[0.778750, 0.626236, 0.022439, -0.029557, 19.626718, -26.414757, 1.781599]
[0.770176, 0.636402, 0.025889, -0.033941, 20.474994, -26.581537, 1.715441]
[0.771927, 0.633801, 0.017929, -0.045863, 21.092053, -26.727456, 1.713237]
[0.781069, 0.621953, 0.050066, -0.024458, 21.916758, -26.857009, 1.819166]
[0.780550, 0.621870, 0.047454, -0.042033, 22.657182, -26.913615, 1.823798]
[0.773800, 0.624942, 0.072365, -0.073780, 23.688416, -27.216405, 1.695531]
[0.767494, 0.621492, 0.102499, -0.119143, 24.217606, -27.321169, 1.673850]
[0.786723, 0.602585, 0.062049, -0.118778, 25.146194, -27.572525, 1.399887]
[0.774889, 0.615584, 0.075424, -0.122128, 26.000104, -27.543227, 1.692289]
[0.780266, 0.605864, 0.082360, -0.131645, 26.968623, -27.897530, 1.960345]
[0.775465, 0.606874, 0.095605, -0.145664, 27.726686, -27.917309, 1.852859]
[0.783922, 0.605803, 0.072652, -0.114851, 28.560854, -28.243059, 1.656036]
[0.771991, 0.601384, 0.102950, -0.178235, 29.470839, -28.381274, 1.747847]
[0.760884, 0.610587, 0.110309, -0.189924, 30.449776, -28.756481, 1.853763]
[0.739466, 0.621923, 0.146619, -0.211908, 31.032342, -28.702253, 1.814845]
[0.729756, 0.622890, 0.159885, -0.232165, 32.021251, -28.557701, 1.767918]
[0.715501, 0.638917, 0.169104, -0.226379, 32.374559, -28.803774, 1.688052]
[0.734385, 0.613951, 0.176648, -0.229212, 33.619752, -29.127399, 1.744170]
[0.720023, 0.626016, 0.175725, -0.242469, 34.433395, -29.220641, 1.894530]
[0.714380, 0.627302, 0.185701, -0.248331, 35.317838, -29.518294, 1.652304]
[0.700654, 0.654293, 0.161529, -0.234294, 35.764334, -29.382775, 1.579626]
[0.686506, 0.670103, 0.169653, -0.225585, 36.629541, -29.605544, 1.954797]
[0.703900, 0.651743, 0.167136, -0.227644, 37.226719, -29.931789, 1.602856]
[0.695218, 0.655710, 0.193652, -0.221844, 38.072191, -29.983433, 2.023823]
[0.694258, 0.662791, 0.170909, -0.222495, 38.699098, -30.202205, 1.606922]
[0.715271, 0.664481, 0.131422, -0.171989, 39.311314, -30.590434, 1.631193]
[0.707280, 0.670030, 0.146065, -0.171696, 40.294779, -30.262045, 1.925529]
[0.713186, 0.657622, 0.164026, -0.178871, 41.045486, -30.682359, 1.837153]
[0.711113, 0.673233, 0.130697, -0.154899, 41.507186, -30.772561, 1.543219]
[0.709004, 0.678202, 0.122767, -0.149276, 42.583733, -31.148673, 2.000705]
[0.696580, 0.677056, 0.157951, -0.177265, 43.612879, -31.131640, 2.058776]
[0.704503, 0.641374, 0.174683, -0.248597, 44.124544, -31.759509, 2.025405]
[0.674181, 0.659217, 0.205685, -0.261927, 44.846326, -32.140513, 2.048338]
[0.681911, 0.655975, 0.190647, -0.261433, 45.685916, -31.674662, 2.452373]
[0.682121, 0.671640, 0.160728, -0.240369, 46.158340, -32.040366, 1.576983]
[0.689956, 0.654990, 0.184732, -0.246622, 47.012622, -32.123869, 2.034306]
[0.689380, 0.665199, 0.195653, -0.209726, 47.458483, -32.517983, 1.865825]
[0.704627, 0.664601, 0.160221, -0.190093, 48.614774, -32.497446, 1.632638]
[0.702605, 0.663098, 0.171594, -0.192881, 49.077779, -32.592975, 1.924935]
[0.691631, 0.658619, 0.180512, -0.235125, 50.148641, -33.060285, 1.776467]
[0.679654, 0.665079, 0.196882, -0.238701, 50.509511, -33.299200, 1.738528]
[0.686212, 0.631095, 0.221818, -0.285708, 51.410409, -34.035272, 1.605123]
[0.678108, 0.640302, 0.230999, -0.277170, 52.284159, -33.759050, 1.628129]
[0.694545, 0.651188, 0.207732, -0.224518, 52.651438, -33.927015, 1.739615]
[0.688330, 0.660307, 0.188544, -0.233767, 53.337671, -34.528124, 1.470150]
[0.692081, 0.666151, 0.185048, -0.207419, 54.345687, -34.236350, 1.618328]
[0.684112, 0.662738, 0.207742, -0.222740, 54.950246, -34.587114, 1.648702]
[0.688117, 0.657981, 0.213514, -0.219016, 55.697766, -34.839988, 1.563339]
[0.664446, 0.660418, 0.237014, -0.257264, 56.480214, -35.043024, 1.723075]
[0.680043, 0.654926, 0.219559, -0.245780, 57.232421, -35.025240, 1.502953]
[0.675309, 0.672245, 0.201697, -0.226632, 57.959330, -35.412237, 1.441297]
[0.668702, 0.679099, 0.190964, -0.234936, 58.873408, -35.081007, 1.832640]
[0.669415, 0.685185, 0.183600, -0.220671, 59.209627, -35.713040, 1.419191]
[0.699969, 0.671412, 0.160549, -0.182958, 59.790336, -36.289884, 1.609196]
[0.685343, 0.662610, 0.206066, -0.220884, 60.767351, -36.188643, 1.539174]
[0.690417, 0.646561, 0.228059, -0.230807, 61.670009, -35.964148, 1.547626]
[0.674776, 0.638823, 0.252554, -0.269812, 62.425359, -36.550846, 1.541783]
[0.656638, 0.652980, 0.250476, -0.282321, 62.974726, -36.408518, 1.393487]
[0.641752, 0.647807, 0.263862, -0.314446, 64.055363, -36.696005, 1.747080]
[0.658275, 0.655277, 0.235458, -0.286085, 64.519984, -36.781989, 1.693645]
[0.611285, 0.675501, 0.263291, -0.317342, 65.383349, -37.558214, 1.522220]
[0.641561, 0.678695, 0.229120, -0.274367, 66.022410, -37.009684, 1.501345]
[0.624651, 0.674013, 0.263700, -0.293225, 66.903182, -37.597024, 1.761870]
[0.654435, 0.661645, 0.234021, -0.281380, 67.543072, -37.853361, 1.375500]
[0.648281, 0.669854, 0.221980, -0.285925, 68.349158, -37.823584, 1.412371]
[0.656101, 0.670104, 0.212684, -0.274333, 69.090633, -38.295722, 1.446950]
[0.631561, 0.664449, 0.255163, -0.307457, 69.877793, -38.258068, 1.688589]
[0.636145, 0.638867, 0.292725, -0.318561, 70.653635, -38.472841, 1.673464]
[0.650201, 0.622815, 0.301334, -0.313908, 71.342006, -38.586870, 1.596849]
[0.660811, 0.637939, 0.264897, -0.293586, 72.045994, -38.677635, 1.293038]
[0.653224, 0.642983, 0.272808, -0.292314, 72.886854, -38.971542, 1.659427]
[0.678825, 0.645491, 0.249053, -0.245990, 73.409006, -38.787894, 1.269161]
[0.654822, 0.664981, 0.241992, -0.265420, 74.180663, -39.272692, 1.671056]
[0.675798, 0.677447, 0.184573, -0.224266, 74.961959, -39.105738, 1.113821]
[0.686556, 0.660359, 0.187043, -0.239961, 75.339367, -39.897548, 0.899923]
[0.681157, 0.658662, 0.205549, -0.244824, 76.134862, -40.366852, 1.425800]
[0.677711, 0.655229, 0.217043, -0.253525, 77.184021, -40.998864, 1.983617]
[0.708220, 0.658545, 0.161296, -0.196792, 77.227309, -40.466798, 0.638578]
[0.723136, 0.664041, 0.127417, -0.141026, 78.055110, -41.757196, 1.772416]
[0.699013, 0.683039, 0.122620, -0.172636, 78.497264, -41.642593, 1.749448]
[0.693231, 0.687452, 0.152108, -0.153959, 79.293232, -42.179272, 1.537174]
[0.687216, 0.688730, 0.134844, -0.187620, 80.107396, -41.269057, 1.301610]
[0.676255, 0.691514, 0.183557, -0.175483, 80.679576, -42.981171, 1.690933]
[0.666162, 0.693679, 0.193293, -0.194100, 81.296046, -43.514991, 2.048095]
[0.701129, 0.671537, 0.167976, -0.170999, 81.688880, -43.725473, 1.541449]
[0.689340, 0.656925, 0.213970, -0.217891, 82.437181, -43.567202, 1.683157]
[0.677481, 0.631864, 0.247762, -0.283515, 83.869820, -44.269240, 1.467334]
[0.662139, 0.609144, 0.300114, -0.316934, 84.653721, -43.924327, 0.791126]
[0.671273, 0.604462, 0.292785, -0.313520, 84.697138, -44.484970, 1.193427]
[0.675549, 0.616140, 0.276191, -0.296182, 85.514718, -44.623726, 0.306098]
[0.694409, 0.643863, 0.190304, -0.258884, 86.305969, -43.937875, 1.077479]
[0.668909, 0.624730, 0.243889, -0.320612, 87.462170, -44.932490, 1.905784]
[0.670784, 0.617777, 0.253218, -0.322924, 87.970942, -44.118364, 1.850851]
[0.652982, 0.598089, 0.294915, -0.359068, 88.802838, -44.740111, 0.961261]
[0.643529, 0.596224, 0.272824, -0.394909, 89.253569, -44.210593, 2.259424]
[0.609342, 0.582649, 0.321567, -0.431064, 89.980703, -44.458769, 1.404199]
[0.625766, 0.607560, 0.289923, -0.393995, 90.441380, -44.519198, 0.690766]
[0.635543, 0.646733, 0.206157, -0.367860, 91.538858, -44.493985, 1.588877]
[0.621521, 0.647720, 0.241379, -0.368655, 91.623901, -44.407272, 1.458999]
[0.596852, 0.592237, 0.309447, -0.444145, 92.770472, -44.095908, 1.243756]
[0.607405, 0.574774, 0.335821, -0.433496, 92.948139, -44.026004, 1.200078]
[0.605417, 0.575723, 0.326223, -0.442257, 93.915472, -43.794138, 1.360823]
[0.609486, 0.582856, 0.348919, -0.408731, 94.110339, -43.603872, 1.170585]
[0.613926, 0.578791, 0.329899, -0.423393, 94.716140, -43.570409, 1.219343]
[0.623430, 0.587391, 0.313390, -0.409992, 95.315960, -43.556121, 0.429182]
[0.701154, 0.613271, 0.189196, -0.310623, 94.045424, -42.706223, -2.738007]
